(128, 1)
0046
0035
003A
003E
003A
0050
0040
004C
0041
0044
0031
0024
0026
002E
0030
0031
0034
0040
003E
0042
0042
0043
0040
0036
0040
0049
0044
0043
0048
0039
0045
0043
003B
003D
0043
0046
0044
0030
0038
0034
003D
0041
003D
0047
003A
003D
003C
0045
003C
0040
0044
0042
0047
0041
0045
003D
0039
0035
003B
003D
0040
0040
004C
0040
0040
003A
003E
003B
0044
003A
0040
0041
0032
004A
0040
0044
0040
0043
0034
0045
0045
005A
0048
0047
0043
0038
0048
0041
0035
003E
004C
0056
0049
0040
003E
0032
0042
0035
0046
003D
003D
0050
0040
0050
0041
0036
003E
0036
003A
0040
0039
002E
0031
0030
003D
0044
0047
0029
003A
003E
003A
0040
0048
0040
003C
003D
003B
0039
