(128, 1)
0043
0036
003B
003E
0039
0051
0041
0048
003F
0044
0032
0024
0026
0030
0031
0032
0035
003D
003F
0041
0040
0044
003E
0037
0040
004A
0044
0042
0047
0038
0047
0044
003A
0038
0041
0042
0040
002E
0037
0032
003E
0044
003B
0047
003B
003F
003A
0044
0040
0040
0046
0045
0047
0041
0046
003F
0039
0035
003A
003E
0041
0040
004D
003E
0040
003C
003F
003B
0044
003B
0040
0041
0030
004A
0040
0044
0040
0041
0035
0044
0045
0059
0047
0048
0042
0037
0048
0041
0034
003D
004B
0056
0049
0040
003E
0035
0045
0035
0044
003F
003E
0051
0040
0050
0043
0036
003E
0038
003E
0040
003A
002C
0030
0030
003E
0042
0045
0026
0037
003E
003C
0041
0048
0042
003D
003F
0039
0039
