(128, 1)
0043
0036
003A
003F
0037
0051
0042
0048
003F
0042
0033
0026
0029
0032
0031
0032
0037
003F
0040
0041
0041
0042
003F
0038
0042
004A
0046
0042
0047
003A
0048
0045
0038
0037
0041
0040
0040
002C
0036
0032
003E
0046
003B
0047
003B
003F
0039
0045
0040
0040
0047
0048
0047
0041
0045
003D
003B
0037
0039
003E
0041
0040
004D
003D
0040
003B
003E
003C
0044
003C
0041
0041
0031
0049
0040
0044
0040
0042
0035
0045
0045
0057
0048
0049
0040
0035
0048
0041
0036
003D
004B
0056
0049
0041
003F
0034
0043
0034
0045
0040
003F
0051
003F
0050
0043
0036
0040
0038
003E
0041
003A
002C
002F
0032
003E
0040
0043
0027
0037
003F
003D
0040
0048
0041
003E
0040
0039
003B
