(128, 1)
0045
0035
003A
003E
003B
0051
0041
0049
0040
0042
0032
0023
0025
002E
0030
0031
0035
0040
003D
0042
0041
0044
0040
0035
0042
0049
0043
0042
0047
0037
0045
0044
003D
003C
0042
0046
0044
002F
0038
0033
003F
0041
003C
0049
0039
003E
003D
0046
003C
003F
0043
0041
0046
0040
0046
003E
0039
0035
003C
003E
0040
0040
004B
003E
0040
0039
003F
003A
0042
003A
0040
0042
0030
004A
003F
0044
0040
0043
0035
0045
0044
0059
0048
0048
0043
0038
0049
0042
0035
0040
004D
0055
0047
0040
003F
0033
0042
0034
0044
003E
0040
0051
0042
0050
0040
0036
003E
0036
003B
003F
003A
002C
0032
0031
003C
0043
0046
0028
0038
003E
0039
003F
0049
0043
003C
003D
003C
003B
