(128, 1)
0044
0035
0039
003E
0039
0052
0040
0049
0040
0042
0033
0023
0027
002F
0030
0030
0034
003F
003E
0040
0040
0041
003E
0036
0040
0049
0044
0042
0048
0038
0047
0043
0039
003B
0042
0043
0040
002F
0039
0033
003E
0043
003B
0049
003B
003F
003B
0045
003E
003F
0045
0046
0047
0041
0046
003E
003A
0035
003B
003F
0041
0040
004D
003F
0040
003B
003E
003B
0044
003B
0040
0040
0031
004B
0040
0043
0041
0041
0035
0044
0045
0059
0049
0048
0043
0037
0047
0040
0033
003D
004C
0056
0049
0040
003E
0034
0044
0036
0043
003D
0040
0051
0040
0050
0042
0035
003E
0038
003A
0040
0038
002D
002F
002F
003C
0043
0045
0028
0039
003E
0039
0040
0047
0041
003C
003E
0039
0039
