(128, 1)
0043
0036
0037
0040
0039
0051
0041
0048
003F
0041
0031
0024
0028
0031
0030
0031
0035
003F
003F
0043
0043
0043
003F
0036
0042
004A
0046
0043
0047
003B
0048
0045
003A
003A
0040
0040
0041
002D
0035
0032
003E
0045
003A
0046
0039
0040
003B
0045
003F
0040
0045
0046
0048
0040
0046
003F
0039
0038
003A
003E
0042
003F
004D
003D
0040
003A
0040
003A
0042
003A
0041
0042
0032
0049
003E
0043
0040
0042
0034
0046
0046
0059
0048
0047
0042
0037
004A
0043
0036
003F
004C
0056
0048
0040
003D
0034
0043
0033
0045
0041
003D
0052
003F
0050
0041
0038
0040
0038
003C
0040
0039
0029
002F
002F
003D
0041
0043
0026
0039
0040
003C
0040
0049
0043
003D
003D
003A
003A
