(128, 1)
0028
003D
0046
003A
0045
0036
0031
003A
003F
0041
0041
0040
0046
004D
0050
0047
0037
004B
003D
0045
0043
0046
003F
0037
0032
0033
0038
0031
0032
0049
003D
0041
0052
003D
0047
003D
0048
0047
0040
0046
0046
0042
004F
003C
0045
004E
0049
005E
002B
0037
003D
0044
004C
0041
0037
0033
0052
0043
004B
0045
003F
0045
003D
0043
0047
0036
0043
003C
0040
0048
0049
003D
0042
0056
0041
0059
0042
0045
0040
004D
0049
0049
0047
0042
0041
0036
003C
0041
0038
003C
004C
0041
0058
0056
0039
003F
0031
003D
003E
0039
0041
0044
003F
0040
0039
003C
004A
0043
0049
003E
0037
003C
0053
003E
0046
0050
0046
0051
0048
0042
0029
0043
004A
0042
0046
004A
0037
003F
