(128, 1)
0043
0035
0039
0040
0039
0051
0040
0049
003F
0043
0033
0025
0029
0031
0031
0031
0038
0040
003F
0043
0041
0042
003E
0037
0043
004B
0044
0042
0048
003B
0048
0045
0038
0039
0042
0040
003F
002D
0037
0033
003D
0045
003B
0047
003B
003F
003B
0046
0040
0040
0045
0046
0048
0041
0045
003E
0039
0037
003A
003E
0041
0040
004D
003F
0040
003B
003D
003B
0044
003D
0041
0042
0030
004A
0040
0044
003F
0042
0035
0045
0046
0058
0048
0048
0041
0037
0049
0041
0036
003F
004B
0056
0049
0040
003D
0035
0044
0035
0046
0040
003D
0053
0040
0050
0042
0037
003F
0037
003E
0040
003A
002B
002F
0031
003D
0040
0043
0027
0037
003E
003D
0040
0048
0043
003E
003E
0039
003A
