(128, 1)
0043
0035
003A
003E
0039
0051
0042
0048
003F
0042
0032
0025
0029
0030
0030
0031
0035
0040
003F
0041
0042
0043
003F
0038
0040
004A
0045
0044
0048
003A
0048
0045
0038
003A
0042
0041
0040
002E
0037
0033
003D
0045
003C
0046
003B
003F
0039
0046
0040
0040
0046
0046
0047
0041
0045
003C
003A
0037
003B
003E
0040
0040
004D
003E
0040
003C
003D
003B
0045
003C
0041
0041
0032
004A
0040
0044
0040
0042
0035
0045
0046
0059
0047
0049
0040
0037
0049
0040
0035
003D
004A
0057
004A
0042
003E
0034
0044
0035
0046
003F
003F
0050
0040
0052
0043
0035
0040
0037
003C
0041
0038
002C
002E
0030
003E
0042
0044
0028
003A
003E
003C
0040
0049
0040
003E
0040
0039
0039
