(128, 1)
0028
003B
0044
003B
0045
0034
0033
003A
0040
0043
0040
0041
0044
004D
004E
0047
003A
0049
003D
0044
0044
0045
003F
0037
0033
0033
0038
0031
0033
004B
003D
0041
0052
003A
0046
003F
0048
0047
0040
0046
0046
0042
0050
003B
0043
004C
0049
005E
002C
0038
0039
0044
004D
0042
0037
0033
0050
0041
004A
0046
003F
0045
003F
0044
0046
0037
0044
003E
003F
0049
0048
003C
0043
0056
0041
0058
0043
0045
003F
004D
004A
0049
0047
0042
0041
0036
003D
0042
0037
003C
004B
0042
0057
0054
0039
0042
0032
003D
003E
0038
0042
0045
0040
003F
0039
003C
004B
0045
004C
0040
0036
003D
0052
0040
0046
0051
0045
0052
0047
0044
002A
0042
0049
0041
0048
004A
0038
003D
