(128, 1)
0042
0036
003B
003E
0039
0052
0042
0048
003F
0043
0031
0024
0027
002F
002F
0030
0035
0040
0040
0041
0040
0042
003D
0037
0041
004A
0045
0042
0047
0039
0047
0044
0037
0039
0041
0040
0040
002E
0038
0031
003F
0045
003B
0047
003D
003F
003A
0046
0040
0040
0047
0047
0047
0042
0048
003E
003A
0035
003A
003E
0041
0040
004D
003D
0041
003C
003E
003C
0044
003B
0040
0040
0031
004B
0040
0044
0040
0042
0035
0045
0047
0059
0048
004A
0040
0038
0048
0040
0035
003C
004B
0056
004A
0042
003F
0034
0045
0035
0044
003F
0040
0052
0040
0051
0043
0034
0040
0037
003E
0041
0037
002D
002F
0030
003D
0043
0043
0027
0039
003D
003A
0041
0048
0041
003E
0040
0039
003B
