(128, 1)
0042
0035
003B
003E
0039
0052
0041
0049
0040
0044
0031
0024
0027
002E
0030
0030
0034
003F
003E
0040
0040
0042
003E
0036
0041
0049
0046
0042
0048
0039
0046
0043
0039
0039
0042
0042
0041
002E
0038
0032
003F
0042
003C
0047
003C
003E
003A
0046
0040
003F
0046
0045
0047
0043
0047
003D
003B
0035
003B
003D
0041
0040
004D
003E
0040
003B
003E
003C
0045
003A
0040
0040
0031
004B
0040
0045
0040
0042
0034
0044
0047
0059
0047
004A
0040
0038
0047
0040
0034
003D
004B
0056
0049
0041
003E
0033
0043
0035
0044
003E
0040
0050
0040
0051
0042
0034
0040
0038
003C
0040
0037
002E
002F
0030
003D
0043
0044
0028
003A
003D
0039
0041
0048
0040
003D
003F
0039
003B
