(128, 1)
0045
0036
003A
003E
0038
0050
0042
0049
0040
0045
0032
0024
0027
0031
0030
0031
0036
003F
003F
0042
0041
0044
003F
0038
0041
004C
0045
0043
0046
003A
0049
0045
0038
0038
0042
0040
0040
002E
0037
0033
003E
0046
003B
0047
003C
003F
003A
0045
003E
0040
0047
0047
0049
0042
0046
003E
003A
0036
0038
003E
0042
0040
004E
003E
0040
003C
003E
003C
0045
003C
0042
0041
0031
004A
0040
0044
0040
0043
0035
0046
0045
0059
0048
0048
0042
0037
0049
0042
0036
003C
004B
0057
004C
0041
003D
0035
0045
0035
0044
0040
003D
0050
0040
0050
0042
0037
0040
0038
003E
0041
0039
002A
002F
0030
003E
0040
0042
0027
0038
003F
003D
0040
0049
0042
003E
003E
003A
0039
