(128, 1)
0029
003C
0045
0039
0045
0033
0031
0038
003F
0043
0041
0041
0045
004E
004E
0047
0038
004C
003E
0044
0043
0047
003E
0036
0031
0033
0038
0032
0032
004A
003C
0040
0051
003C
0045
003C
0048
0047
0040
0046
0046
0042
004E
003D
0045
004E
0048
005F
002A
0037
003C
0044
004D
0042
0038
0031
0050
0040
004B
0045
003F
0043
003E
0042
0046
0035
0044
003D
003F
0049
0047
003D
0041
0056
0041
0058
0044
0046
0040
004C
004B
0049
0047
0041
0042
0034
003D
0043
0036
003D
004A
0041
0057
0056
003B
0040
0032
003B
003E
0039
0043
0043
0040
0040
0039
003C
004C
0043
004C
003F
0038
003B
0052
0040
0046
0051
0045
0050
0047
0044
0029
0044
0049
0041
0046
004A
0037
003F
