(128, 1)
0027
003C
0045
0039
0045
0033
0031
0039
003F
0043
0040
0041
0046
004D
004E
0048
003A
004A
003E
0044
0044
0047
003F
0037
0033
0034
0038
0030
0032
004A
003D
0041
0053
003B
0044
003D
0047
0048
0041
0046
0044
0044
004F
003B
0044
004E
0048
005F
002C
0039
003B
0044
004C
0043
0037
0033
0051
0041
004B
0045
0040
0044
003D
0044
0046
0036
0045
003D
003F
004A
0048
003C
0043
0055
0040
0059
0043
0045
0040
004C
0049
0049
0047
0043
0041
0035
003E
0042
0039
003C
004C
0041
0056
0055
003A
0041
0032
003C
003F
0038
0041
0043
0040
003F
0038
003B
004A
0044
004B
003F
0037
003C
0053
0040
0047
0051
0046
0052
0048
0042
0029
0043
0049
0041
0048
0049
0037
003F
