(128, 1)
0043
0036
003A
003F
003A
0051
0040
0047
003F
0044
0032
0024
0028
0031
0031
0031
0036
0040
003F
0041
0040
0043
003D
0036
0041
004A
0044
0041
0047
003A
0048
0044
0038
0039
0042
0040
0040
002D
0037
0033
003E
0044
003B
0047
003B
003F
003A
0045
003F
0040
0045
0046
0048
0042
0044
003E
0039
0036
003A
003E
0041
0040
004E
003E
0040
003C
003F
003C
0045
003C
0041
0042
0030
004B
0040
0043
0040
0042
0035
0046
0045
0058
0048
0046
0042
0037
0048
0041
0035
003E
004B
0056
0048
0040
003E
0035
0044
0035
0045
003F
003D
0053
0040
0050
0042
0037
0040
0039
003E
0040
0039
002C
002F
0030
003D
0040
0043
0027
0038
003E
003D
0040
0049
0042
003D
003E
0039
003A
