(128, 1)
0043
004D
0049
0038
0037
0037
003D
0040
002F
003B
0039
003E
0039
0040
003F
0040
003E
0037
0041
004A
003A
004B
0040
004A
0042
0042
0040
003B
0040
0044
0040
0039
0043
0048
0040
0041
0038
0046
003F
0039
003E
0033
0042
0044
0039
0041
0030
003D
0040
004F
0038
003B
0036
003F
0041
003B
0046
003E
0040
0040
003B
0040
0039
003D
0046
0041
0040
0039
003F
0040
0049
004C
003D
0044
0044
003E
0036
003A
0037
0040
003E
0043
0041
0046
0045
0040
0040
0036
0044
0037
003E
0040
0039
0046
0043
0045
0041
003F
0038
003B
0043
003D
0040
0038
003B
0038
0046
0037
0037
003C
0035
0037
0040
0040
0040
0032
002F
0033
0040
003C
0041
0043
003F
0040
003B
0047
003F
0038
