(128, 1)
0042
004D
0048
0039
0036
0038
003C
0040
002F
003C
0037
003D
0039
003E
0040
003F
003E
0038
0040
0049
003A
0048
0040
004A
0042
0041
0040
003E
0040
0045
0040
0039
0043
0048
0040
0043
0038
0045
0040
0039
003F
0034
0041
0044
0036
0041
0032
003D
0040
004E
0039
003D
0036
003C
003F
003C
0045
003E
0040
0040
003C
0041
003A
003E
0047
0041
003E
0038
003E
0040
0048
004E
003D
0045
0044
003E
0036
003C
0037
0041
003D
0043
0041
0044
0044
0041
0040
0035
0044
0038
003F
0040
0038
0045
0043
0047
0040
003E
0039
003C
0044
003D
0043
0038
003C
0038
0044
0034
0038
003D
0035
0036
0040
003F
0042
0033
0030
0035
0040
003C
0042
0044
0040
0042
003F
0046
0040
003A
