(128, 1)
0029
003C
0046
0039
0045
0035
0032
0039
0040
0042
0040
0040
0044
004C
004E
0047
0038
004B
003D
0043
0045
0047
003E
0036
0034
0034
0038
0032
0033
004B
003D
003F
0052
003B
0045
003E
0047
0048
0041
0046
0046
0043
0050
003B
0045
004F
0048
005F
002C
0036
003C
0044
004D
0044
0036
0031
0051
0040
004A
0046
003F
0043
003D
0043
0045
0035
0044
003E
003F
0049
0048
003D
0043
0055
0041
0057
0043
0044
0040
004C
0049
0049
0046
0042
0041
0035
003D
0043
0039
003B
004B
0041
0058
0056
003B
0041
0031
003E
003F
0038
0044
0044
0040
003F
0038
003B
004A
0043
004B
003F
0036
003B
0055
0041
0045
0051
0044
0051
0047
0044
0029
0044
004A
0040
0048
0049
0036
003F
