(128, 1)
0042
0036
003A
003F
0039
0052
0041
0049
003F
0041
0033
0024
0027
0031
002F
0031
0036
0040
003E
0042
0042
0043
003F
0037
0042
004B
0046
0044
0047
0039
0047
0045
0038
0039
0041
0041
0040
002D
0037
0032
003E
0046
003D
0047
003B
0040
003A
0047
0040
0041
0046
0047
0048
0040
0045
003D
003A
0038
003A
003E
0040
0040
004C
003D
003F
003B
003E
003B
0045
003B
0041
0041
0031
004B
0040
0045
003F
0042
0036
0046
0046
0059
0047
0048
0041
0036
0049
0041
0035
003D
004B
0056
004A
0041
003D
0035
0042
0034
0045
003F
003F
0051
0041
0051
0042
0035
003F
0037
003E
0040
0039
002D
0030
0030
003C
0042
0044
0028
0039
003C
003A
0041
0049
0040
003F
0040
003A
0039
