(128, 1)
0046
0034
0039
003F
003A
0051
0040
004B
0040
0043
002F
0023
0026
002E
0031
0030
0034
0040
003E
0042
0044
0042
0040
0037
0042
004A
0043
0043
0049
0036
0045
0044
003D
003E
0043
0047
0045
0031
0038
0034
003D
0040
003E
0046
0039
003E
003D
0046
003C
003D
0043
0043
0047
0040
0044
003D
003A
0036
003B
003D
0041
0040
004C
0040
0040
0039
003E
0039
0041
003A
0041
0041
0031
004A
0040
0044
0040
0044
0033
0043
0044
0059
0049
0047
0044
0038
004A
0041
0034
003E
004C
0056
004A
0040
003E
0032
0041
0034
0044
003E
003D
0051
0041
004F
0040
0035
003E
0036
0038
0040
0039
002E
0033
0031
003B
0044
0047
0029
0038
003E
0039
0040
0048
0043
003A
003D
003B
003A
