(128, 1)
0041
0036
003A
003E
0039
0053
0041
0047
003E
0042
0033
0023
0029
0032
0031
0031
0036
003D
0040
0041
0042
0042
003D
0036
0042
004A
0046
0042
0046
003B
0049
0046
0038
0038
0040
003F
0040
002C
0035
0032
003E
0046
003B
0046
003A
003F
003A
0046
0040
0040
0047
0048
0048
0043
0046
003F
0039
0038
0038
003E
0042
0040
004E
003E
0040
003C
003D
003C
0043
003B
0042
0042
0030
0049
003E
0043
003F
0040
0035
0045
0048
0058
0047
0049
0040
0037
004A
0041
0036
003F
004A
0056
0049
0040
003D
0035
0044
0035
0044
0040
003E
0052
003F
0051
0042
0036
0040
0039
003F
0040
0038
002A
002E
0030
003C
0042
0042
0025
0037
003E
003C
0041
0048
0044
003E
003F
0038
003B
