(128, 1)
0026
003D
0046
0039
0045
0033
0032
0039
003F
0043
0040
0042
0046
004D
004D
0048
0039
004A
003D
0045
0044
0047
003F
0037
0033
0034
0038
0030
0032
004B
003D
0040
0052
003C
0044
003D
0047
0048
0041
0046
0046
0044
004F
003B
0044
004D
0049
005F
002C
0038
003B
0044
004D
0043
0038
0033
0051
0040
004B
0045
0040
0044
003D
0044
0046
0036
0044
003C
003F
004A
0049
003C
0042
0055
0040
0059
0043
0046
003F
004C
0049
0049
0047
0042
0041
0036
003C
0042
0039
003C
004D
0041
0057
0055
0039
0041
0032
003D
003F
0038
0042
0044
0041
0040
0038
003B
004A
0044
004B
003F
0035
003C
0054
003F
0047
0051
0046
0052
0047
0043
0029
0042
0049
0041
0048
004A
0036
0040
