(128, 1)
0029
003B
0044
003A
0046
0033
0032
0038
0041
0042
0040
0040
0043
004D
004D
0049
0039
004A
003E
0043
0044
0046
003E
0036
0032
0035
0037
0030
0034
004B
003B
0040
0051
003B
0045
003D
0046
0047
0040
0046
0047
0043
0050
003B
0046
004E
0048
005F
002C
0036
003B
0044
004D
0041
0037
0031
0050
0040
004C
0045
003F
0042
003F
0042
0047
0036
0044
003E
003E
0049
0049
003D
0042
0054
0041
0058
0045
0044
0041
004C
004C
0049
0047
0042
0040
0036
003C
0042
0039
003C
004C
0043
0057
0054
003B
0042
0032
003E
003E
0036
0044
0043
0040
0040
0037
003C
004B
0046
004C
003F
0037
003C
0054
0040
0046
0051
0044
0051
0047
0046
0029
0042
0049
0040
0049
0049
0037
003E
