(128, 1)
0043
0034
0039
003F
003A
0051
0042
0048
003F
0044
0033
0024
0028
0030
0031
0031
0035
003F
003E
0041
0041
0042
003F
0038
0042
004B
0046
0043
0048
003A
0048
0046
0038
0039
0041
0040
0040
002C
0037
0032
003D
0046
003B
0046
003C
003F
003A
0046
0040
0040
0046
0048
0048
0042
0045
003F
0039
0037
0039
003E
0041
0040
004E
003E
003F
003B
003E
003B
0044
003B
0041
0040
0030
0049
0040
0043
003F
0041
0034
0046
0047
0059
0048
0049
0041
0038
0049
0041
0035
003C
004C
0057
004A
0040
003D
0035
0043
0035
0045
003F
003E
0052
0040
0050
0042
0035
0040
0038
003E
0041
0038
002B
002F
0030
003C
0042
0044
0026
0036
003E
003B
0041
0048
0042
003E
003F
0039
003A
