(128, 1)
0028
003B
0045
0039
0043
0035
0032
0039
0042
0042
0043
0042
0043
004C
0050
0047
0039
0049
003F
0044
0044
0046
003F
0038
0032
0032
0037
0032
0030
0048
003A
0040
0054
003B
0045
003D
0048
0047
0040
0047
0046
0043
004F
003D
0045
004D
0048
005F
002A
0036
003C
0044
004C
0041
0038
0032
0050
0042
004B
0045
0040
0045
003F
0043
0047
0036
0042
003D
003F
0048
0049
003C
0042
0056
0041
0058
0044
0048
0040
004F
004A
0049
0045
0040
003F
0035
003D
0040
0037
003C
004B
0040
0057
0054
0039
003F
002F
003D
003C
0039
0042
0043
003F
003F
0037
003B
004A
0043
004C
0040
0036
003C
0052
003F
0047
0051
0045
0051
0047
0041
0029
0043
004B
0042
0047
004B
0038
003E
