(128, 1)
0027
003C
0045
003A
0045
0035
0032
0038
0040
0043
0042
0041
0045
004E
004E
0047
0039
0049
003F
0046
0044
0046
003F
0038
0032
0034
0037
0032
0031
004A
003C
0042
0051
003C
0044
003D
0048
0047
0041
0047
0045
0044
004F
003B
0045
004C
0049
005E
002C
0037
003A
0045
004E
0041
0037
0032
0050
0041
004D
0046
003F
0046
003F
0044
0046
0036
0042
003C
0040
0049
0049
003B
0043
0056
0041
0058
0044
0046
0040
004E
004A
004B
0047
0042
0042
0035
003E
0041
0038
003E
004A
0042
0057
0053
003A
0040
0031
003D
003D
0039
0042
0043
0040
003F
0039
003A
004B
0043
004C
0040
0036
003C
0052
0040
0046
0051
0045
0051
0048
0044
0029
0043
004A
0042
0047
0049
0037
003E
