(128, 1)
0028
003A
0045
003B
0044
0034
0032
0039
0043
0042
0041
0041
0045
004D
0050
0048
0039
0048
003F
0045
0045
0045
003F
0038
0033
0032
0038
0031
0030
0049
003B
0040
0050
003B
0045
003D
0049
0047
0040
0047
0048
0044
0050
003E
0045
004F
0049
005F
002C
0037
003D
0045
004D
0042
0037
0031
0050
0041
004B
0045
0040
0042
003E
0043
0047
0037
0043
003D
003F
0048
0048
003B
0044
0055
0042
0059
0044
0047
003F
004F
0049
0048
0045
0040
0041
0035
003D
0041
0038
003C
004C
0042
0057
0055
003B
0041
002F
003D
003C
0038
0042
0043
003F
003D
0037
003D
004C
0044
004C
0040
0035
003A
0053
0040
0046
0051
0046
0052
0049
0043
002A
0043
004B
0041
0047
0049
0038
003F
