(128, 1)
003A
0041
0040
0040
003B
0040
0043
0042
0041
003B
003E
003C
0043
0036
003F
003A
0039
003C
003C
0035
0041
003F
0043
0046
003C
0044
0048
0046
0044
0040
0042
003B
0040
003D
0041
003D
0044
0040
003D
003F
003A
003E
0037
0045
0040
0047
003D
0038
0037
0042
0037
0045
0038
0043
003B
0049
0047
0040
0042
0042
0040
0040
0048
0039
0046
0043
0041
0040
0049
0045
0040
0040
0035
0034
0037
003C
0037
0040
0040
004B
0040
0037
0030
0046
003E
003A
003B
0039
003D
0043
003A
004B
0046
0040
0040
0035
003F
004A
0040
0042
003B
0042
0046
003E
0045
003B
0048
0040
0040
0042
0048
0049
0044
0042
0035
0041
0036
003D
0035
003E
0041
0041
003F
0046
003C
0043
003B
003D
