(128, 1)
0045
0035
0039
003F
003A
0051
0040
0049
0040
0042
0032
0024
0027
002F
0031
0031
0035
003F
003D
0040
0042
0043
003E
0037
0041
0049
0044
0042
0048
0038
0046
0045
003E
003A
0042
0045
0042
0030
0038
0034
003F
0042
003C
0047
0039
003E
003C
0045
003D
003E
0042
0043
0048
0040
0045
003E
003A
0036
003C
003E
0042
0040
004D
003D
0040
0039
003F
003B
0041
003B
0040
0040
0030
004A
0040
0043
0040
0042
0035
0046
0044
0058
0047
0049
0044
0037
0049
0041
0034
003F
004B
0056
0048
0040
003E
0032
0042
0035
0045
003E
003E
0051
0041
0050
0041
0037
003F
0038
003A
003F
0038
002C
0031
0031
003D
0043
0046
0028
0039
003D
003A
0040
0049
0042
003B
003E
003A
0039
