(128, 1)
0026
003C
0045
0039
0045
0033
0033
0039
0042
0043
0041
0040
0045
004C
004E
0049
003A
0049
003D
0045
0044
0047
003F
0035
0034
0035
0037
0031
0035
0049
003F
0041
0051
003C
0044
003D
0048
0048
0040
0046
0046
0045
004F
003B
0044
004E
004A
005F
002B
0036
003C
0045
004E
0041
0036
0031
0051
0040
004C
0046
003F
0044
003D
0043
0047
0036
0044
003C
003F
004A
0047
003D
0041
0055
0042
0058
0044
0045
0040
004D
0049
0049
0048
0040
0043
0034
003D
0044
0038
003E
004B
0042
0059
0056
003B
0042
0031
003B
003F
0039
0042
0044
0040
003F
0039
003B
004D
0045
004C
003F
0036
003C
0053
0041
0048
0051
0046
0053
0049
0044
002A
0043
0049
0040
0047
0049
0038
003F
