(128, 1)
0047
0036
003A
003E
0039
0050
0041
0049
0040
0043
0032
0024
0027
0030
0032
0032
0035
0040
003F
0043
0044
0044
0040
0037
0041
004A
0045
0043
0048
0039
0046
0045
003C
003C
0042
0044
0043
0030
0038
0034
003E
0044
003E
0047
003A
003E
003C
0046
003D
003F
0044
0043
0047
0040
0045
003D
003A
0036
003C
003E
0041
0040
004C
003C
0040
003A
003E
003B
0042
003A
0041
0042
0031
0049
0040
0043
0040
0044
0035
0047
0045
0059
0047
0047
0043
0037
004B
0043
0034
003F
004C
0056
0049
0040
003D
0033
0043
0034
0046
003F
003F
0051
0041
0051
0043
0037
0040
0037
003A
0040
003A
002B
0030
0031
003E
0043
0044
0028
0039
0040
003B
003F
0049
0040
003C
003E
003B
003A
