(128, 1)
0040
004A
0048
0033
0035
0037
0038
0044
0031
0040
0036
003E
003A
003A
003D
0040
0039
003B
003C
0047
003C
0042
0044
004B
0047
0041
0040
003D
003A
0045
0040
0037
0043
004B
003D
0044
003B
0048
0040
003D
0039
0033
0040
0045
0039
0041
0032
0040
003E
0049
0035
003E
0039
003C
003E
003B
0042
0040
003D
0043
003C
0042
003C
003E
0045
0043
0040
003D
0040
0042
0045
0049
0040
0045
0041
003F
0032
003E
0035
003F
0038
0041
0041
0047
0043
0045
0042
0035
0047
0039
003C
003B
0039
0047
0045
0049
0042
0040
0035
003B
0041
0039
0040
003B
0040
003B
0041
0032
003B
0036
0034
0035
003E
003B
0044
0039
002F
0032
0041
0039
0040
0040
0040
0046
003F
0048
0042
003D
