(128, 1)
0045
0035
0039
003E
003B
0052
0040
0049
0040
0041
0031
0023
0025
002F
0030
0031
0034
003F
003E
0041
0040
0042
003E
0036
0041
0049
0044
0043
0048
0038
0045
0043
003B
003A
0041
0047
0043
002F
0038
0032
0040
0041
003D
0046
0039
003D
003C
0046
003C
003F
0044
0043
0046
0040
0045
003E
003A
0036
003C
003F
0042
0040
004C
003F
0040
003B
003F
003B
0043
003A
0040
0042
0030
004A
003F
0044
0040
0042
0034
0044
0045
0059
0048
0049
0043
0037
0048
0041
0035
003F
004D
0056
0047
0040
003D
0032
0043
0036
0043
003E
0040
0050
0041
004F
0041
0034
003E
0037
0039
0040
0038
002E
0031
0030
003D
0043
0045
0027
0037
003D
0039
0040
0048
0041
003B
003E
003B
003B
