(128, 1)
0029
003B
0044
0039
0045
0034
0031
0039
0040
0043
0040
0040
0043
004C
004E
0049
0039
004A
003F
0042
0045
0046
003D
0037
0031
0035
0039
0031
0034
004A
003C
0040
0050
003A
0045
003C
0048
0047
0041
0046
0047
0042
004F
003C
0046
004E
0048
005F
002B
0037
003A
0044
004D
0042
0037
0032
0050
0040
004C
0045
003F
0042
003F
0042
0048
0036
0043
003F
003F
0049
0049
003D
0043
0054
0042
0058
0045
0044
0040
004D
004B
0049
0048
0043
0040
0035
003B
0043
0039
003B
004B
0042
0058
0054
003B
0042
0032
003E
003D
0037
0044
0043
0040
003F
0038
003D
004B
0045
004D
003F
0038
003C
0054
0040
0047
0051
0044
0050
0047
0046
0029
0043
004A
0041
0048
0049
0036
003F
