(128, 1)
0044
0036
0039
0040
003A
0050
0040
0049
0040
0041
0032
0024
0027
0031
0031
0031
0034
003F
003F
0044
0043
0043
0040
0038
0041
004B
0045
0043
0048
0039
0046
0046
003C
003C
0040
0043
0043
002F
0036
0032
003E
0043
003B
0047
0039
003F
003D
0046
003C
0040
0043
0044
0047
0040
0046
003F
0038
0037
003A
003D
0043
003F
004C
003E
0040
003A
003F
003B
0041
003A
0040
0041
0031
004A
003F
0044
003F
0043
0032
0047
0045
0059
0048
0046
0044
0037
004B
0043
0035
0040
004B
0056
0048
0040
003D
0034
0043
0034
0044
003F
003E
0052
0040
0050
0040
0038
003F
0038
003A
003F
0039
002B
0030
0030
003C
0041
0044
0027
0039
0040
003B
0040
0049
0042
003B
003E
003B
0039
