#(64, 8)
0000
0000
0000
0000
0000
0000
0000
0000
0000
0000
0000
0000
0000
0000
0000
0000
0000
0000
0000
0000
0000
0000
0000
0000
0000
0000
0000
0000
0000
0000
0000
0000
0000
0000
0000
0000
0000
0000
0000
0000
0000
0000
0000
0000
0000
0000
0000
0000
0000
0000
0000
0000
0000
0000
0000
0000
0000
0000
0000
0000
0000
0000
0000
0000
0000
0003
0000
FFE1
0000
FFEB
0000
0013
FFEC
0015
0000
FFF2
00A7
0000
0000
0000
FFFC
0000
0030
FFC1
0000
0000
FFE3
FFF5
0000
FFFF
FFFE
0000
0022
0000
0000
0002
0015
0002
FFF9
FFFF
FFA0
0000
FFDF
FFFF
0001
FFFF
0000
0000
0000
FFF7
0000
0000
0000
0000
0000
FFB5
FFEC
FFC9
0000
0068
FFFD
0000
0042
0000
0000
FFFF
FFFF
0001
FFFC
000D
0000
FFB3
FFFF
FFCA
FFFA
0063
FFF0
003E
0003
0030
03DD
FFFD
0002
FFFC
01F7
0005
0081
FEBA
0000
FFFF
0151
FFCA
0001
FFF1
FFF6
0004
FF44
FFFF
0002
0005
0032
0007
FFE1
FFF6
FE5C
0001
03A4
FFFB
0005
FFFC
0004
0001
0000
FE0D
0002
FFFE
0007
FFFC
0000
FFD3
013B
00A6
FFFB
01A6
FFF1
000A
FF3E
0001
0001
FFFA
FFFE
0008
0000
0000
0000
0000
0000
0000
0000
0000
0000
0000
0000
0000
0000
0000
0000
0000
0000
0000
0000
0000
0000
0000
0000
0000
0000
0000
0000
0000
0000
0000
0000
0000
0000
0000
0000
0000
0000
0000
0000
0000
0000
0000
0000
0000
0000
0000
0000
0000
0000
0000
0000
0000
0000
0000
0000
0000
0000
0000
0000
0000
0000
0000
0000
0000
0000
0001
0000
FFF5
0000
FFF9
0000
000A
FFFC
0008
0000
0000
005E
0000
0000
0000
000A
0000
0012
0000
0000
0000
FFFE
FFFA
0000
FFFF
0000
0000
0004
0000
0000
0001
0007
0001
FFFC
0000
FFD9
0000
FFF0
0000
0000
0000
0000
0000
0000
FFEC
0000
0000
0000
0000
0000
FFD7
0004
FFF2
0000
0042
FFFF
0000
0024
0000
0000
0000
0000
0000
0000
0000
0000
0000
0000
0000
0000
0000
0000
0000
0000
0000
0000
0000
0000
0000
0000
0000
0000
0000
0000
0000
0000
0000
0000
0000
0000
0000
0000
0000
0000
0000
0000
0000
0000
0000
0000
0000
0000
0000
0000
0000
0000
0000
0000
0000
0000
0000
0000
0000
0000
0000
0000
0000
0000
0000
0000
0000
0000
0000
0000
0000
0000
0000
0000
0000
0000
0000
0000
0000
0000
0000
0000
0000
0000
0000
0000
0000
0000
0000
0000
0000
0000
0000
0000
0000
0000
0000
0000
0000
0000
0000
0000
0000
0000
0000
0000
0000
0000
0000
0000
0000
0000
0000
0000
0000
0000
0000
0000
0000
0000
0000
0000
0000
0000
0000
0000
0000
0000
0000
0000
0000
0000
0000
0000
0000
0000
0000
0000
0000
0000
0000
0000
0000
0000
0000
0000
0000
0000
0000
0001
0000
0000
0000
0000
0000
0000
0000
0000
0000
0000
0000
0000
0000
0000
0000
0000
0000
0000
0000
0000
0000
0000
0000
0000
0000
0000
0000
0000
0000
0000
0000
0000
FFFF
0000
0000
0000
0000
0000
0000
0000
0000
0000
0001
0000
0000
0000
0000
0000
0000
0000
0000
