(128, 1)
0043
0048
0045
0047
0045
0042
0045
0044
0050
0050
0050
0052
0050
0050
0050
004D
0056
0054
0056
0054
0057
0055
0056
0056
0020
0025
0020
0022
0022
0023
0024
0022
0046
004A
0047
0045
0046
0046
0049
0045
004C
004B
004D
004B
0047
0049
004C
004C
0056
0053
0056
0055
0056
0057
0055
0056
002E
0031
002D
002D
0030
0030
002A
002E
0048
0047
0045
0046
0045
0049
004B
0047
005F
0060
005F
0061
0061
005F
0062
005F
0042
0040
0040
003F
0042
0040
0042
0040
0040
003C
003F
003F
003F
003F
003F
003E
0047
0049
0043
004A
0047
0049
0044
0045
004A
004E
004F
004C
004C
0049
004E
004D
0062
0064
0062
0065
0062
0064
0064
0061
0038
0038
0034
0038
0039
0036
0039
0037
