(128, 1)
0042
0049
0046
0048
0046
0042
0044
0044
0050
004F
004F
0052
0051
0050
004E
004C
0056
0056
0058
0055
0056
0054
0056
0056
0020
0024
0020
0022
0020
0023
0024
0021
0046
004A
0046
0045
0047
0046
004A
0044
004B
004B
004D
004A
0048
0049
004B
004A
0055
0053
0055
0055
0056
0057
0056
0056
002D
0032
002D
002C
0030
002E
002A
002E
0048
0047
0045
0044
0045
0049
004B
0048
005F
0061
005E
0061
0062
0060
0062
005F
0043
003F
0042
003F
0042
0040
0042
0040
0040
003C
0040
003F
003F
003F
003F
003E
0047
0048
0043
004B
0047
0048
0045
0045
004A
004F
004F
004C
004B
0049
004D
004C
0062
0064
0062
0065
0061
0064
0064
0060
0038
0037
0034
0038
003A
0038
0038
0039
