(128, 1)
0040
0049
0047
0049
0044
0040
0044
0043
0050
004F
004F
0053
0051
004F
004E
004C
0056
0055
0059
0055
0056
0055
0056
0055
0020
0025
0020
0022
0021
0023
0024
0023
0046
004B
0045
0044
0047
0046
004B
0043
004A
004B
004E
004A
0048
0049
004C
004A
0056
0051
0054
0054
0056
0057
0055
0056
002E
0031
002C
002B
002F
002F
0029
002E
0048
0047
0044
0044
0044
0049
004C
0048
005F
0060
005F
0060
0062
0061
0062
005F
0043
0040
0042
003F
0041
003F
0043
0040
0042
003B
0041
003E
003F
003F
0040
003F
0046
0047
0041
004C
0047
0049
0046
0044
004A
0050
0050
004A
004B
0048
004D
004B
0062
0064
0061
0066
0060
0064
0064
0060
0038
0037
0034
0039
003A
0038
003A
003A
