(128, 1)
0048
0042
0042
0044
004A
0048
0047
0044
0051
004E
0052
004F
004E
0050
0053
004F
0056
0053
0052
0052
0058
0053
0056
0055
0022
0023
0024
0022
0024
0023
0024
001F
0046
0048
004C
0049
0047
0047
0047
0048
004F
004A
0049
004E
0045
004D
0048
004F
0056
0058
005A
0057
0055
0056
0057
0056
002B
0030
002C
0030
0032
0032
0030
002E
0049
0047
004B
0047
0049
0048
0047
0045
005F
0061
0060
0060
005F
005D
0060
005F
0041
003D
003F
003F
0042
0042
0042
003F
003B
0040
003C
0040
003F
0041
0040
003C
0045
004B
0048
0046
0046
0049
0041
0049
004A
004B
0049
0051
0049
004D
004E
0050
0063
0064
0066
0062
0064
0062
0063
0062
0038
0039
0034
0034
0037
0034
0035
0033
