(128, 1)
0042
0048
0045
0047
0044
0042
0045
0042
0050
0050
0050
0051
0050
0050
0050
004D
0056
0054
0056
0054
0056
0054
0056
0055
0021
0026
0022
0023
0022
0024
0025
0023
0045
004A
0047
0045
0046
0046
0049
0044
004C
004A
004C
004B
0046
0049
004A
004B
0056
0054
0056
0055
0056
0057
0056
0056
002E
0032
002E
002E
0032
0031
002D
002F
0048
0046
0045
0045
0045
0049
004B
0047
005E
005F
005E
005F
0060
005F
0061
005E
0043
0040
0041
003F
0042
0040
0043
0041
003F
003C
0040
003F
003F
003F
003F
003E
0045
0048
0042
0049
0046
0048
0043
0044
0048
004E
004C
004A
004A
0048
004C
004C
0061
0063
0061
0064
0060
0062
0062
0060
0038
0038
0035
0038
0039
0038
003A
0039
