(128, 1)
0042
0048
0047
0047
0044
0042
0044
0045
0050
004F
004F
0053
0052
004F
004E
004D
0056
0056
0058
0055
0057
0055
0056
0056
0021
0024
0020
0022
0021
0023
0024
0022
0046
004A
0047
0045
0047
0046
0049
0044
004A
004A
004D
004A
0048
0048
004B
004A
0055
0052
0056
0054
0056
0059
0056
0056
002D
0032
002C
002D
0030
002F
0029
002E
0048
0047
0045
0045
0044
0049
004C
0047
005F
0061
005E
0060
0062
0060
0062
005F
0043
0041
0043
0040
0042
0040
0042
0040
0041
003C
0040
003E
003F
003D
003F
003E
0047
0048
0043
004B
0048
0048
0045
0044
0049
004F
004E
004C
004A
0047
004D
004B
0062
0064
0062
0065
0061
0064
0064
0060
0038
0037
0034
003A
003A
0037
0039
0039
