(128, 1)
0043
0047
0045
0047
0046
0043
0045
0044
0050
004F
0050
0051
004F
0050
0050
004D
0056
0055
0056
0054
0057
0054
0056
0055
0020
0024
0022
0022
0021
0023
0024
0022
0046
004A
0048
0046
0046
0046
0049
0045
004C
004A
004C
004B
0047
004B
004C
004C
0056
0054
0056
0056
0056
0057
0056
0056
002D
0031
002D
002D
0030
0030
002C
002E
0048
0047
0047
0045
0046
0049
004A
0047
005F
0061
005F
0060
0061
005F
0062
005F
0042
003F
0041
003F
0041
0040
0042
0040
003F
003E
003F
003F
003F
003F
003F
003E
0046
0049
0045
0049
0047
0048
0044
0046
004A
004E
004D
004D
004B
004B
004D
004D
0062
0064
0062
0064
0062
0064
0064
0061
0038
0037
0034
0036
0038
0036
0038
0037
