(128, 1)
0047
0043
0044
0043
0048
0047
0046
0046
0051
004E
0052
0050
004F
004F
0050
004F
0056
0054
0054
0055
0057
0053
0056
0056
0022
0023
0023
0022
0024
0023
0024
001E
0046
0049
004C
0049
0047
0048
0046
0047
004E
004A
0049
004E
0045
004B
0049
004D
0056
0057
005A
0056
0056
0058
0057
0056
002C
0031
002D
0030
0032
0031
002D
002E
004A
0047
004A
0048
0048
0048
0048
0044
005F
0061
005F
0061
005F
005E
0061
005F
0043
003F
003F
003F
0042
0044
0041
003F
003C
003F
003D
0040
003E
003E
003F
003D
0046
004B
0048
0047
0047
0049
0041
0047
0049
004B
0049
0051
0049
004A
004E
004E
0062
0064
0065
0062
0064
0062
0064
0062
0038
0038
0034
0036
0038
0034
0035
0034
