(128, 1)
0043
0046
0046
0046
0046
0044
0044
0045
0050
004F
0050
0052
0051
004F
004F
004E
0056
0055
0056
0055
0057
0055
0056
0056
0021
0024
0021
0022
0022
0023
0024
0020
0046
004A
0049
0046
0048
0047
0048
0045
004C
004A
004B
004B
0046
0049
004A
004B
0055
0055
0056
0056
0056
0059
0056
0056
002D
0032
002D
002E
0030
002F
002B
002E
0048
0047
0047
0046
0046
0049
004A
0046
005F
0061
005E
0061
0061
005F
0062
005F
0044
003F
0041
0040
0043
0042
0042
0040
003F
003E
003F
003F
003F
003D
003F
003E
0048
0049
0045
004A
0048
0048
0044
0045
0049
004E
004C
004E
004A
0049
004D
004C
0062
0064
0063
0064
0062
0064
0064
0061
0038
0038
0034
0038
0039
0037
0036
0037
