(128, 1)
0042
0045
0044
0044
0045
0042
0044
0043
004E
004D
004E
004F
004E
004E
004D
004C
0054
0052
0053
0052
0054
0052
0054
0053
0026
0029
0026
0026
0027
0028
0029
0024
0045
0049
0047
0046
0046
0045
0047
0045
0048
0046
0048
0048
0043
0045
0047
0047
0055
0055
0056
0055
0056
0058
0056
0055
0032
0037
0031
0032
0035
0034
0030
0033
0047
0046
0046
0045
0045
0048
0048
0045
005A
005C
005A
005B
005C
005B
005D
005B
0045
0041
0043
0040
0043
0042
0043
0041
003F
003E
003F
003F
003E
003F
003F
003F
0045
0047
0043
0047
0045
0047
0042
0044
0045
0049
0049
004A
0046
0044
0049
0048
005D
0060
005F
005F
005D
005F
005F
005B
003B
003B
0038
003B
003C
003A
003B
003A
