(128, 1)
0048
0043
0042
0043
0049
0047
0046
0045
0052
004E
0052
0050
004E
004F
0051
004F
0056
0053
0054
0053
0057
0054
0056
0056
0022
0023
0024
0022
0024
0023
0024
001E
0046
0048
004C
0049
0047
0048
0046
0047
004F
004A
0048
004D
0044
004C
0048
004D
0056
0057
0059
0058
0056
0057
0058
0056
002B
0031
002D
0030
0033
0032
002F
002E
0049
0047
004A
0048
0049
0049
0047
0044
005F
0061
0060
0061
005F
005E
0060
005F
0043
003D
003F
003F
0043
0044
0041
003F
003B
0040
003C
0040
003E
003F
003F
003C
0046
004A
0048
0046
0047
0049
0042
0049
0049
004A
0049
0051
0049
004C
004E
004E
0063
0064
0065
0062
0063
0062
0063
0062
0038
0039
0034
0034
0038
0034
0034
0033
