(128, 1)
0048
0043
0042
0044
0049
0047
0047
0045
0051
004E
0052
004F
004E
004F
0052
0050
0056
0052
0053
0053
0058
0054
0055
0055
0022
0023
0024
0023
0024
0023
0023
001F
0046
0048
004C
004A
0047
0047
0047
0048
004F
004A
0048
004D
0045
004D
0049
004E
0056
0057
0059
0057
0055
0057
0057
0056
002B
0030
002C
0031
0032
0032
002F
002E
0049
0047
004A
0048
0049
0048
0047
0045
005F
0061
0060
0060
005F
005D
0060
005F
0041
003D
003F
003F
0042
0042
0041
003F
003B
003F
003D
0040
003E
0040
003F
003C
0046
004B
0048
0046
0046
0049
0040
0048
0049
004B
004A
0051
0049
004C
004F
0050
0063
0063
0065
0062
0064
0062
0062
0062
0038
0039
0034
0034
0037
0033
0034
0034
