(128, 1)
0041
0049
0047
0048
0044
0040
0044
0045
0050
0050
004F
0052
0052
0050
004C
004C
0056
0056
0058
0056
0056
0055
0056
0056
0021
0025
0020
0022
0021
0023
0024
0022
0046
004C
0046
0045
0048
0047
0049
0043
004A
004A
004E
004A
0047
0048
004B
0049
0055
0052
0055
0054
0056
0059
0056
0056
002E
0032
002D
002B
002F
002E
0029
002E
0048
0046
0044
0044
0044
0049
004C
0048
005F
0061
005D
0060
0062
0061
0062
005F
0043
0042
0042
0040
0042
0040
0042
0040
0041
003C
0041
003F
003F
003D
003F
003F
0047
0048
0042
004D
0048
0048
0045
0044
0049
0050
0050
004B
004B
0048
004D
004A
0062
0064
0061
0065
0060
0064
0065
0060
0038
0038
0034
003A
003A
0039
0039
003A
