(128, 1)
0048
0043
0043
0042
0049
0047
0046
0046
0050
004E
0052
0050
004F
004F
0051
004F
0056
0054
0054
0054
0058
0054
0056
0056
0021
0022
0024
0022
0024
0023
0023
001D
0047
0048
004C
004A
0048
0048
0045
0047
004F
004A
0048
004E
0044
004C
0048
004D
0056
0057
005A
0057
0056
0058
0058
0056
002B
0031
002E
0030
0032
0032
002E
002E
004A
0048
004A
0048
0048
0048
0047
0044
005F
0061
005F
0060
0060
005E
0060
005F
0043
003E
0040
003F
0042
0044
0041
003F
003B
0040
003C
0040
003E
003F
003F
003C
0046
004B
0048
0047
0047
0049
0041
0048
004A
004B
004A
0051
0048
004B
004E
004E
0062
0064
0065
0062
0064
0062
0063
0062
0038
0039
0034
0035
0038
0034
0033
0034
