#(64, 64)
0.23690982162952423
0.1852315217256546
-0.17934520542621613
-0.7852380275726318
-0.17065615952014923
-0.169942706823349
0.15539874136447906
0.2406035214662552
0.17665931582450867
0.2504502832889557
-0.2806687355041504
-0.01904398389160633
-0.5632838606834412
-0.14106102287769318
-0.1425904780626297
0.5332716107368469
-0.11491367220878601
0.4525793194770813
-0.466792494058609
-0.047136977314949036
-0.2535621225833893
0.5812820792198181
-0.3340010941028595
0.09277206659317017
0.03664953634142876
0.8600067496299744
-0.012070724740624428
-1.265149474143982
-0.43197163939476013
0.054334789514541626
0.27699267864227295
-0.33460450172424316
-0.513107419013977
-0.007669289130717516
-0.1989731341600418
0.048667095601558685
-0.02344849705696106
-0.34341558814048767
0.01407890859991312
-0.0695534348487854
0.3717443645000458
0.2804626524448395
-0.01131506823003292
-0.12223321944475174
0.14737699925899506
0.15102633833885193
-0.0954291969537735
0.11441190540790558
-0.46156859397888184
0.1824871003627777
-0.05428038910031319
0.9336161017417908
0.04488449916243553
0.24850986897945404
-0.1381782442331314
0.11911758780479431
0.4962999224662781
-0.10780518501996994
0.11627217382192612
0.08944816142320633
-0.3144455850124359
-0.14198976755142212
0.09084117412567139
0.5238339900970459
0.5276878476142883
0.6443338394165039
1.0277763605117798
0.6325563192367554
0.02858174405992031
-0.19129705429077148
0.017349746078252792
1.280172348022461
0.28920358419418335
-0.7984012365341187
-0.4350093901157379
0.42232751846313477
-1.498813509941101
0.1074351966381073
0.05304741486907005
-0.26087281107902527
0.3217381238937378
-0.13957516849040985
0.5747156143188477
-0.09479967504739761
0.9866672158241272
0.1856427937746048
-0.8725690245628357
0.566275417804718
-0.9479782581329346
-0.7335166931152344
0.6372939348220825
0.1532493382692337
-1.1356507539749146
0.2737639248371124
1.4597567319869995
-0.6303292512893677
0.37817972898483276
0.4227086007595062
-0.527143657207489
0.05127377435564995
-0.7792062163352966
-0.23435498774051666
-0.14018131792545319
0.20377054810523987
-0.49912694096565247
-0.7007973194122314
-0.4809417128562927
0.5179533958435059
0.028818495571613312
0.0008677238947711885
-0.11967691034078598
-0.5164783000946045
-0.3272092640399933
-0.44661763310432434
-0.04885141924023628
0.4873775243759155
-0.5728378295898438
0.8128136396408081
-1.3541477918624878
-0.5118633508682251
0.33606478571891785
-0.5935133695602417
0.4693993031978607
-0.37524178624153137
-0.23659639060497284
1.3546688556671143
0.8673015236854553
-0.15633948147296906
0.9345561861991882
0.7610387802124023
-0.47742724418640137
0.29919198155403137
0.46222198009490967
0.2923329472541809
-0.3963111937046051
-0.29097098112106323
-0.14211000502109528
-0.141826331615448
0.836560845375061
-0.03218993917107582
0.3285875916481018
0.16842786967754364
-0.10503068566322327
0.3239653408527374
-0.5016176104545593
0.4862988293170929
0.1370532214641571
-0.025943661108613014
-0.3956241309642792
-0.12341003865003586
0.3349066972732544
1.540115237236023
0.4077209234237671
-0.21853497624397278
-0.3893846571445465
1.152706503868103
0.6303176283836365
0.07859048992395401
0.22975321114063263
-0.14519904553890228
0.15898457169532776
-0.07093545794487
0.2239781767129898
0.3080689013004303
-0.4025891423225403
0.2570980191230774
-0.5516147017478943
-0.0036276765167713165
-0.32354873418807983
0.4042091369628906
-0.4664610028266907
0.17559266090393066
0.25844326615333557
-0.13456964492797852
-0.2587417960166931
0.26394885778427124
0.2791362404823303
-0.3869285583496094
0.081257164478302
-0.5602526068687439
-0.184697225689888
-0.0943850576877594
0.4985196590423584
-0.20376776158809662
0.5071629285812378
0.39047569036483765
-0.01997392065823078
-0.11353170871734619
-0.5993421077728271
0.11971158534288406
-0.4600793421268463
-0.37543341517448425
-0.024341152980923653
1.0148980617523193
0.4464515745639801
-0.16091586649417877
0.8091225028038025
-0.0905977338552475
-1.0970182418823242
-0.13966020941734314
0.26767829060554504
0.14884665608406067
-0.3255276679992676
0.22052782773971558
-0.9208732843399048
0.5303176045417786
0.09899058192968369
0.02946113422513008
-0.09943518787622452
1.3134738206863403
0.013400716707110405
-0.012690166011452675
-0.006336985621601343
1.1089340448379517
-0.2844303846359253
0.11633992940187454
-0.02978544309735298
0.05727143585681915
0.12261123210191727
-0.3269258737564087
-0.7495993375778198
-0.34357714653015137
-0.017415476962924004
-0.35451623797416687
-0.28605368733406067
0.05567198991775513
-0.12481565028429031
0.085835300385952
0.2858457565307617
0.35239118337631226
0.6500219702720642
0.43127360939979553
-0.24896563589572906
-0.5706789493560791
-0.17284810543060303
-0.22938992083072662
0.2548811137676239
0.3250522017478943
-0.03753480687737465
0.14432424306869507
-0.1813107430934906
-0.39728212356567383
-0.011544710956513882
1.100014567375183
0.2895162105560303
0.25700297951698303
-0.2630234360694885
0.6216666102409363
-0.043996214866638184
-0.1297866851091385
-0.4382449984550476
-1.0955777168273926
-0.3590752184391022
0.22700093686580658
0.36579254269599915
-0.3302507996559143
0.923675537109375
0.5062931180000305
0.20138169825077057
1.0837924480438232
-2.033273458480835
-0.3457592725753784
-0.5772597789764404
-0.1510595679283142
-0.5328231453895569
0.15197676420211792
-1.1254876852035522
0.03212893009185791
1.2503867149353027
-0.16315749287605286
-0.13286763429641724
-0.06590081006288528
0.25937455892562866
-0.7805034518241882
-1.7517094612121582
0.07057226449251175
0.4317188262939453
-0.4440288543701172
0.30862221121788025
-0.9875204563140869
0.03047735057771206
-0.19033002853393555
-1.13614821434021
0.8751432299613953
-0.07816007733345032
-0.03093203343451023
0.19973546266555786
-1.4273295402526855
-0.4101119339466095
-0.18853802978992462
0.11299451440572739
-0.6046854853630066
0.1158495843410492
-1.143876075744629
-0.3385239541530609
-0.7042638659477234
-0.8346596956253052
-0.07287807762622833
0.17995108664035797
-0.10581554472446442
-0.4698562026023865
0.19253647327423096
-0.7188604474067688
0.17345282435417175
0.43634119629859924
-1.044661283493042
1.4782190322875977
-0.5989866852760315
-0.2635270059108734
-0.6276724934577942
-0.7132214903831482
0.43888503313064575
0.6644335985183716
0.5732723474502563
1.197750449180603
-0.8745198845863342
0.2489311397075653
0.3923487961292267
0.4595329761505127
0.156819149851799
0.10004816204309464
-0.472281277179718
-1.138132929801941
-0.7637966275215149
0.11068873852491379
0.04042312502861023
-0.16808198392391205
-0.5126751661300659
0.11638900637626648
-0.18155312538146973
0.36214736104011536
0.0203050896525383
-0.3084053695201874
0.057373180985450745
0.04131437465548515
-0.14654876291751862
-0.23172028362751007
-0.3004838228225708
0.31338080763816833
0.054734427481889725
-0.9106072783470154
0.2626185417175293
0.8298190832138062
-0.13615092635154724
0.4689624011516571
1.1075084209442139
0.14183445274829865
1.0693572759628296
0.5308085680007935
-0.25346946716308594
-0.15350943803787231
0.11229868233203888
0.11454509198665619
-0.30773770809173584
0.46481677889823914
0.157573401927948
-0.05573136359453201
-0.2751675844192505
-0.00768163800239563
-0.043178264051675797
-0.4939173758029938
0.3667010962963104
-0.4072946608066559
0.03424154594540596
0.3411690890789032
-0.2278607338666916
-0.2786920666694641
0.03152839466929436
-0.03504899889230728
-0.10362382233142853
0.2192862331867218
-0.14128392934799194
-0.7609069347381592
0.013752724044024944
0.05824407935142517
-0.5479801893234253
-0.7337146997451782
-0.1605975180864334
-0.5098881721496582
0.09606827050447464
-0.22034360468387604
0.735889732837677
-0.3650169372558594
-0.7563963532447815
-0.6798288822174072
-0.9944452047348022
0.9310900568962097
-0.9092156887054443
0.5945625305175781
-1.1425602436065674
-0.47579425573349
0.32038524746894836
-0.5991266369819641
-0.028425628319382668
-0.3386145234107971
-0.3220517933368683
-0.7180196046829224
-0.3328722417354584
0.09541681408882141
-0.28064611554145813
-0.24383436143398285
-0.6129927039146423
-1.5969839096069336
0.9804527759552002
-0.37624144554138184
-0.4846125841140747
0.09286780655384064
-0.6493338346481323
-0.100558802485466
1.3848248720169067
0.077609121799469
0.41833117604255676
-0.3731616139411926
0.30561789870262146
-0.3906184434890747
-0.15482273697853088
-0.16575181484222412
0.0891793966293335
-0.1553344577550888
-0.12097528576850891
0.8167052268981934
0.21781860291957855
-1.226134181022644
-0.18840686976909637
0.07502773404121399
-0.14679603278636932
0.4577552378177643
-0.2754383683204651
-0.37442997097969055
1.1829769611358643
-0.04718264192342758
0.5670134425163269
0.09187468141317368
0.5560081005096436
-0.33614081144332886
-0.03454789146780968
0.20082083344459534
0.011800398118793964
-0.0336659774184227
0.8670422434806824
-0.807365357875824
0.4693659842014313
-0.0011649460066109896
0.4301634430885315
-0.3562430441379547
-0.421682745218277
0.10274490714073181
-0.7451763153076172
-0.29654058814048767
-0.19229499995708466
0.15512634813785553
-0.29658204317092896
0.4842379689216614
0.3373817205429077
0.44754424691200256
-0.10041246563196182
-1.6606558561325073
0.07060639560222626
-0.7257203459739685
0.25412896275520325
-0.3274553716182709
0.0313233844935894
-0.6313908100128174
-0.21346881985664368
0.025129156187176704
-0.5146812200546265
-0.2815712094306946
-0.5289334058761597
0.9248353242874146
-0.2675422728061676
-0.785248875617981
-0.6525872349739075
-0.5501963496208191
1.2107280492782593
0.030434468761086464
0.28106561303138733
-1.1485899686813354
-0.038167234510183334
-0.3251116871833801
0.3892523944377899
-0.40514370799064636
-0.05636731907725334
-0.025776764377951622
0.19595526158809662
-0.3442244827747345
-0.004364820662885904
-0.2956386208534241
-0.15065370500087738
0.002263725036755204
0.08106546849012375
-0.14151370525360107
-0.4159834384918213
0.2253795713186264
0.03936950862407684
-0.5949998497962952
-0.2781394124031067
0.09821625053882599
-0.18773652613162994
-0.23216736316680908
-0.3539024591445923
-0.2760217487812042
0.21556894481182098
0.027720142155885696
0.08581149578094482
-0.3689064383506775
-0.2233276516199112
0.13764654099941254
-0.2404787391424179
0.3622705340385437
-0.34083959460258484
0.5596868395805359
-1.1733851432800293
-0.493704617023468
0.8384055495262146
0.22667597234249115
0.27586838603019714
0.4255605638027191
0.20184867084026337
-1.4544739723205566
-0.044423457235097885
-1.2127466201782227
-0.374563604593277
0.12094776332378387
0.07045949250459671
-0.27675700187683105
0.28354501724243164
0.35281553864479065
0.23809759318828583
-0.5532321929931641
0.34156090021133423
0.16522061824798584
0.018625514581799507
0.5259706377983093
0.6862202882766724
0.2063954770565033
-0.6493263244628906
-0.16765563189983368
1.5967628955841064
0.37150657176971436
-0.6110581159591675
-0.7035913467407227
0.5355135798454285
0.21846842765808105
-0.1600099802017212
-0.2632125914096832
1.0292272567749023
0.22916211187839508
0.3214026093482971
0.0727686733007431
0.62846839427948
0.08491367101669312
0.06372203677892685
0.9545711874961853
-0.1294478476047516
-0.6298689842224121
0.20961233973503113
0.38564160466194153
0.1818978488445282
1.1803724765777588
-0.22601968050003052
-0.46141576766967773
-0.10613817721605301
0.359170526266098
0.23369260132312775
0.20605984330177307
0.31515488028526306
-0.25260433554649353
-0.6813687086105347
0.9047481417655945
-0.6392527222633362
0.18426108360290527
0.23160947859287262
-0.09683842957019806
0.06854578852653503
0.07716189324855804
-0.8982545137405396
-0.8777068853378296
-0.6490788459777832
-0.2341977208852768
-0.2988680303096771
-0.9556282758712769
0.47053220868110657
0.21857595443725586
0.2954508662223816
-0.8283726572990417
0.7543793320655823
-0.08935911953449249
0.2781587243080139
0.40619131922721863
-0.29008257389068604
-0.4236237108707428
-0.006409269291907549
0.010693633928894997
-0.42134690284729004
-1.7246785163879395
-0.04511614143848419
0.44253596663475037
-0.6324083209037781
-0.2584921717643738
-0.7769913673400879
-0.4682953953742981
-0.17937824130058289
0.37960126996040344
0.9217873811721802
-0.08291973173618317
0.10334251075983047
0.46708613634109497
-0.4017866551876068
-0.0522848479449749
0.19541598856449127
0.03045184165239334
-0.5127814412117004
-0.3075314462184906
-0.4107671082019806
0.6086655259132385
-0.06848282366991043
-0.1486336588859558
0.25646522641181946
0.4371979236602783
-1.0959662199020386
-0.5270000100135803
0.2883826792240143
-0.10226460546255112
0.13622251152992249
-0.03973701596260071
-0.5788618922233582
0.7319920659065247
-0.44775471091270447
0.7141668200492859
-0.34870821237564087
0.16183865070343018
1.0927525758743286
0.492298424243927
-0.011049274355173111
0.7028900384902954
-0.8797102570533752
-0.4387938976287842
-0.07852751016616821
0.13001872599124908
-0.25070998072624207
0.447841078042984
0.4910581707954407
-0.2436099499464035
-1.205826759338379
-0.3673672080039978
0.5817277431488037
-1.4163049459457397
0.16927246749401093
0.14746315777301788
-0.05227699875831604
-0.46360206604003906
-0.1680954247713089
0.44466283917427063
0.15941105782985687
1.0313559770584106
-0.9497061967849731
-0.7229723930358887
0.36617302894592285
-0.656004786491394
-0.3144003450870514
0.5027069449424744
-0.43252769112586975
0.14788936078548431
-0.41844549775123596
0.3616631329059601
-0.9501290321350098
0.3569898307323456
-0.3880235552787781
0.29038387537002563
-0.25676822662353516
-0.09419279545545578
-1.201371669769287
-0.00746390363201499
0.3449154496192932
-0.30196869373321533
0.6110441088676453
0.28813204169273376
0.10409089922904968
0.02468261308968067
-1.0033358335494995
0.22167789936065674
0.18563224375247955
-0.4062838554382324
-0.3354097008705139
0.12347625941038132
-0.2638312578201294
-0.6780506372451782
-0.2021498680114746
0.15995846688747406
-0.4188149571418762
-0.6517252326011658
0.5012985467910767
-0.2824976146221161
0.11943279951810837
0.5467284917831421
0.0672822967171669
-0.7358316779136658
0.2638297975063324
-0.6212683320045471
-1.0244919061660767
-0.11097776144742966
0.20711813867092133
0.6404999494552612
-0.2186359316110611
0.33299151062965393
0.1918109655380249
0.007875118404626846
-0.20378229022026062
-0.329698383808136
-0.8236496448516846
-0.2915481925010681
-0.21614067256450653
-1.0151746273040771
-0.5800275802612305
-0.1465395987033844
0.1792260706424713
0.35400062799453735
0.5179732441902161
-0.5475777983665466
0.650137722492218
1.5181941986083984
0.33208149671554565
-0.20631693303585052
0.21172460913658142
-0.07593610137701035
-0.7622430324554443
-1.2489535808563232
0.003318947972729802
0.44780367612838745
0.7058011293411255
1.1533910036087036
-0.5228341817855835
-0.33591127395629883
0.2617865204811096
-0.16123656928539276
1.2776209115982056
0.02824530191719532
0.3089011609554291
0.03497150167822838
0.33634257316589355
-0.4830211400985718
0.2650594711303711
1.2145174741744995
-0.21233300864696503
0.44902676343917847
-1.3279757499694824
0.08277606219053268
1.0691101551055908
0.16725975275039673
-0.5094882249832153
0.13205188512802124
-0.8246040344238281
-0.31425946950912476
0.2658175230026245
1.0331553220748901
0.04775281623005867
-0.6960785388946533
0.9926455616950989
-0.7722405791282654
-0.1437481939792633
0.1518055498600006
-0.7546496391296387
1.396296739578247
0.715501606464386
-0.05192401632666588
1.064309000968933
-0.10297349095344543
0.3165756165981293
-0.4360252022743225
-0.164295956492424
-0.5284597873687744
0.1197994276881218
-1.6993374824523926
-0.33941027522087097
1.437426209449768
0.42894482612609863
1.085770606994629
1.0384747982025146
1.2817312479019165
-0.981350302696228
-0.6353985071182251
-0.5753433108329773
0.3162153661251068
0.6146845817565918
-1.1156412363052368
-0.3717925548553467
0.061577025800943375
0.2658097445964813
0.6894564032554626
-0.14346496760845184
0.3575989902019501
-0.655123770236969
0.4482017755508423
-1.8228859901428223
-0.9488722681999207
-0.10970231145620346
-0.1196136623620987
-0.11481618881225586
-0.14275576174259186
0.5395379066467285
-1.90614914894104
0.6670508980751038
-0.16458699107170105
-0.06528592854738235
1.1516450643539429
-0.32099050283432007
-0.20327039062976837
-0.7398526668548584
1.4012044668197632
0.8039382100105286
0.5285685062408447
-0.52896648645401
-0.017412791028618813
1.5312048196792603
-0.18294547498226166
0.8073692321777344
1.1216973066329956
-0.15438152849674225
-0.5335864424705505
-0.6628227829933167
1.0623430013656616
-0.7631227970123291
1.7836823463439941
1.5102075338363647
0.15177655220031738
0.8378626704216003
-1.5731568336486816
-0.38999268412590027
0.2534855604171753
-1.0375630855560303
0.3968689441680908
0.8125419616699219
-0.6352086663246155
-0.303134024143219
-0.061083514243364334
-0.08111114799976349
-0.3100179433822632
-0.3303501605987549
1.1272368431091309
0.019790688529610634
0.642098605632782
0.5591728687286377
0.017132731154561043
-0.45986104011535645
-0.24075856804847717
-0.5374857783317566
0.7424779534339905
1.007348656654358
-0.43864336609840393
0.17206306755542755
-0.1368142068386078
0.21002297103405
0.1878649890422821
-0.719430685043335
0.45939090847969055
0.7171440720558167
-0.8816916942596436
-0.3576103746891022
-0.3415957987308502
0.7697324752807617
-0.27102118730545044
0.07831808179616928
-0.4920872449874878
0.09062232077121735
-0.9308653473854065
0.06302423775196075
0.06092846393585205
-0.1514178067445755
0.8048142194747925
-0.11326500028371811
0.13164301216602325
-0.30776330828666687
1.029608964920044
1.499786615371704
0.39181995391845703
-0.47100546956062317
-0.36997753381729126
0.5199379324913025
-0.07078641653060913
-0.028273358941078186
0.4663883447647095
-0.06379605084657669
-0.24827668070793152
0.017326148226857185
0.304177850484848
-0.2677261233329773
0.13835270702838898
-0.5124822854995728
-0.962070107460022
0.12193957716226578
-0.6065677404403687
-1.005513310432434
0.6546013951301575
0.0221357811242342
0.16676545143127441
-0.7196436524391174
-0.132788747549057
0.590948224067688
-0.3856613337993622
0.34072208404541016
-0.5819163918495178
1.057524561882019
-0.7106032967567444
0.4300827980041504
-0.05727541446685791
0.6251111626625061
0.44636833667755127
0.5178626775741577
-1.778050184249878
-0.004187605809420347
-0.14415517449378967
0.2220037430524826
0.7041410207748413
0.22523736953735352
1.0665639638900757
-0.9649838209152222
-0.8387023210525513
0.28269118070602417
0.05463620647788048
0.10812422633171082
0.691848874092102
-1.447369933128357
0.6706993579864502
-1.176484227180481
0.6985729932785034
-0.16332581639289856
-0.09171315282583237
-0.2617304027080536
0.5240973234176636
-0.08742672204971313
-0.10563497245311737
2.148916721343994
0.07801453769207001
1.5631401538848877
-0.31476065516471863
0.8150339126586914
0.521005392074585
0.5510478019714355
-1.2330962419509888
-0.14158643782138824
-0.20534509420394897
-0.037726957350969315
0.8903924226760864
0.1831493079662323
-0.23158107697963715
0.43481865525245667
-0.8717105984687805
-0.5884840488433838
0.02147453837096691
-0.09291498363018036
-0.421333372592926
-0.2762223780155182
0.42896148562431335
0.0705728828907013
-0.17516261339187622
0.14348021149635315
0.6000866889953613
-0.09598992019891739
-0.3219009339809418
0.3616235852241516
-0.4980853796005249
0.4878741502761841
-0.49883952736854553
0.14374123513698578
-0.6673893928527832
-0.21383889019489288
-0.7690953016281128
0.39655399322509766
-0.8445207476615906
0.18455834686756134
-1.5688749551773071
0.2702587842941284
0.39740651845932007
0.2548918128013611
0.27366161346435547
-0.2603246867656708
0.8660989999771118
-0.28557464480400085
-0.6054267287254333
-0.5966940522193909
0.44147589802742004
0.7504568099975586
-0.66289222240448
-0.947920024394989
0.9834729433059692
-0.11401432007551193
0.09173628687858582
0.2221406102180481
-1.2006888389587402
-0.1526082307100296
0.3702910840511322
0.24392254650592804
0.4132397174835205
0.05277332663536072
-0.4499853551387787
-0.13398712873458862
-0.6173409223556519
0.22209349274635315
-0.2923923432826996
-0.016055583953857422
-0.854599118232727
-0.3016566336154938
0.6175746321678162
-0.9839081168174744
-0.098568856716156
0.7098513245582581
-0.35970738530158997
0.18091203272342682
0.27699005603790283
-0.10494045168161392
-0.5983138680458069
0.22015058994293213
0.22170810401439667
-1.1255817413330078
-0.18182484805583954
-0.6344693303108215
0.19372791051864624
0.6385427713394165
0.9412022233009338
-0.07060125470161438
-0.15080052614212036
0.3636590540409088
-0.03343984857201576
-0.9997511506080627
-0.24766826629638672
0.48673850297927856
0.8864408135414124
-0.02411685511469841
-0.12060710787773132
-0.042224328964948654
0.09859690815210342
-0.020739300176501274
-0.5423117280006409
-0.32254737615585327
-0.20190125703811646
0.02419816516339779
-0.4460846781730652
0.1645698994398117
0.49595677852630615
0.42529627680778503
-0.21726606786251068
0.15322910249233246
-0.14368094503879547
0.03709797561168671
-0.23549553751945496
1.1323953866958618
-1.1044291257858276
0.1160055547952652
0.13300339877605438
0.06809116899967194
0.16626808047294617
-0.43874597549438477
-0.27940893173217773
0.15812905132770538
0.16639968752861023
-0.08657556772232056
0.15110847353935242
-0.04494938254356384
0.4031807780265808
0.009593990631401539
-0.18120405077934265
-0.5693990588188171
-0.0219416506588459
0.10610871762037277
-0.42221295833587646
0.05913180112838745
-0.543915867805481
-0.03720042109489441
0.23981404304504395
0.22976647317409515
-0.06765136867761612
0.05885206535458565
-0.08789362013339996
-0.528073251247406
-0.315909743309021
0.9564331769943237
0.12173497676849365
-0.14801569283008575
-0.4121173322200775
-0.18225865066051483
-0.17450931668281555
-0.07639410346746445
-0.058443937450647354
-0.03236972913146019
-0.2745403051376343
0.058562930673360825
0.05447027087211609
-0.0663035586476326
-0.5344958901405334
0.31957271695137024
-0.2242794632911682
0.7747015953063965
0.00027364978450350463
0.25466036796569824
-0.4513143002986908
0.42269980907440186
-0.7845349907875061
-0.14581866562366486
0.03654416650533676
0.09763624519109726
-0.05224480852484703
0.09520014375448227
0.3311365246772766
0.061146970838308334
0.22689193487167358
0.18117012083530426
-0.07717473059892654
-0.1323137879371643
0.2967318594455719
0.5492812991142273
-0.16739358007907867
-0.23448072373867035
-0.756554901599884
0.4469873905181885
0.08499186486005783
-0.09496257454156876
-0.7063652873039246
0.444644957780838
-0.11729904264211655
-0.1484326720237732
0.5839682221412659
0.1372300088405609
0.04596632346510887
0.0038380459882318974
-0.5188888311386108
-0.9193660020828247
0.5729584693908691
0.010470261797308922
-0.149569571018219
0.025984011590480804
-0.8340286016464233
0.29106929898262024
-0.011518379673361778
-0.354698121547699
0.511277973651886
0.14275863766670227
-0.1142113134264946
-0.1584480255842209
0.2992880642414093
0.744337260723114
0.07085168361663818
0.3243815004825592
-0.6343674063682556
-0.20181941986083984
0.21616950631141663
-0.2520155608654022
-0.13544532656669617
-0.15689989924430847
-0.35692575573921204
-0.09671810269355774
0.08734197914600372
-0.6736745834350586
0.29737311601638794
1.1508750915527344
0.9837503433227539
1.0062283277511597
-0.1356716752052307
1.0695511102676392
0.4780253469944
-0.7678629755973816
-0.33977675437927246
-0.0695151537656784
-0.6879889369010925
0.49245157837867737
-0.10500047355890274
0.30510661005973816
0.20760349929332733
0.24791458249092102
0.47326943278312683
1.213285207748413
0.6879982352256775
0.24473267793655396
-0.22090402245521545
-0.400824636220932
-1.4145762920379639
-0.17949913442134857
-0.13150662183761597
0.4391683042049408
-0.016966750845313072
-0.34824708104133606
-1.0111445188522339
0.29745909571647644
-0.5178596377372742
0.23237888514995575
-0.046185631304979324
-0.21269531548023224
-0.07573466747999191
0.7020833492279053
-0.33309197425842285
-0.12700191140174866
0.9174086451530457
0.4797363579273224
-0.3674846887588501
0.26652511954307556
0.32833680510520935
0.22723332047462463
0.03900443762540817
0.11746246367692947
0.26333385705947876
-0.02288763038814068
-0.418879896402359
-0.7161317467689514
0.3122049570083618
0.4945102035999298
-0.13402722775936127
0.4404647946357727
-1.0810983180999756
-0.3605715036392212
1.019508719444275
-0.43810442090034485
0.19974784553050995
1.0358214378356934
0.06912557035684586
-0.6750734448432922
-1.0714845657348633
0.4717789888381958
-0.6522561311721802
0.269192636013031
0.6078463792800903
0.838675856590271
-0.1116948053240776
1.1489009857177734
0.06591559201478958
0.4551489055156708
-0.6464933156967163
0.8041663765907288
0.3184978663921356
-0.7833935618400574
-0.2020113617181778
-0.5925890803337097
-0.1899736225605011
-0.5111647248268127
-0.28496965765953064
-0.30597156286239624
-0.5936746001243591
-0.1967596858739853
0.7552927136421204
-0.24133270978927612
-0.5649192333221436
-0.10201679915189743
-0.31266462802886963
1.9323365688323975
-0.7382001876831055
-0.4256780445575714
-0.29559358954429626
-0.6518197655677795
0.20966097712516785
-1.1827256679534912
-0.18437273800373077
0.8973938226699829
-0.7748996019363403
0.03691093996167183
0.05424635484814644
-0.31583043932914734
-0.16677093505859375
-0.8286250829696655
-0.9032701849937439
-0.12341028451919556
-0.29471176862716675
-0.20818385481834412
-0.7812506556510925
1.1201908588409424
-0.49174240231513977
0.7347071170806885
0.6603428721427917
1.1131880283355713
-1.1899553537368774
-0.11418676376342773
0.028714850544929504
-0.36731067299842834
0.23201289772987366
0.042130254209041595
-0.41273054480552673
1.0067293643951416
-0.8861308097839355
0.3015788495540619
-0.5603743195533752
1.3710917234420776
1.0313342809677124
0.16676096618175507
-0.8833224773406982
0.4111039340496063
0.3041638135910034
0.29550355672836304
-1.0038713216781616
-0.9260432124137878
0.4462957978248596
0.6489469408988953
0.6681112051010132
0.18555831909179688
0.8703001141548157
-0.39082401990890503
-0.40399953722953796
-0.3272145390510559
0.37264484167099
0.2540333867073059
-1.1551415920257568
-0.10828158259391785
-1.3826490640640259
0.18512487411499023
0.4449637234210968
-0.8247665166854858
0.9221541285514832
-0.26907962560653687
-0.4721362292766571
-0.36713677644729614
-0.23296423256397247
0.06778966635465622
-0.6187375783920288
-0.11346650123596191
-0.8343567252159119
-0.7046818733215332
-0.42499279975891113
0.9011208415031433
0.7575820684432983
0.08307501673698425
0.4995906949043274
0.4596790373325348
-0.26701080799102783
-0.2927773594856262
0.03834943845868111
0.41389012336730957
0.5283470153808594
0.17640583217144012
0.6173421144485474
0.3115280568599701
-0.3369729518890381
-0.004885968752205372
0.8710418343544006
0.15672136843204498
-0.34620535373687744
0.1682058423757553
0.8785125017166138
-0.6781305074691772
-0.6374973058700562
0.47430112957954407
-0.24516111612319946
-0.11836379766464233
-0.5457490086555481
-0.11376731097698212
0.8338993191719055
0.48808664083480835
0.8417355418205261
-0.16746123135089874
-0.972350001335144
-0.1406310796737671
0.9386317133903503
-0.9606165885925293
0.6224702596664429
-0.6784324049949646
-0.1766773760318756
-0.03172080218791962
-0.059910956770181656
0.41150230169296265
0.3871990740299225
-0.6582493185997009
0.16894590854644775
0.41651439666748047
0.05881395563483238
-0.16358672082424164
0.021027659997344017
0.5606986284255981
0.057609863579273224
0.5106265544891357
-0.04896850511431694
0.36559179425239563
0.0417359434068203
-0.6315076947212219
0.20325979590415955
-0.049809716641902924
-0.20110364258289337
0.4542044699192047
-0.2737753093242645
0.2744576036930084
0.8528711795806885
0.1577395647764206
0.07065881043672562
0.1510690152645111
0.045840874314308167
-0.2781468331813812
0.20680120587348938
0.4961731433868408
-0.8280811905860901
-0.017554741352796555
-0.10756729543209076
0.05486258491873741
0.7758540511131287
-0.1257658451795578
0.05979958921670914
0.04784444347023964
-0.30429714918136597
0.5192599296569824
0.3823157846927643
-0.287158727645874
-0.5663920044898987
-0.9674233198165894
-0.0021122079342603683
-0.38785871863365173
0.5618589520454407
-0.646503746509552
0.18382081389427185
0.7295629382133484
-0.059582509100437164
1.3017899990081787
0.014727192930877209
-0.29392820596694946
0.08350197970867157
-0.48220986127853394
-0.29249024391174316
0.41483238339424133
0.352449506521225
-0.31897813081741333
-0.3062947690486908
0.7012728452682495
-0.19511942565441132
0.2660185396671295
-1.1261787414550781
0.24872995913028717
-0.7222813963890076
-0.04161805659532547
0.4608057141304016
-0.25707200169563293
0.5704324245452881
0.5375725626945496
0.2057942897081375
-0.376957505941391
-1.5744091272354126
0.5264149308204651
0.4287187159061432
-0.05330028384923935
-0.305649071931839
-0.21581217646598816
-0.41114363074302673
0.6113356947898865
-0.11716372519731522
-0.5074588656425476
-1.0268406867980957
-0.5305473804473877
-0.19555988907814026
-0.4232749938964844
-0.4158709943294525
0.06288576871156693
-0.13325709104537964
-0.3981183171272278
0.28898751735687256
-0.05058165639638901
0.5785783529281616
-0.5279354453086853
-0.011848161928355694
0.40877437591552734
0.2522048354148865
-0.5733048915863037
-0.5321105718612671
0.8491920232772827
0.18975281715393066
0.1858372688293457
0.472049742937088
-0.14733535051345825
0.03035125695168972
0.8999924063682556
0.42905473709106445
-0.06529300659894943
-0.6729596853256226
-0.13022321462631226
0.4195985794067383
0.3408465087413788
-0.48582226037979126
-0.29224589467048645
0.26283320784568787
0.3335554599761963
0.5196399688720703
-0.5984594225883484
-0.7535346746444702
-0.9957721829414368
-0.377755343914032
0.06543173640966415
-0.9026814103126526
0.583629310131073
1.351067066192627
0.32769566774368286
0.05779322236776352
0.2868770360946655
0.29796698689460754
0.013237858191132545
0.4566939175128937
-0.5134211778640747
-0.41561830043792725
-0.2763963043689728
0.0183948315680027
-0.6927565336227417
-1.5356440544128418
-0.07087916135787964
0.4647407531738281
-0.680866003036499
0.6628895998001099
0.13273848593235016
-0.39031240344047546
-0.3417492210865021
-0.1284985989332199
0.18372410535812378
-0.38177675008773804
-0.465599000453949
0.21248750388622284
-1.0105477571487427
-0.3805878162384033
0.04448378086090088
-1.066229224205017
-0.25312522053718567
0.020065130665898323
-0.0836566761136055
-0.2365717589855194
-0.5176407098770142
-0.21409405767917633
0.6624681353569031
0.0403585322201252
-0.23403707146644592
-1.3093558549880981
0.012216386385262012
0.13137836754322052
0.520576536655426
-0.03502693772315979
0.5640106797218323
-0.0016499686753377318
-1.068817377090454
0.24855637550354004
-0.12639878690242767
0.005533711984753609
0.5864407420158386
-0.04891817271709442
0.49556764960289
0.2056933045387268
0.164134681224823
0.17708609998226166
0.5122953057289124
0.046860285103321075
-0.09272852540016174
0.1371614933013916
-0.21846844255924225
0.7417883276939392
-0.5934421420097351
-0.8951827883720398
0.8146829009056091
-0.3694929778575897
-0.5352025032043457
-0.2315264642238617
0.21914254128932953
-0.16753427684307098
-0.10265874862670898
-1.1642273664474487
0.13393354415893555
0.159838005900383
-0.31302115321159363
0.4756174087524414
0.24756823480129242
0.32434484362602234
-0.15108487010002136
0.5820329189300537
0.38175028562545776
-0.6699731349945068
-0.809982419013977
-1.0276057720184326
0.1814481019973755
0.14318671822547913
1.0633251667022705
0.03449351713061333
0.3247389793395996
0.24024416506290436
-0.2809637188911438
-0.49274030327796936
0.7396731972694397
-0.4429028332233429
-0.15626990795135498
-0.26698607206344604
-0.014118904247879982
0.09501610696315765
-0.2472735345363617
-0.028374969959259033
0.3686600625514984
-0.42586857080459595
-0.21225416660308838
-0.6156734228134155
-0.15918514132499695
0.014017502777278423
0.12012813240289688
0.15596991777420044
-0.27511098980903625
0.025303147733211517
0.12754152715206146
0.05684167519211769
0.30194810032844543
0.018835309892892838
-0.5956077575683594
0.3577320873737335
0.18214057385921478
-0.019359713420271873
1.6207184791564941
-0.2540939152240753
0.5824974775314331
0.06542614847421646
-0.8037204146385193
-1.1005651950836182
-0.1546679437160492
0.9376669526100159
-0.4215771555900574
-0.14932358264923096
0.010126250796020031
0.6588208675384521
0.40862706303596497
-0.5130643844604492
-0.14121371507644653
0.09701866656541824
-0.0775308758020401
-0.929918646812439
0.22070984542369843
0.0640709400177002
2.0243101119995117
1.3000690937042236
-0.5305067896842957
-0.26862430572509766
-0.0030597078148275614
0.17365320026874542
0.9637670516967773
-0.5742417573928833
-0.5083968639373779
-0.9779325723648071
1.8538992404937744
0.23827555775642395
1.1206116676330566
-0.3447260856628418
0.5209558606147766
0.0672561377286911
0.006318866740912199
-0.8402279615402222
0.6143600940704346
-1.4121980667114258
-0.5440471172332764
-0.2989754378795624
0.9478264451026917
0.1890585571527481
-0.11094264686107635
-0.20980994403362274
-0.12010626494884491
0.15991172194480896
0.6152376532554626
-1.2222968339920044
0.3359542489051819
0.5309491157531738
0.24848657846450806
-0.3941881060600281
0.49107450246810913
0.24611404538154602
0.24132664501667023
-0.6533963084220886
0.4381774365901947
-0.273488312959671
0.136725515127182
-0.4972343146800995
-0.25419771671295166
-0.6143452525138855
0.27002209424972534
0.48897886276245117
0.6992761492729187
0.9708859920501709
-0.07181861996650696
-0.07130938023328781
0.1419665515422821
-0.21721717715263367
0.43114811182022095
0.4322926998138428
-0.5339526534080505
0.43610209226608276
-0.34952211380004883
-1.2935081720352173
-0.09728657454252243
0.6350493431091309
-0.2650124430656433
0.08708339929580688
0.010806288570165634
-0.4807397127151489
0.6207838654518127
0.18493439257144928
0.3818528354167938
0.6650862097740173
-0.06153649091720581
0.2837636172771454
0.09928634762763977
1.0726743936538696
0.8337243795394897
0.14038550853729248
1.6267879009246826
-0.2677730321884155
0.5347025990486145
-0.22587285935878754
0.05788687989115715
0.4785618484020233
-0.06112793833017349
0.26590418815612793
0.2637931704521179
0.41181322932243347
0.2184065729379654
0.2339896857738495
0.11038345843553543
-0.4988011419773102
0.07841911166906357
-0.28074005246162415
-0.05753357335925102
-0.6272948384284973
0.0016342756571248174
0.5141545534133911
-0.6348123550415039
-0.303542822599411
-0.12533655762672424
0.09995072335004807
0.5172224044799805
-0.37230128049850464
-0.5667288303375244
-0.7980658411979675
-0.1451255828142166
0.2710782587528229
-0.684175968170166
0.15229204297065735
0.2875775992870331
-0.5637258291244507
-0.5472941994667053
-0.9978653192520142
0.1080789864063263
0.34150055050849915
0.41689395904541016
-0.06814068555831909
-0.32772013545036316
-0.5874249935150146
-0.9261571764945984
0.03431624919176102
-0.15843403339385986
-0.45839396119117737
0.1586153358221054
0.8138958215713501
0.5013211369514465
0.23936708271503448
-0.29789310693740845
0.055494461208581924
-0.5617445707321167
-0.0026014053728431463
0.31750932335853577
-0.5264871716499329
-0.02215852215886116
0.15950144827365875
0.45785123109817505
0.13262870907783508
-0.8056182861328125
0.7194607257843018
0.2387954145669937
0.420073539018631
0.01329105719923973
-0.38930168747901917
-0.6775401830673218
0.8267168402671814
0.05807383731007576
0.1092241182923317
0.4276639223098755
0.13001994788646698
-0.4559210538864136
-0.010655920021235943
-0.30409732460975647
-0.23729924857616425
0.33453577756881714
-0.7006765007972717
0.20815207064151764
0.16043174266815186
0.20545662939548492
0.13841624557971954
-0.24732540547847748
0.5110117793083191
0.31134167313575745
-0.3852875530719757
0.5325728058815002
0.7134940028190613
-0.5188633799552917
-0.3342192769050598
-0.45194587111473083
0.0582449845969677
-0.25984394550323486
0.8258723020553589
0.3792033791542053
-1.4125068187713623
0.5024878978729248
-0.7479103803634644
-0.5500780940055847
0.008741296827793121
-0.7434263825416565
-0.8839149475097656
0.2465563416481018
-0.525952160358429
0.8597933053970337
0.16450364887714386
-0.5867335200309753
0.34230372309684753
-0.15831272304058075
-0.951217770576477
-0.0697539746761322
-0.8943975567817688
0.32582971453666687
0.09006834775209427
0.179454043507576
0.9820964336395264
0.42374876141548157
0.5474353432655334
0.27217215299606323
-0.37934932112693787
0.14446984231472015
0.06489317119121552
0.6845709681510925
0.22814716398715973
0.0837305411696434
0.4809093177318573
-0.33208131790161133
0.14087022840976715
1.1900434494018555
-0.18641385436058044
-0.019396375864744186
-0.2518281936645508
0.4279000461101532
-0.4734528362751007
0.2738063931465149
0.253655344247818
0.3861292898654938
0.03167028725147247
-0.9387103915214539
-0.45342445373535156
0.7144460082054138
-0.2550199329853058
0.35477012395858765
-0.28488367795944214
-0.1760517656803131
-0.826317310333252
-0.26573601365089417
0.7178983092308044
0.6443389058113098
-0.06659183651208878
0.2944954037666321
0.12021265178918839
-0.09136689454317093
-0.05580306425690651
0.676264226436615
-0.2866724133491516
0.2689226269721985
0.42876163125038147
0.0624353401362896
0.43808111548423767
-0.17855437099933624
-0.6300395131111145
-0.7020768523216248
-0.3532383143901825
-0.2578621208667755
0.19863782823085785
-0.6410213708877563
-0.2889834940433502
-1.1183185577392578
0.4821920096874237
-0.1805347204208374
0.13680753111839294
-1.3800851106643677
0.206210657954216
-0.2579788863658905
-1.2761268615722656
0.46621841192245483
0.3600904643535614
-1.4091784954071045
1.3801040649414062
-0.19348286092281342
-0.30130189657211304
-0.27383169531822205
-0.6734183430671692
-0.0852295458316803
-0.19755810499191284
0.8212785124778748
0.265354186296463
0.5019101500511169
-0.1843567192554474
-0.6521522998809814
-1.003055453300476
-0.5706828236579895
-0.35429510474205017
-0.08614404499530792
-0.5531495213508606
-0.6258617043495178
-0.9573914408683777
0.4726623296737671
-0.6366414427757263
0.36569124460220337
0.3015871047973633
-1.129767656326294
0.94976407289505
-1.6404021978378296
-0.034175630658864975
-0.2540038526058197
0.896305501461029
0.4813533425331116
0.604672372341156
0.2722218334674835
0.49572068452835083
0.6940624117851257
-1.3344290256500244
-0.03001481480896473
0.4106100797653198
-0.19910210371017456
-0.472450315952301
-0.25307995080947876
0.11810653656721115
0.029122987762093544
0.9319388270378113
0.5109434723854065
-1.0955017805099487
0.041147053241729736
0.4408264756202698
-1.7730423212051392
0.8170598745346069
-0.06234670802950859
0.25587889552116394
-0.6086165308952332
0.045133914798498154
-0.5052542090415955
-0.14989705383777618
-0.22702975571155548
1.0404400825500488
-0.467487096786499
-0.9216014742851257
0.22912070155143738
-0.0010650702752172947
-0.025355050340294838
-0.8158887624740601
0.19964434206485748
-0.6902688145637512
-0.18715959787368774
0.3001987040042877
-1.043190360069275
0.4444344639778137
0.10590729117393494
0.4531349241733551
-0.5819759368896484
0.2471017688512802
0.04053942486643791
0.03365917131304741
-0.9731172323226929
0.7443013787269592
-0.5532348155975342
0.2431832104921341
-0.5549150705337524
-1.1024482250213623
-0.4088635742664337
0.6027071475982666
-0.8357532024383545
0.3487507104873657
0.03702918440103531
0.8631433844566345
-0.4001675546169281
-0.05172816663980484
-0.5691118240356445
-0.9617946743965149
0.2823801338672638
-0.44486358761787415
-0.6962812542915344
-0.4144868850708008
-0.042133450508117676
-0.08823847025632858
-0.5681853294372559
0.019914943724870682
0.1771364063024521
0.26358261704444885
-0.9417906403541565
-0.684507429599762
0.3219219148159027
-0.06577742844820023
-0.09620067477226257
-0.273587167263031
-0.1638556271791458
-0.8047659993171692
0.2916669547557831
0.30341672897338867
-0.38554146885871887
0.03012186847627163
-1.2697768211364746
1.0243209600448608
-0.09092260152101517
0.2565893232822418
0.4065264165401459
0.7146076560020447
0.2473107874393463
-0.6050778031349182
0.21816308796405792
-0.8482338190078735
-1.4118390083312988
-0.41965895891189575
-0.5386728048324585
-0.10284686088562012
1.1165965795516968
0.18261407315731049
0.6484687924385071
0.7127849459648132
-0.42627638578414917
-0.15124809741973877
0.5616833567619324
1.3213192224502563
0.6660779714584351
0.2573091685771942
1.6421738862991333
-0.19073761999607086
0.1366596519947052
-0.553000271320343
0.6439976692199707
0.2245163768529892
-0.7190582752227783
-0.5632045865058899
0.5477020144462585
-0.6086005568504333
1.459011435508728
0.40240147709846497
-0.508388102054596
0.29096829891204834
0.2234073430299759
-0.0607428252696991
0.18415474891662598
1.0498473644256592
0.5601336359977722
-0.596019983291626
-0.41831034421920776
-0.8756920099258423
0.3195702135562897
1.0845379829406738
0.020212041214108467
0.9826090931892395
-0.44979575276374817
-0.294293075799942
0.7672895193099976
0.40602079033851624
0.23776228725910187
-0.6980522871017456
0.14302511513233185
-0.34576356410980225
-0.7980101108551025
1.0224450826644897
-0.8339681625366211
-0.034056052565574646
1.0984605550765991
-0.7126668095588684
0.3228301703929901
-0.007844687439501286
0.07453539967536926
-0.03872852027416229
0.24769200384616852
0.08168565481901169
0.5287941694259644
-0.43772125244140625
0.647637665271759
-0.11791396141052246
0.4377288818359375
-1.7381325960159302
0.39890459179878235
-0.226509228348732
-0.2666177451610565
-0.7600023150444031
-0.40630578994750977
-0.11859968304634094
0.6572858095169067
0.5291053652763367
-0.028666192665696144
0.036057621240615845
-0.43828150629997253
1.220045804977417
-0.7107356190681458
-0.733721911907196
-0.30614665150642395
-0.3821260631084442
2.8985633850097656
-0.229609414935112
-0.7057505249977112
-0.7303225994110107
-0.036040738224983215
0.16105343401432037
-0.4673132598400116
-0.9968392848968506
0.34502771496772766
-1.0971766710281372
0.7965681552886963
-0.08885344862937927
-0.03215726837515831
0.1456805020570755
-0.2516898214817047
-0.1292470246553421
0.36771878600120544
0.08644875884056091
-0.5371235013008118
-1.1515240669250488
0.7074635028839111
0.03986071050167084
0.6154410243034363
0.2439865916967392
0.10787352174520493
-0.3748661279678345
-0.0012368225725367665
0.03704893961548805
-0.20207922160625458
-0.15552008152008057
0.3361817002296448
0.6210194230079651
0.5332176089286804
-0.07318852841854095
0.11507701873779297
0.06512778997421265
-0.8148812055587769
0.9278414249420166
-0.13239231705665588
0.4188065528869629
0.8317585587501526
0.33750057220458984
0.022918960079550743
-0.31695616245269775
-0.2242485135793686
0.5397281646728516
-0.4085830748081207
-0.4320838153362274
-0.22617752850055695
0.4171023666858673
0.5497448444366455
-0.6892026662826538
0.4203639030456543
-0.1428363025188446
0.35748761892318726
0.7957115769386292
0.3133466839790344
0.220851868391037
-0.05719218775629997
-0.2745923101902008
0.08118961751461029
-1.5225900411605835
0.0029542932752519846
-0.17996500432491302
0.559833824634552
0.6083436608314514
0.3247959017753601
-0.3050582706928253
0.5804983377456665
-0.19576849043369293
0.5922791361808777
-0.20414960384368896
-0.8987206220626831
0.36572813987731934
0.3508427143096924
-0.9528594613075256
-0.2199047952890396
0.6569862961769104
0.3583422005176544
-0.494756817817688
0.7677885293960571
-0.08656767755746841
0.6385148763656616
-0.4514058828353882
-0.22203975915908813
0.49818891286849976
-0.28182023763656616
-0.6035152673721313
0.10138905048370361
-0.2915910482406616
0.22584669291973114
-0.5656079649925232
0.45962151885032654
-1.5245851278305054
-0.9615035057067871
0.456216424703598
-0.6067107319831848
0.06269246339797974
0.3215990364551544
0.29555776715278625
0.22762243449687958
-0.1567661017179489
-0.9000762104988098
0.09599879384040833
0.17298629879951477
0.6719634532928467
-0.7451286911964417
1.0754181146621704
0.9632174372673035
-0.37360233068466187
-0.5278263688087463
0.26623818278312683
-0.1493259221315384
0.09075400978326797
-0.7682532072067261
-0.26915380358695984
-0.05163932964205742
0.17217764258384705
-0.18096806108951569
-0.6876358389854431
0.23111242055892944
0.026776684448122978
0.44996562600135803
0.5098493695259094
-0.08433301746845245
-0.05058428272604942
-0.5825616121292114
0.6781412363052368
-0.8985512256622314
0.13414457440376282
-1.1835004091262817
-0.19184510409832
1.432921051979065
0.4894000291824341
0.2065218985080719
0.10103980451822281
0.2379884421825409
0.04137194901704788
0.18646055459976196
-0.18842485547065735
0.6882039904594421
0.3010801672935486
0.03505253419280052
0.5103169679641724
-0.6973477602005005
-0.029717126861214638
0.35734763741493225
0.019554011523723602
-0.5739958882331848
0.11735796928405762
-0.14314350485801697
0.26472967863082886
-0.30730634927749634
0.030920248478651047
0.1885441541671753
-0.3074692189693451
0.3839786648750305
0.2596283555030823
0.16066581010818481
0.31386473774909973
-0.11361689865589142
0.4609767496585846
-0.7088633179664612
-1.0160000324249268
0.22037643194198608
0.17924612760543823
-0.9277851581573486
0.5084004998207092
1.4271413087844849
0.7121555805206299
0.08285854756832123
0.37568384408950806
0.5259398221969604
-0.38938450813293457
-0.7094179391860962
0.35680603981018066
-0.023694081231951714
-0.5843564867973328
-0.39000236988067627
-0.7123268246650696
0.5314863920211792
-1.0194538831710815
0.9246286153793335
0.3215949535369873
0.9168230295181274
1.3772978782653809
-0.744560182094574
0.028065627440810204
0.3000091016292572
-0.7252642512321472
-0.20171256363391876
-0.05048343539237976
0.7309986352920532
0.44279175996780396
0.5976738333702087
-0.20026171207427979
0.3014000654220581
0.6248509287834167
0.39806434512138367
-0.14484864473342896
-0.13027268648147583
-0.39656010270118713
0.803524374961853
-0.6634247899055481
-0.8788049817085266
0.982701301574707
0.02654280513525009
0.9762875437736511
-0.28136205673217773
0.2524985373020172
-0.37367957830429077
0.24876892566680908
-0.09455490112304688
0.21995416283607483
-0.07448085397481918
0.03643959388136864
-0.8791431188583374
-0.017337094992399216
0.34480443596839905
-0.4255075752735138
1.029536485671997
-0.11243490129709244
-0.5965546369552612
0.44924479722976685
-0.12509635090827942
-0.444960355758667
0.06630917638540268
-0.5150899291038513
-0.7890418767929077
-0.36624419689178467
0.08109527826309204
0.49084001779556274
0.2201971560716629
-0.22220422327518463
0.603939950466156
0.11207850277423859
-0.5019104480743408
-1.4940847158432007
0.21928457915782928
0.3631625473499298
-0.25225040316581726
-0.7825524806976318
-0.2794695794582367
-0.4645657539367676
0.6185265183448792
0.707320511341095
-0.1819201409816742
0.3292653262615204
0.32850614190101624
-0.007112973835319281
0.289897620677948
0.04499860480427742
0.3974115252494812
0.48686933517456055
-0.6740373373031616
-0.03500470519065857
-0.3158060908317566
-0.22642171382904053
-0.2731374204158783
-0.008527812547981739
-0.03503180295228958
-0.5118692517280579
-0.25473061203956604
0.8351943492889404
0.17367956042289734
0.09830000251531601
0.3136105537414551
-0.3211984634399414
0.36853697896003723
-0.05701370909810066
-0.18036721646785736
-0.7878273129463196
-0.4053085148334503
0.03728896751999855
0.25501272082328796
1.2114320993423462
-0.1527567058801651
0.3751257359981537
-0.07865368574857712
-0.15262047946453094
-0.7076669931411743
-0.36026325821876526
0.23880653083324432
-0.449770987033844
0.13566988706588745
0.25681430101394653
-0.4096555709838867
-0.31708967685699463
0.008555463515222073
0.005835541523993015
0.8017428517341614
-0.28033360838890076
0.2687831521034241
-0.06208023428916931
-0.0537315271794796
0.4411582052707672
0.6527805328369141
-0.8830870985984802
1.045110821723938
0.8931927680969238
1.2182588577270508
0.5867781639099121
-0.6299411058425903
0.903189480304718
-0.1765117347240448
1.1442029476165771
-0.33362817764282227
-0.5551964044570923
-0.02266424149274826
-0.4266464412212372
0.734539270401001
-0.3951384127140045
0.23732280731201172
-0.2070055902004242
0.04799159616231918
-0.6749979853630066
-0.6456249356269836
0.5325459837913513
0.648246169090271
1.7447566986083984
-0.27648934721946716
-1.1989562511444092
-0.07707231491804123
0.6755645275115967
0.11799795925617218
-0.356153666973114
0.19765570759773254
-0.12496631592512131
-0.39999350905418396
0.14149099588394165
0.42016005516052246
-0.1906232237815857
0.49438872933387756
-0.32531824707984924
-0.3682572841644287
0.6270790100097656
0.7033693790435791
-0.09318837523460388
0.5220798850059509
-0.854146420955658
-0.16775159537792206
-0.45889517664909363
-0.4170650541782379
-0.023851146921515465
0.8348977565765381
0.4052777588367462
-0.9477548599243164
-0.40772104263305664
0.3037607967853546
0.5081592202186584
0.16759853065013885
0.07589466869831085
0.03168467432260513
0.08922577649354935
-0.1306719183921814
-1.1469578742980957
0.4366331994533539
-0.7093970775604248
0.4635090231895447
-0.1585070788860321
0.5404251217842102
-0.12915506958961487
-0.251457542181015
0.04256211221218109
0.17460505664348602
-0.10745755583047867
-0.15200240910053253
0.4898776412010193
0.16640669107437134
0.1288178712129593
-0.07168280333280563
-0.16618596017360687
-0.05638110265135765
-0.03880399465560913
0.2869942784309387
-0.058666493743658066
0.19630107283592224
0.5986912846565247
0.004683301784098148
-0.3004162311553955
0.2863677740097046
-0.4070354998111725
-0.31738001108169556
0.2050909399986267
-0.5529350638389587
-0.17094555497169495
0.44746285676956177
-0.14543908834457397
-0.08088700473308563
-0.14126113057136536
-0.028210369870066643
0.3570661246776581
0.03985003009438515
-0.47953182458877563
-0.04724986478686333
0.023958612233400345
0.15557710826396942
0.04937975853681564
0.1839449554681778
0.07356784492731094
0.06406218558549881
-0.018039260059595108
-0.08350703120231628
-0.04176675155758858
-0.045137129724025726
-0.12133078277111053
0.09406142681837082
-0.07139343023300171
-0.32836151123046875
-0.11959258466959
0.7292870879173279
-0.041654638946056366
-0.08058424293994904
-0.07858603447675705
-0.18529513478279114
-0.1934492439031601
-0.025265315547585487
-0.19837360084056854
-0.03582536056637764
0.07490888237953186
-0.2681945860385895
-0.07593660056591034
-0.3355881869792938
-0.008698168210685253
0.4512392282485962
0.19816932082176208
0.30297884345054626
-0.06713378429412842
0.5576008558273315
-0.5809159874916077
-0.3704337179660797
-0.7818731665611267
-0.31898435950279236
-0.6256474852561951
-0.12640662491321564
-0.17073370516300201
0.3914102017879486
-0.22354544699192047
0.1876220703125
0.43578383326530457
0.7729388475418091
-0.3853335678577423
-0.08767823874950409
0.11928462982177734
0.3524931073188782
-0.2557097375392914
-0.19362935423851013
0.014617844484746456
0.35751059651374817
0.3169010877609253
-1.0105706453323364
0.0576041154563427
-0.03463349491357803
0.6676661968231201
-0.058744024485349655
0.23702354729175568
0.5749151110649109
0.3984386622905731
-0.31586572527885437
-0.6408122181892395
-0.4898541271686554
0.7124467492103577
-0.5985032320022583
-0.7854554653167725
-0.28914228081703186
0.37246012687683105
0.33293479681015015
-0.18997503817081451
0.2949123978614807
-0.305301308631897
-0.3524843752384186
-0.0826740488409996
0.01645246520638466
0.6352027654647827
-0.10257197171449661
-0.8569864630699158
-0.10231002420186996
0.619624674320221
0.0693017914891243
0.539608895778656
-0.1701541543006897
0.8739244937896729
-0.8274127244949341
-0.570433497428894
0.29233959317207336
-0.036512602120637894
-0.6962524056434631
-2.1687703132629395
0.3988233506679535
1.503677248954773
-0.5273944735527039
-0.3859598636627197
-0.3947819173336029
1.14069402217865
0.5611773729324341
0.45933204889297485
-0.01746862195432186
-1.2912365198135376
-0.14017558097839355
-0.18126511573791504
-0.32869580388069153
-0.9625917077064514
0.720931887626648
0.4441164433956146
-0.19751645624637604
-0.6964263916015625
0.2705307900905609
0.24207915365695953
0.1280757635831833
-0.748304009437561
0.9185109734535217
-1.8783701658248901
-0.7393624782562256
-0.8347808718681335
0.3006984293460846
-1.0219098329544067
-0.15113192796707153
-0.27147144079208374
0.013474333100020885
0.19604557752609253
-0.029589127749204636
-0.21120740473270416
-0.5998356342315674
0.1034218892455101
0.8661975264549255
-0.35849249362945557
-0.421752005815506
-0.9167470335960388
0.6776005625724792
0.8365806341171265
0.4778333604335785
-0.45346441864967346
0.512224018573761
-0.8011254668235779
0.0880320817232132
0.3784392774105072
-0.4098675549030304
-0.2338506281375885
-0.06274300068616867
0.6022083163261414
-0.6540307998657227
0.090494804084301
0.01995152048766613
-0.9463384747505188
0.38379931449890137
-0.056184038519859314
-0.41176077723503113
0.35679012537002563
-0.07337173819541931
0.711469829082489
0.16737748682498932
-1.117345929145813
-0.47817984223365784
0.1827637255191803
-0.7714592814445496
0.972781777381897
-1.3781132698059082
1.009892463684082
0.12492052465677261
0.7180624604225159
0.1490820199251175
0.6912518739700317
-0.08641090244054794
0.12574516236782074
-0.319608598947525
-0.9772360920906067
0.4983675479888916
0.17184394598007202
-0.3220391869544983
-0.8166414499282837
0.5222128629684448
-0.19016464054584503
-0.8463698029518127
0.280697762966156
1.1995768547058105
-0.22922956943511963
-1.1054366827011108
-0.3814811110496521
-0.057239361107349396
0.3030816316604614
0.15946732461452484
-0.33551010489463806
1.560947060585022
-0.6639562249183655
0.022205324843525887
-0.4869668781757355
1.147317886352539
0.42197245359420776
-0.43391740322113037
-0.6433438658714294
0.18312811851501465
-0.8030067086219788
0.4525899887084961
0.32900115847587585
0.08492539077997208
-0.3854110538959503
-0.12794922292232513
-0.39282527565956116
0.5555021166801453
0.658554196357727
0.4771775007247925
-0.25440797209739685
-0.3058544099330902
0.45482492446899414
-0.4020894765853882
0.35377106070518494
1.1648622751235962
-1.0227969884872437
1.3453689813613892
0.33918219804763794
0.05251144990324974
0.04252736642956734
0.04658142849802971
-0.3256540894508362
0.36798202991485596
-0.44493943452835083
-0.8281936645507812
0.8228660821914673
-1.6717033386230469
-0.05013689771294594
-0.9231833219528198
-0.22311463952064514
0.27486565709114075
-0.7755089998245239
0.3640070855617523
0.42071661353111267
-0.35323068499565125
-0.975847601890564
-0.1437114179134369
-0.8338316082954407
-0.6130419373512268
1.2706689834594727
-0.039772503077983856
-0.048553116619586945
-0.3403010368347168
0.18595990538597107
-0.34853747487068176
-0.8402203917503357
-0.23644430935382843
0.7649537324905396
-0.47315946221351624
-0.14707429707050323
-0.8050073981285095
-0.8287827968597412
-0.03356415778398514
1.028248906135559
0.39645522832870483
-0.4719565510749817
1.0124911069869995
-0.3913070261478424
0.014062364585697651
-0.23033389449119568
-0.5502321124076843
0.00029365287628024817
-0.6137553453445435
-0.2443387657403946
-0.5267307758331299
0.0673026368021965
-0.23253923654556274
-0.8813461661338806
0.2888813018798828
-0.6359741687774658
0.012452860362827778
-0.0011906399158760905
0.5076541900634766
-0.49858739972114563
0.553011417388916
0.1625450700521469
0.15419486165046692
-0.8432192802429199
-0.05263185873627663
-0.6953827142715454
0.5936256647109985
0.006155751179903746
0.14719557762145996
-0.9247303009033203
0.22304187715053558
-0.18293346464633942
0.4623222053050995
-0.069827601313591
-0.24170537292957306
0.5464943647384644
-0.6425803899765015
-0.4625709652900696
-0.9677750468254089
0.6703988909721375
-0.01212369091808796
-0.8306905627250671
1.2544612884521484
0.9883712530136108
-0.44257262349128723
0.714022159576416
-0.9106797575950623
0.5925883650779724
0.45482775568962097
-0.46569710969924927
-0.7394455075263977
-1.0847253799438477
0.606728732585907
0.5117334127426147
-1.1474573612213135
0.42194288969039917
0.875325083732605
-0.823158860206604
0.9024690985679626
-0.4785177707672119
0.5754368305206299
-0.38041695952415466
-0.9088529348373413
0.2037598341703415
-0.69202721118927
-0.6100159883499146
0.3504573106765747
0.20882520079612732
-0.5881604552268982
1.5013673305511475
-1.014911413192749
0.4754295349121094
-0.5636357665061951
0.448496550321579
0.15425439178943634
0.6353970766067505
-0.8113412857055664
-0.4562390446662903
0.5586588382720947
-0.07506532222032547
-0.03248497098684311
0.29765233397483826
0.9093641638755798
0.2892666161060333
-0.7192717790603638
0.44108861684799194
0.11048350483179092
0.4350324869155884
0.3325837552547455
0.5109749436378479
0.32562053203582764
0.8002237677574158
-0.8867875933647156
0.6121320128440857
-0.20844890177249908
0.3188372850418091
0.09909278899431229
-0.11551051586866379
0.11685206741094589
-0.2740171551704407
-0.039285216480493546
0.3107054531574249
0.04211384803056717
-0.1937159299850464
0.022263437509536743
0.21197322010993958
0.2584000527858734
0.43155404925346375
-0.07370057702064514
0.5470432043075562
-0.1871395707130432
-1.1840111017227173
0.6639583706855774
-0.03007408231496811
0.08749228715896606
0.6667126417160034
-0.008415107615292072
-0.2099943310022354
0.4010220170021057
-0.3414822220802307
0.42806610465049744
0.07466728985309601
0.24362213909626007
0.22332103550434113
-0.7960785031318665
-0.37381282448768616
0.3492022454738617
0.661204993724823
-0.402557373046875
0.33292198181152344
-0.17299984395503998
-0.1385747343301773
-0.42225125432014465
-0.5980599522590637
-0.13968048989772797
0.13366039097309113
0.12263789772987366
-0.1129935085773468
0.3428875505924225
-0.38140055537223816
-0.15386725962162018
0.38662877678871155
0.08409363776445389
0.07142751663923264
0.04851941764354706
-0.141981840133667
-0.0987977683544159
-0.5431660413742065
0.1748552918434143
-0.2788453996181488
0.058014173060655594
-0.10800107568502426
-0.882942795753479
-0.02952008880674839
-0.15721085667610168
-0.044874969869852066
-0.4125785231590271
0.10712596029043198
-0.00474379351362586
-0.28968578577041626
-0.3970470130443573
-0.3871039152145386
-0.41170603036880493
-0.2703245282173157
-0.012116119265556335
0.3818493187427521
-0.6842307448387146
-0.3461969792842865
-0.06206071004271507
-0.24375753104686737
0.1684325784444809
0.009348799474537373
-0.40706682205200195
0.5845330953598022
0.45764410495758057
0.5449375510215759
-0.6383521556854248
-0.5596480965614319
-0.012527545914053917
-0.10827688872814178
0.18516382575035095
0.0685812309384346
-0.21368618309497833
0.17891040444374084
-0.20551170408725739
-1.257222294807434
-0.09197793900966644
-0.5639066696166992
-0.21596722304821014
-0.17372296750545502
-0.7047340869903564
0.6442739367485046
0.5852882862091064
-0.2079920619726181
-0.6876034140586853
0.31134459376335144
-0.38766762614250183
0.46492651104927063
0.1761062890291214
-0.5936278700828552
-0.48115381598472595
-0.5432848930358887
0.5709692239761353
0.3100642263889313
-0.5028952360153198
0.301015168428421
-0.004599238280206919
0.17029574513435364
0.6796371340751648
0.45326662063598633
0.2790411114692688
-0.7803540825843811
-0.5438521504402161
0.4747873842716217
-0.5286120176315308
0.6266448497772217
0.20286555588245392
-1.1529693603515625
0.5562484264373779
-0.9494778513908386
0.30248814821243286
0.3859461545944214
-1.642923355102539
0.12280169874429703
0.09172576665878296
0.48770132660865784
0.2439141422510147
0.7504507303237915
1.0228729248046875
0.017079612240195274
0.12138530611991882
-0.9617393016815186
-0.6052975654602051
0.7507296800613403
-0.9315000176429749
0.36956700682640076
0.5712565183639526
-1.1464059352874756
1.0376818180084229
-0.004265428986400366
-0.19742347300052643
0.22357207536697388
1.4781056642532349
-0.3985494077205658
-0.4478969871997833
-0.4133380353450775
-0.714220404624939
0.0018174677388742566
-0.0015549561940133572
1.3699783086776733
-0.8419330716133118
0.8301862478256226
-0.18035785853862762
0.5226016044616699
0.613010585308075
1.1839981079101562
-0.3968483805656433
0.23964530229568481
-0.9385141730308533
1.8510288000106812
0.6604381799697876
-0.8001202344894409
0.5523034930229187
-0.5312435030937195
0.3542429208755493
-0.914867639541626
0.026112288236618042
0.01622418500483036
0.46754318475723267
1.82517671585083
-0.664941132068634
0.3838595449924469
-0.16394902765750885
-0.4623764753341675
-0.529590368270874
0.052691902965307236
0.12449135631322861
-0.8868730664253235
0.18213847279548645
0.20765843987464905
0.18222813308238983
-0.3768616020679474
-0.2145623415708542
0.15561260282993317
0.7619094848632812
-1.7912310361862183
-0.42098644375801086
-0.747839093208313
1.081933856010437
-0.5006380677223206
0.17646615207195282
-0.23723700642585754
0.2694830000400543
-0.40961548686027527
-0.7585083842277527
-0.6022504568099976
0.36886194348335266
-0.7567565441131592
0.047762833535671234
-0.1355973482131958
0.32492703199386597
-0.5266820192337036
-0.0518767423927784
-1.7435036897659302
0.248447984457016
0.07437929511070251
0.06182091310620308
-0.035653188824653625
0.5273556709289551
0.7388784885406494
-0.1410636156797409
0.2286839485168457
0.541963517665863
-0.3763250410556793
1.7026221752166748
-0.3671294152736664
-0.2169874906539917
-0.21278426051139832
0.012646246701478958
-0.2810717523097992
0.9324386715888977
0.12224199622869492
0.07464098185300827
-1.1266834735870361
0.5397775173187256
-0.18981441855430603
-0.6148409843444824
0.7690092325210571
-0.11042552441358566
-0.643481433391571
0.15715178847312927
0.48186635971069336
0.17009195685386658
-1.2168954610824585
0.24918417632579803
-0.01188367884606123
-0.18552666902542114
0.06494680792093277
1.445885419845581
0.36199751496315
0.4375644624233246
0.4000694155693054
-0.12648220360279083
0.10928662866353989
0.11662008613348007
0.7368586659431458
-0.6185681819915771
0.39527955651283264
0.15477819740772247
-0.014849169179797173
-0.11392369866371155
0.6631133556365967
0.4450421929359436
-0.48687291145324707
-0.1451839655637741
-0.45804572105407715
0.5658966898918152
0.969850480556488
1.0975664854049683
-0.8587954640388489
-0.7000810503959656
-0.4384004473686218
-0.5622382164001465
0.10794735699892044
0.15712970495224
-0.2878466248512268
0.6645517945289612
0.33707818388938904
-0.7822011709213257
0.4865740239620209
1.1929349899291992
0.5552946925163269
-0.3565042018890381
0.2296862155199051
-0.6733046174049377
-0.9473671317100525
0.026902375742793083
-0.2031986564397812
0.13580049574375153
0.401917964220047
0.7267715930938721
0.7649566531181335
0.6161332130432129
0.5716188549995422
0.16814257204532623
0.5336537957191467
-0.14674226939678192
0.7151784300804138
0.09099938720464706
-0.45574507117271423
-0.4185298979282379
0.6340165138244629
0.4894215166568756
-0.6866178512573242
-0.23815038800239563
-0.04785895347595215
0.5371564030647278
0.08306445181369781
-0.5223653316497803
0.6822336316108704
-0.23051747679710388
-0.6547877788543701
-0.3835151195526123
-0.141615092754364
0.4703654944896698
-0.4124731719493866
0.49069997668266296
-1.2148810625076294
0.079947829246521
0.5947587490081787
-0.4950930178165436
-0.21073785424232483
0.5725820660591125
-0.48537349700927734
-0.21842420101165771
0.3372507393360138
0.5423348546028137
-0.5028752088546753
0.2650955319404602
-0.15732713043689728
-0.37498000264167786
-0.32510361075401306
0.19785133004188538
-0.8011152148246765
-0.763735294342041
-1.1256372928619385
0.3368178904056549
-0.09538683295249939
0.15371860563755035
0.34901949763298035
0.3169272541999817
0.44778504967689514
-0.003660578513517976
0.3291245400905609
-0.012821584939956665
0.9254778623580933
0.04180174693465233
-0.37377575039863586
0.14270156621932983
-0.254032164812088
-0.05520382896065712
0.25438326597213745
2.1308772563934326
0.1936926245689392
-0.5518468618392944
-0.044317569583654404
0.14451593160629272
-0.4205552637577057
0.8453004360198975
0.32542040944099426
0.021485166624188423
0.23471930623054504
1.6850041151046753
-0.39195406436920166
0.3344447612762451
0.78477942943573
0.11512096971273422
0.3240205645561218
-1.003374457359314
-0.107878677546978
-0.12307248264551163
0.8149771094322205
0.0950920432806015
0.2564077377319336
0.2408355176448822
-0.18552061915397644
0.10065331310033798
0.36052069067955017
0.59355229139328
-0.45532479882240295
0.3764597177505493
-0.4304713308811188
-0.02910604514181614
0.1192123144865036
-0.16244149208068848
-0.0508415661752224
0.5620070099830627
-0.5896960496902466
-0.019085491076111794
-0.5088207125663757
-0.22816252708435059
0.14218702912330627
-0.533484697341919
-0.3312107026576996
0.5869760513305664
-0.22559134662151337
-0.12951868772506714
0.0806538537144661
0.043761152774095535
0.2001526802778244
0.09699694067239761
1.1212741136550903
-0.1266833394765854
-0.04767294600605965
-0.028966635465621948
0.28715482354164124
0.33622244000434875
-0.35678771138191223
0.5761374235153198
-0.6630058288574219
-0.24764089286327362
-0.21860456466674805
-0.9078160524368286
1.2462414503097534
0.6376622319221497
0.5734663605690002
0.4901089668273926
-0.5051297545433044
-1.0996524095535278
0.29970166087150574
-0.17843152582645416
-0.5573098063468933
-0.14939618110656738
0.029458358883857727
-0.1852625608444214
0.5185873508453369
-0.21490886807441711
0.1364954113960266
0.03936596214771271
0.16344475746154785
0.07246095687150955
-0.1158648356795311
-0.023787492886185646
-0.11173339188098907
0.5126920342445374
-0.0840269923210144
0.22079966962337494
-0.24423657357692719
0.03730231896042824
0.3186047673225403
0.04248949885368347
-0.26637861132621765
-0.5567840337753296
-0.03672795742750168
0.2251841425895691
1.2280689477920532
0.9161635041236877
-0.930745005607605
0.3244379162788391
-0.5023808479309082
-0.5280254483222961
-0.17122451961040497
0.5487474203109741
-0.05080046504735947
1.0669456720352173
-0.004695086274296045
0.4138123691082001
0.39315423369407654
0.10515225678682327
0.4271671772003174
0.41280922293663025
-0.2667585015296936
0.06635848432779312
-0.3307729661464691
-0.351423054933548
-0.1111128032207489
0.48622044920921326
0.46305906772613525
0.2316657155752182
-0.1052582710981369
0.08516020327806473
0.6163613200187683
0.6585664749145508
-0.013673865236341953
-0.13414958119392395
-0.2281075417995453
0.07633201032876968
-0.48728707432746887
-0.17346502840518951
-0.10895335674285889
0.32992175221443176
0.6358738541603088
-1.6041646003723145
-0.396596759557724
0.5590673089027405
0.8846116065979004
0.21199478209018707
0.02294028177857399
-0.5271497964859009
-0.16007865965366364
-0.34075281023979187
-0.8161475658416748
0.08169250935316086
0.6631993055343628
0.20255528390407562
-0.13864563405513763
0.20688676834106445
-0.32448744773864746
0.7422215938568115
0.4437352418899536
-0.10521537810564041
0.39180654287338257
-0.3544997572898865
-0.4537782371044159
-0.2055756151676178
0.2502131760120392
0.03790239244699478
-1.1494277715682983
0.730151891708374
-0.23752425611019135
-0.5367499589920044
0.7259550094604492
-0.4702916145324707
0.14299912750720978
-0.072310671210289
-0.348900705575943
0.025636279955506325
-0.12311418354511261
-0.6733026504516602
-0.48149117827415466
0.03892872855067253
-0.3592040240764618
-0.3537622392177582
-0.00975436344742775
-1.2497495412826538
0.3658991754055023
0.32637980580329895
0.41534289717674255
0.7345997095108032
0.6571398377418518
-0.03342168405652046
-0.6808544397354126
0.2958601713180542
-0.2225552797317505
-0.1758795827627182
-0.4964541494846344
1.0177541971206665
0.05360123887658119
-0.5836735963821411
0.5306360721588135
0.8601186275482178
0.9413254857063293
0.68729567527771
0.10185450315475464
0.1865168958902359
-0.5958276391029358
-0.012271448038518429
-0.09467486292123795
0.7062282562255859
-0.3976646661758423
-0.09088580310344696
-0.05773629993200302
0.3007486164569855
1.0840675830841064
0.42290934920310974
0.4054604470729828
-0.18197353184223175
0.06216681748628616
0.2795490622520447
0.4260300099849701
0.27709177136421204
-0.13215595483779907
-0.9345781207084656
0.03472699597477913
0.3282536268234253
-0.2335129678249359
0.21632753312587738
-0.7471117973327637
-0.12621086835861206
-0.22370800375938416
0.2021578997373581
-0.04228077456355095
0.26511991024017334
-0.01567160338163376
0.27603092789649963
0.5977647304534912
0.01884653978049755
-0.8555794358253479
0.8523227572441101
0.08615048974752426
-0.6475613117218018
-0.13439732789993286
-0.18391309678554535
-0.08615636080503464
-0.9613341093063354
-0.20790919661521912
-0.2775218188762665
0.15417534112930298
-0.6510676741600037
0.5323964953422546
0.16023847460746765
0.9465404748916626
-0.8104797005653381
0.9404887557029724
0.16571857035160065
0.6618037819862366
-0.19665250182151794
-1.1918102502822876
0.4654768407344818
-0.03042055293917656
0.18803450465202332
0.5744456648826599
-0.6111112833023071
-1.0043188333511353
-0.4160163700580597
0.305499404668808
1.298885464668274
0.3301805853843689
0.3049120306968689
1.1055443286895752
0.0026453195605427027
1.5959117412567139
-0.10985294729471207
-0.12645144760608673
0.11341343820095062
-0.7786991596221924
-1.4426661729812622
-0.07013086974620819
0.789193868637085
-0.18358512222766876
1.6548168659210205
0.8188128471374512
-0.00726978899911046
0.2724575996398926
0.08873935788869858
-0.10627350211143494
0.5418992042541504
0.1550937443971634
-0.7144331932067871
-0.11400842666625977
-0.7903989553451538
-0.7102751731872559
0.9518592357635498
0.5966624617576599
-0.7771625518798828
-1.1120185852050781
0.29608115553855896
0.43523284792900085
0.18163259327411652
-0.6114838719367981
-0.4612009823322296
0.543292224407196
-0.4979809820652008
-0.2164311408996582
0.44971582293510437
-0.5156896710395813
0.8771424293518066
0.15804356336593628
-0.6292641758918762
-0.21912679076194763
-0.3805336356163025
0.11753266304731369
0.8625627160072327
-0.9774340987205505
0.08194082975387573
-1.380741834640503
0.06717570871114731
-0.23921345174312592
-0.32036280632019043
0.8710027933120728
-0.03878236189484596
-0.35584792494773865
0.006367741618305445
0.24725626409053802
-0.27253514528274536
-0.08923955261707306
0.21726123988628387
-0.03735830634832382
1.0045981407165527
-0.06284873187541962
-0.3709200918674469
-0.14032140374183655
1.0377588272094727
0.050361260771751404
-1.460294246673584
0.05239752307534218
0.5765662789344788
-0.3476533889770508
1.1585657596588135
0.2114797979593277
-0.15553471446037292
-0.5953714847564697
-0.6739192605018616
-0.24806317687034607
-0.08733700215816498
0.34459057450294495
-0.1286524087190628
0.14262770116329193
-0.5244870781898499
0.056414566934108734
0.2902025580406189
0.4139670133590698
0.28179264068603516
-0.19551435112953186
0.1718282252550125
-0.22805660963058472
0.10052133351564407
-0.1123235672712326
0.5424561500549316
0.07064888626337051
0.08837275952100754
0.8898575901985168
-0.0452854186296463
-0.058822304010391235
-0.34126976132392883
0.124457448720932
-0.18658098578453064
-0.5585047602653503
0.3565296232700348
-0.3585151433944702
-0.12393242120742798
1.018294334411621
0.62981116771698
1.4407975673675537
-0.5396362543106079
-0.25916290283203125
-0.10940174013376236
-0.3142663240432739
0.3118400275707245
0.2506493330001831
0.13308076560497284
0.2655459940433502
0.033230870962142944
-0.6679919362068176
0.09356018155813217
0.9966312050819397
-0.04437222331762314
0.04983163997530937
0.639432430267334
1.1997709274291992
-0.4618527293205261
-0.3972245454788208
0.4600779712200165
-0.09472065418958664
-0.25855258107185364
0.4479454457759857
-0.7534414529800415
-0.09733246266841888
-0.5658866763114929
0.5968741774559021
-0.044437043368816376
0.6193928718566895
-0.3730774521827698
0.17505553364753723
0.07231014221906662
0.05724587291479111
0.12046615034341812
0.08297521620988846
-0.35278886556625366
-0.04420086368918419
0.0818144902586937
0.9471499919891357
-0.13731670379638672
-0.413759708404541
-0.33616209030151367
1.0856703519821167
-0.11555061489343643
-0.1440064013004303
-0.12128917127847672
-0.050995517522096634
-0.5345271229743958
-0.2917923629283905
0.025381991639733315
0.159092977643013
0.23730917274951935
-0.3173069655895233
-0.3697252571582794
-0.3638831675052643
0.13652876019477844
-0.799239993095398
0.04734473675489426
-0.4511415362358093
-0.07686669379472733
-0.0931023433804512
0.07132396101951599
-0.32991889119148254
1.0148290395736694
-1.670501708984375
-0.02667359821498394
-0.5005216002464294
-0.011564657092094421
0.08764690905809402
0.48788997530937195
0.675666332244873
0.3553861677646637
-0.14258438348770142
-0.5274150371551514
-0.5353972315788269
-0.5196941494941711
0.9747209548950195
-0.6961215734481812
-0.3832709491252899
-0.7365044355392456
-0.22308270633220673
0.2224408984184265
0.23087960481643677
-1.2578814029693604
-0.02835427038371563
-0.3831711709499359
0.3946900963783264
-0.7836660146713257
-0.46561431884765625
-0.9759833216667175
0.1449543982744217
-1.007710576057434
0.6717643737792969
0.017151562497019768
-0.2716027796268463
0.07227501273155212
-0.7757257223129272
0.17552068829536438
0.05294995382428169
0.37364324927330017
-0.9648796319961548
-0.6219619512557983
-0.27297013998031616
0.9238351583480835
0.7304860949516296
0.053535979241132736
-0.5918119549751282
-0.2157561033964157
-0.962449312210083
0.3881584703922272
0.6426651477813721
0.24426484107971191
0.27392786741256714
-0.6894088983535767
-0.34924986958503723
-0.49404075741767883
0.05585325136780739
0.09077827632427216
-0.06373576074838638
0.5037826299667358
-0.9308502674102783
-0.3775444030761719
-0.38943448662757874
0.03752392157912254
-0.7034599781036377
0.5485933423042297
0.2114826887845993
0.2511146366596222
-1.1548367738723755
-0.24424995481967926
-0.38439416885375977
0.29750293493270874
-0.4269447326660156
0.0875614732503891
0.03645577281713486
0.33228087425231934
-0.6112639904022217
-0.18342088162899017
-0.9080333113670349
-0.17388705909252167
0.18931697309017181
-0.31572648882865906
-0.447203129529953
-0.2326694130897522
0.7542508840560913
-0.15644986927509308
-0.36688366532325745
0.4288027882575989
-0.25707927346229553
0.2521410882472992
0.3511546552181244
-0.013754655607044697
-0.5343980193138123
-1.05406653881073
0.031648553907871246
-0.4417406916618347
-0.17088618874549866
0.5459901690483093
0.2125129997730255
0.0005316738388501108
-0.28854900598526
0.5567086935043335
0.0909951850771904
0.5895891189575195
-0.3279086947441101
0.00764623936265707
-0.26802393794059753
0.2018442451953888
-0.46619144082069397
-0.10013166815042496
-0.08022987842559814
0.07569118589162827
-0.6467598676681519
0.16066047549247742
0.13106085360050201
0.7810655236244202
-0.16350625455379486
-0.08037040382623672
-0.08931881934404373
-0.14118440449237823
0.2165345847606659
-0.21581602096557617
-0.11880802363157272
0.11456460505723953
-0.47275033593177795
0.14525774121284485
-0.47105681896209717
-0.10706865042448044
-0.5540582537651062
-0.47218888998031616
-0.5475178956985474
-0.3166114091873169
0.18359169363975525
-0.3459896147251129
0.5144765973091125
-0.08875385671854019
0.4954618215560913
-1.1723591089248657
1.1696289777755737
0.2631400227546692
0.23627904057502747
0.28980502486228943
-0.4649865925312042
-0.48706305027008057
0.3654249608516693
-0.5392969250679016
-0.4800930321216583
-0.05336262285709381
0.9828045964241028
0.28541111946105957
-1.042595386505127
-0.14806438982486725
0.3637962341308594
1.2615729570388794
-0.11566481739282608
0.6531224250793457
0.41012030839920044
0.39807823300361633
1.6956665515899658
0.19910584390163422
0.4139251708984375
0.4708499014377594
0.7541374564170837
-0.9669250845909119
-0.024196306243538857
-0.25486376881599426
0.15821410715579987
0.6451393365859985
1.098820447921753
1.3890438079833984
0.2111351639032364
-0.09472774714231491
-0.7221233248710632
-0.4968382716178894
0.0011862387182191014
-0.42035648226737976
0.12272749096155167
-0.29981061816215515
0.0641050636768341
-0.04998534545302391
0.17713214457035065
-0.6422649025917053
-0.05129155516624451
0.6557050943374634
0.8425931930541992
0.3994115889072418
-0.2108851671218872
-0.3099757432937622
0.10326135158538818
-0.16866539418697357
-1.1000269651412964
-0.17728495597839355
-0.22212225198745728
-0.5865201354026794
-0.24988123774528503
0.019149281084537506
0.06878828257322311
0.5706568360328674
0.644267201423645
0.04540146142244339
-0.22293223440647125
0.4410400986671448
0.8794109225273132
-0.5786253809928894
1.2768100500106812
0.06244288384914398
-0.04408017918467522
-0.06037990748882294
-0.4057407081127167
0.13670505583286285
-0.052332159131765366
0.4168543219566345
-0.43337804079055786
-0.5979422926902771
-0.5135085582733154
0.03906918317079544
0.47283464670181274
0.3075697124004364
0.8222866058349609
-0.03656984120607376
0.7962065935134888
-1.028522253036499
0.2859276533126831
0.3762742280960083
0.18769703805446625
-0.006286110728979111
-0.06247614324092865
-0.5136322975158691
0.21404707431793213
0.7659976482391357
-0.45419931411743164
-0.025609705597162247
0.2878507673740387
0.19563567638397217
-0.47141942381858826
0.5148434638977051
-0.8772505521774292
0.04980532452464104
-0.0025597435887902975
-0.1518244594335556
0.514343798160553
-0.17269490659236908
0.017815934494137764
-0.03883559629321098
-0.2279275506734848
-0.5381897687911987
-0.49448126554489136
0.24766600131988525
0.08660343289375305
-0.20896252989768982
0.6036295890808105
-0.33504554629325867
0.032966554164886475
-0.24811303615570068
0.03447720408439636
-0.144339457154274
-0.689365565776825
0.295390248298645
-0.4813588559627533
-0.10727445036172867
0.7284090518951416
-0.5742998719215393
-0.6643886566162109
-0.940570056438446
1.3158974647521973
0.42677026987075806
0.04115351289510727
0.4424707591533661
0.8916399478912354
-0.46973517537117004
-0.05093919858336449
-0.2956324815750122
0.24153456091880798
0.9010597467422485
-0.48944202065467834
-0.45878222584724426
0.5471104979515076
0.5813575983047485
0.28855109214782715
0.1995813250541687
0.9476271271705627
0.662778377532959
-0.11604360491037369
-0.21046864986419678
-0.5209695100784302
0.2215292900800705
0.17632296681404114
0.09704712778329849
-1.1644490957260132
-0.06414052098989487
-0.46813535690307617
0.5581430792808533
-0.7810655832290649
0.021931316703557968
0.6448022723197937
-0.2812296748161316
0.23358695209026337
-0.013961825519800186
0.9492822885513306
0.9462491273880005
0.39603084325790405
-1.0522493124008179
-0.9321079254150391
0.7251828908920288
-0.3765788972377777
0.5770090818405151
0.5130512714385986
-0.6458892822265625
0.6231502294540405
-0.797430157661438
0.7595099806785583
-0.7111340165138245
1.1672457456588745
0.6361793279647827
0.26605215668678284
0.13124878704547882
0.10235584527254105
-0.09709479659795761
0.6017019748687744
-0.07010050863027573
0.22802551090717316
0.2540837526321411
-0.04659627377986908
0.3169150948524475
0.43165314197540283
-0.1142745316028595
-0.8239654302597046
-0.33940738439559937
0.522948682308197
-0.053457796573638916
1.1091927289962769
0.36327654123306274
0.43856409192085266
-0.3516109585762024
-0.8732842803001404
0.009946302510797977
1.167223572731018
0.2896183729171753
-0.0344790443778038
-0.006465103477239609
-0.43923091888427734
0.42975544929504395
0.01246149092912674
-0.014097810722887516
0.3811025619506836
0.13748770952224731
0.2199002206325531
-1.2025783061981201
0.24276824295520782
0.20363162457942963
0.2278171181678772
0.004905502311885357
0.32154548168182373
-0.2609413266181946
-0.4874163568019867
-0.04674666374921799
-0.24873903393745422
0.8094033598899841
0.11098277568817139
0.13354851305484772
0.08535385876893997
-0.23628665506839752
0.10510022938251495
0.4883032739162445
0.01500600017607212
-0.6091148257255554
-0.503879725933075
0.3178277611732483
-0.26850810647010803
0.2339238077402115
0.07853633910417557
-0.4495525062084198
-0.7213223576545715
-0.413547545671463
0.1619400829076767
-0.2053084373474121
0.5323136448860168
0.3272519111633301
-1.206376552581787
0.29037708044052124
-0.7208570837974548
-0.5336273908615112
-0.010961535386741161
-0.6330105662345886
0.013762437738478184
0.2728755474090576
-0.09216969460248947
-0.003890035441145301
-0.7744441032409668
-0.12516799569129944
-0.5092252492904663
-0.6939383745193481
0.7642431855201721
-0.09208660572767258
-1.1883044242858887
-0.13401316106319427
-0.2763004004955292
-0.06729795783758163
0.7081407308578491
0.35064131021499634
-0.7619614005088806
0.6702160835266113
0.21236883103847504
0.417653352022171
0.5207546949386597
0.31346625089645386
0.293009877204895
-0.359663188457489
0.08017458766698837
-0.549225926399231
0.1676035374403
2.8630199432373047
-0.2404533177614212
0.306926965713501
-1.867462158203125
-0.6126934885978699
-0.43849679827690125
0.29830729961395264
-0.2523994743824005
0.7912856936454773
1.2719136476516724
-0.223249614238739
-0.1656470000743866
0.170462965965271
-0.09232878684997559
-0.5990546941757202
0.42117929458618164
-0.2903846502304077
-0.396721214056015
-0.3717968165874481
0.9572288393974304
0.050956595689058304
0.08674374967813492
0.2232479602098465
-0.03470861539244652
-0.8681828379631042
-0.10913610458374023
0.3826907277107239
-0.2935347259044647
-0.0673462450504303
0.034027304500341415
0.27104002237319946
-0.35008004307746887
0.2590397298336029
-1.9068816900253296
0.3814142942428589
-0.6187167167663574
0.3156529664993286
-0.38220590353012085
-0.6813369989395142
-0.32784005999565125
0.639665961265564
0.1071663498878479
0.3867585062980652
-0.029573537409305573
0.9639673233032227
0.08586723357439041
-0.2969399392604828
-0.02709890715777874
-0.7686881422996521
-0.41832542419433594
0.7864323258399963
-0.4291951060295105
0.42178887128829956
0.39285776019096375
1.2195968627929688
0.5227370262145996
-0.051225680857896805
0.2910560667514801
-0.014211340807378292
-0.03174367547035217
0.4072468876838684
0.17329445481300354
-0.5548301339149475
-0.05642394348978996
-0.5713000297546387
0.9753458499908447
-0.3388870358467102
-0.35853299498558044
0.8531115651130676
-0.580395519733429
0.4289300739765167
0.228861004114151
-0.11105789989233017
-0.0013284484157338738
0.4956367015838623
-0.2368970662355423
-0.469875305891037
0.22405976057052612
0.6283115744590759
0.8765321969985962
-0.4952998459339142
-0.6617316007614136
0.6675776243209839
0.3495708405971527
-0.06352867186069489
0.4874815344810486
0.06569137424230576
-0.32212314009666443
-0.1928386092185974
0.03470609337091446
0.7369334697723389
-0.1657162457704544
0.4290236532688141
0.01939956471323967
-0.21580472588539124
0.6533775329589844
-0.5511021614074707
-0.1907847821712494
0.48186400532722473
0.11281833797693253
-0.6054883599281311
-0.12679240107536316
-1.4285835027694702
