#(64,)
0.6821275949478149
-0.32972270250320435
0.18785560131072998
-0.574204683303833
-0.3378981649875641
0.8884598612785339
-0.3021022379398346
0.2461223602294922
-1.0837891101837158
0.2229546755552292
-0.2127002775669098
0.11584074795246124
0.33759939670562744
-0.8796877861022949
0.6960368752479553
0.8385095596313477
0.4902842044830322
0.008646927773952484
0.044302526861429214
-0.09881316125392914
-0.5654485821723938
0.015783846378326416
0.1267203390598297
0.18675336241722107
0.20864182710647583
-0.2599172294139862
0.16740566492080688
0.08195386826992035
-0.2833735942840576
0.534477710723877
0.5788293480873108
-0.3706117272377014
-0.4672451615333557
0.10099875181913376
-0.06489187479019165
0.6762592792510986
-0.21494969725608826
0.5527411699295044
-0.01492040604352951
-0.014220502227544785
-0.11028937995433807
0.045509107410907745
0.38272321224212646
1.247659683227539
0.22539415955543518
0.44018349051475525
0.3556203246116638
-0.3407188653945923
-0.6641886234283447
0.6095502376556396
-0.2338845133781433
-0.45079880952835083
-0.18684712052345276
0.42677322030067444
-0.059837084263563156
0.26857227087020874
-0.5396814346313477
-0.051742151379585266
0.23246005177497864
-0.28995805978775024
0.020886898040771484
0.2995264530181885
0.47031962871551514
0.37768787145614624
