#(64, 64)
-0.461121141910553
-0.7824881076812744
-0.6982066631317139
-0.8830996155738831
0.4602833390235901
-1.1783751249313354
0.4343329668045044
0.03426652401685715
0.04829098656773567
-0.2666320502758026
0.01540529914200306
-0.21129129827022552
0.2320536971092224
-0.21933025121688843
0.03430640697479248
-0.09730914235115051
-0.43504273891448975
-0.5099068284034729
0.12046471983194351
0.4117124378681183
-0.17154113948345184
-0.6206952333450317
-0.04112710431218147
0.0047933864407241344
0.3846818506717682
0.4124315679073334
-0.36601725220680237
0.15343058109283447
0.22667229175567627
0.13948877155780792
0.0941997841000557
0.722199022769928
-0.2259344607591629
-0.4637335538864136
-0.5527446269989014
1.4417458772659302
0.29525089263916016
-0.24357904493808746
-0.5639995336532593
0.34940144419670105
-0.2742310166358948
0.48675891757011414
0.3263727128505707
-0.02806791104376316
-1.312626600265503
-0.34511542320251465
-0.33307915925979614
0.025328362360596657
0.7858017683029175
0.19635732471942902
-0.3211442232131958
-0.4901585876941681
0.44626671075820923
-0.8478962779045105
0.05643080547451973
0.05753827840089798
-0.17507697641849518
0.2579084634780884
-0.06186771020293236
0.7504940032958984
0.7718243598937988
0.24670648574829102
-0.8088304996490479
-0.3188866376876831
-0.515112578868866
-0.7757902145385742
0.5970832705497742
-0.012672561220824718
-0.1524832844734192
0.3913421332836151
-0.042952898889780045
0.81503826379776
-0.5314345955848694
-0.5131670832633972
-0.16594593226909637
0.022313980385661125
-0.10888174176216125
-0.44114500284194946
0.3595413267612457
0.03185521438717842
0.37259823083877563
-0.5368500351905823
0.31071048974990845
-0.34032967686653137
1.2681455612182617
0.41327741742134094
-1.113046646118164
-0.7953620553016663
-0.8290195465087891
0.14072701334953308
0.09236873686313629
-0.04836553707718849
-0.8610059022903442
1.3325666189193726
-0.13034389913082123
-0.254387229681015
0.2641028165817261
0.3722807765007019
-0.06733556091785431
-0.30453750491142273
-0.32637497782707214
0.33922192454338074
-0.3262343108654022
0.9067028760910034
-0.05923530459403992
-0.37314265966415405
-0.4641304314136505
0.06961652636528015
-0.12766343355178833
-0.15368860960006714
-0.2654958963394165
-0.40111592411994934
-0.2915782928466797
0.14039328694343567
-0.27323117852211
0.4484667479991913
-0.7186384201049805
0.292705237865448
-0.20521196722984314
-0.9205412864685059
-0.5233734250068665
-0.2092089205980301
0.017275383695960045
-0.2640378177165985
0.1662086695432663
0.5285883545875549
0.638430118560791
-0.3547983765602112
-0.0038044352550059557
-0.07947546243667603
-0.005967484321445227
-0.4051031470298767
0.1565101593732834
0.6633319854736328
-0.3114679455757141
-0.9126930832862854
0.8265397548675537
0.4136465787887573
-0.01656436361372471
0.10319200903177261
-0.2496136724948883
0.302249938249588
0.11911587417125702
-0.6933526396751404
-0.27644264698028564
-0.184340238571167
0.550230860710144
0.16457116603851318
-0.7664042115211487
0.016314467415213585
-0.02559260092675686
0.41436824202537537
0.7171295285224915
-0.6071630716323853
-0.5694398283958435
-0.8774864673614502
0.6167455315589905
-0.6186330914497375
0.1898481249809265
0.8755338191986084
0.2541719675064087
-0.749467670917511
0.6332446336746216
0.47931891679763794
0.2262333482503891
0.2517241835594177
-0.36607474088668823
-0.05325423181056976
-0.526850700378418
-0.21242882311344147
-0.46938014030456543
-0.6745992302894592
0.29526853561401367
-0.21899597346782684
-0.7327277660369873
0.32587742805480957
0.09843067079782486
0.20742391049861908
-0.2010280340909958
-0.9113025665283203
-0.2351139932870865
-0.3259238302707672
0.722071647644043
-0.29618367552757263
-0.14056484401226044
0.6258361339569092
-0.08611422032117844
0.08150012791156769
-0.5790678858757019
-0.09113337099552155
-0.65276700258255
-0.3274235725402832
0.41082343459129333
-0.12583762407302856
-0.09808055311441422
-0.740023136138916
-0.9025393724441528
-0.26285839080810547
0.005847846157848835
0.27570927143096924
0.12493821233510971
0.5423452854156494
1.0993596315383911
-0.7738263010978699
0.20005908608436584
0.08733741194009781
-0.24037298560142517
0.18847283720970154
-0.11563194543123245
-0.15949678421020508
-0.6057146787643433
0.012510672211647034
-0.21749316155910492
0.20425188541412354
1.0362093448638916
0.1363670527935028
0.014793570153415203
0.003967344760894775
-0.0160638727247715
-1.153271198272705
0.7059814929962158
-0.3245716094970703
-0.32031261920928955
-0.3754054605960846
-0.11075673997402191
-0.190212219953537
0.05324028432369232
0.10383474081754684
0.5025634169578552
-0.44518887996673584
-0.01565995253622532
-0.10799631476402283
0.3807876706123352
-0.35406020283699036
-0.6288971304893494
-0.08180578798055649
0.09903357923030853
0.5548566579818726
-0.042879488319158554
-0.24653120338916779
0.27992796897888184
0.12590138614177704
-0.018589582294225693
-0.16228367388248444
-0.2728967070579529
0.7163642644882202
0.30890271067619324
-0.45189061760902405
0.20676395297050476
-0.9846743941307068
-0.5274706482887268
-0.28670960664749146
-0.127036914229393
0.013904531486332417
-0.2534157335758209
-0.6950337886810303
0.7770726084709167
0.42308497428894043
-0.2658243179321289
0.9083781838417053
-0.3045727610588074
0.2700808644294739
-0.6891210079193115
-0.2659706473350525
-0.5407729744911194
-0.6767335534095764
-1.235011100769043
0.37829285860061646
-0.10212549567222595
0.2278822809457779
0.26315727829933167
0.11671040207147598
0.6193143129348755
0.6859459280967712
0.8930976986885071
-0.650529682636261
0.26655280590057373
0.018642865121364594
-1.0459961891174316
-0.24192245304584503
-0.3833666145801544
0.43081969022750854
0.43581610918045044
0.21157579123973846
-0.3556262254714966
0.3212412893772125
1.2449026107788086
-0.35531482100486755
0.590467631816864
0.3956626057624817
0.3117818534374237
0.13177718222141266
-0.9419683218002319
0.6138927936553955
0.06845523416996002
0.17598126828670502
-1.0850013494491577
-0.667569637298584
0.2614295780658722
0.3070790469646454
0.9704360365867615
-0.33149152994155884
0.7821388244628906
-0.18236887454986572
-0.6451535820960999
0.313210129737854
0.4988090693950653
0.5051532983779907
-0.21974416077136993
0.09553809463977814
-1.7864186763763428
-1.5348660945892334
0.6507232189178467
-0.4182373881340027
0.7572178840637207
0.19841769337654114
0.07921510189771652
0.5093696117401123
0.36079853773117065
-1.0358812808990479
-0.28575006127357483
0.11367903649806976
-0.5241411328315735
0.3085920810699463
0.03421292081475258
0.5236396789550781
-0.1211717277765274
-0.2795102000236511
1.0320169925689697
-0.05289710685610771
0.2827724516391754
0.3456387221813202
-0.483345091342926
0.018264250829815865
-1.163091778755188
0.3203032910823822
0.9441577196121216
-0.07817597687244415
0.4118829369544983
-0.7082284688949585
-0.8808892369270325
0.22979199886322021
0.06336027383804321
0.6078738570213318
0.7587968707084656
-1.1257988214492798
0.4244135022163391
-0.24753829836845398
1.1664658784866333
0.5125491619110107
-0.32973772287368774
0.69135582447052
0.19913256168365479
-0.5587802529335022
-0.156238853931427
0.5623082518577576
-0.017566511407494545
0.8304347395896912
0.355032742023468
0.43340837955474854
-0.17993175983428955
-0.3126797378063202
0.43720826506614685
0.2924288213253021
-0.29211199283599854
-0.26012831926345825
0.3605727255344391
0.12356577813625336
-0.3421168327331543
0.5289121866226196
0.46009954810142517
-0.5336748957633972
-0.06426992267370224
0.19927076995372772
-0.07946113497018814
-0.22922274470329285
0.2946905493736267
0.05055054649710655
0.30454185605049133
0.24837450683116913
0.37270697951316833
0.3205428123474121
-0.2653379440307617
0.24611862003803253
-0.8873772025108337
-0.7112494111061096
-0.24257364869117737
0.10977774858474731
0.41396018862724304
-0.06899579614400864
1.558539628982544
1.9604887962341309
0.05391593649983406
0.19978366792201996
1.0335081815719604
-0.10803284496068954
0.5634170770645142
-1.1741535663604736
-1.1353386640548706
-0.12699918448925018
-0.16858410835266113
-0.15333014726638794
-1.70958411693573
-0.6823848485946655
1.2224689722061157
-0.16047708690166473
0.16183120012283325
0.76753830909729
-0.3824254274368286
1.0069912672042847
-0.2416529804468155
-0.00022734361118637025
-0.0754900649189949
-0.6104068160057068
-0.26407650113105774
-2.0980725288391113
-0.5489115715026855
1.2302865982055664
-0.07522060722112656
-0.2083401083946228
0.2768312692642212
-1.8071705102920532
-0.4503585994243622
-0.7365399599075317
0.17691120505332947
1.2313605546951294
0.34725457429885864
-0.37564513087272644
-0.15097960829734802
0.45118775963783264
0.028446216136217117
0.11606724560260773
0.30378735065460205
0.7495198845863342
-0.6127504110336304
-1.541520595550537
0.16872809827327728
0.2416566163301468
-0.29455211758613586
0.10588248819112778
0.0034249124582856894
0.236365407705307
-0.1849045753479004
-0.5065430402755737
0.7899742722511292
1.3219163417816162
0.47472405433654785
0.5116398334503174
-0.499784916639328
-0.38617268204689026
0.15592579543590546
-0.2676699757575989
0.3138566017150879
-0.11316808313131332
1.0483088493347168
0.5850077867507935
0.04510286822915077
0.47338178753852844
1.0086826086044312
-0.7770494818687439
1.0836923122406006
-0.5269058346748352
-0.1414916068315506
0.2163097858428955
-0.9460557699203491
-0.0815465971827507
-0.9706580638885498
0.5439288020133972
0.2597213089466095
-0.461025595664978
-0.07321889698505402
0.08461056649684906
-0.2678241431713104
0.8117035031318665
-0.9290273189544678
-0.5769103765487671
-0.014016508124768734
-0.6101430654525757
0.003552936017513275
-0.0880771055817604
-0.8112001419067383
0.735343337059021
-0.1007343977689743
-0.12037907540798187
0.9007406234741211
-0.5845035910606384
-0.32156530022621155
-0.5948423147201538
0.24100908637046814
0.65614914894104
0.42290937900543213
-0.33577167987823486
-0.39618316292762756
0.964848518371582
0.19154132902622223
0.7352334856987
0.5416746139526367
-0.030982784926891327
-0.11522286385297775
-0.6156457662582397
0.4753926992416382
-0.7929299473762512
0.7893652319908142
0.4677223563194275
0.7442496418952942
0.7936265468597412
-0.582270085811615
-0.17081981897354126
0.2723308503627777
-0.37668532133102417
0.44399601221084595
0.6636093258857727
0.37106892466545105
0.7229353189468384
-0.0313984751701355
0.07164593786001205
0.29359763860702515
0.49543917179107666
0.28365209698677063
-0.21950195729732513
0.19312043488025665
-0.4832284450531006
-1.1619458198547363
0.745060920715332
-0.029217759147286415
0.5475753545761108
-0.18138302862644196
-0.7220403552055359
-0.1702161282300949
0.3451506495475769
-0.4682953655719757
-0.4218764305114746
-0.025782041251659393
0.17592036724090576
-0.3045215308666229
0.27716341614723206
-0.32758188247680664
-0.7412155866622925
0.907162070274353
0.5337576270103455
0.09444215148687363
0.43853333592414856
-0.06250987946987152
0.0034596268087625504
0.2846296727657318
0.065066859126091
0.12725070118904114
-0.16906842589378357
-0.3578709363937378
0.0029947906732559204
0.4750196635723114
0.368462473154068
-0.2489616423845291
-0.40213674306869507
-0.14436247944831848
0.22893983125686646
0.1171560287475586
-0.5454596281051636
1.476749300956726
-0.5329040288925171
-0.489043265581131
0.2529498040676117
0.6448674201965332
0.5426685810089111
0.07848412543535233
0.3330402970314026
-0.5442361831665039
-0.6626287698745728
-0.21534979343414307
-0.6511919498443604
0.6736593246459961
0.5332399010658264
-0.03988684341311455
-0.3179478943347931
0.3455543518066406
-1.0088779926300049
0.06782129406929016
-0.7723628878593445
0.13885733485221863
-0.16735194623470306
-0.16473668813705444
-0.8450098633766174
0.8900542259216309
0.3653525710105896
1.0124719142913818
-0.08153101056814194
0.9567424058914185
-0.6908130049705505
0.623461127281189
0.05320252105593681
-0.1857077181339264
0.0622493252158165
-0.6581064462661743
-0.01964036002755165
-0.975490927696228
0.0885346308350563
-0.0807235836982727
0.40078380703926086
0.8668707013130188
-0.00526441028341651
0.09616182744503021
-0.9282705783843994
-0.3741379976272583
0.15658579766750336
0.24123375117778778
-0.5084160566329956
-0.7871936559677124
-0.3096774220466614
-0.6205724477767944
0.2938461899757385
0.630074143409729
-0.43944987654685974
1.2698581218719482
0.10547017306089401
-0.4474477171897888
-0.4378938674926758
0.647651195526123
0.4474397897720337
0.02548147551715374
-0.14346568286418915
0.007542668376117945
-0.037266429513692856
-0.17606450617313385
-0.2943626344203949
0.21180905401706696
-0.2724398374557495
-0.5116814970970154
-0.4687662124633789
1.2810341119766235
0.024672215804457664
0.6797925233840942
0.8897877931594849
0.017872687429189682
-0.12448737770318985
0.026567360386252403
0.15571294724941254
0.2571660876274109
0.04858453944325447
0.17259296774864197
-0.4446190893650055
-0.4241361618041992
-0.1716102510690689
-0.6024771332740784
0.030757376924157143
-0.4949864447116852
-0.6999355554580688
-0.15097801387310028
0.05641575902700424
0.12567980587482452
0.8199382424354553
0.43363556265830994
-0.7780962586402893
-0.10119931399822235
-0.03372455760836601
0.12016492336988449
0.4700225293636322
-0.4226033091545105
-0.9042760133743286
0.36743810772895813
0.46330779790878296
-0.037447959184646606
-0.4442789554595947
0.09143314510583878
0.08732755482196808
0.45549529790878296
0.24481752514839172
-0.5376991629600525
-1.0138566493988037
0.13807803392410278
-0.5620610117912292
-0.17928951978683472
-0.6689545512199402
-0.5452083945274353
-0.04022495076060295
-0.2981122136116028
0.04627974331378937
0.8881257176399231
-0.28818273544311523
0.04615582898259163
0.2650477886199951
0.6176282167434692
0.01869887299835682
0.31475648283958435
-1.7030960321426392
-0.0658017173409462
0.36490967869758606
-0.7280316948890686
0.7496970891952515
1.0927473306655884
-0.5929650664329529
0.2574467658996582
-0.3358171880245209
0.7784562110900879
-0.434509813785553
0.4571809768676758
1.360510230064392
-0.6480494141578674
0.34776973724365234
-0.012439539656043053
-0.5593168139457703
0.2667640149593353
-0.5331026911735535
0.6319207549095154
0.920405387878418
1.0036267042160034
0.3561961352825165
-0.7884279489517212
0.361184686422348
0.16732288897037506
0.7446985840797424
-0.2899762690067291
0.17199376225471497
0.42668941617012024
-0.42506444454193115
0.5572424530982971
1.014181137084961
-0.19908484816551208
0.6959702968597412
0.26404672861099243
-0.7627108693122864
-0.10286638140678406
0.22061748802661896
0.7185754776000977
-0.36567696928977966
-0.4736679494380951
0.10018467903137207
0.3364453911781311
0.5285722017288208
1.0632234811782837
0.6594831347465515
0.2649480104446411
-0.6398990154266357
1.5651977062225342
0.5344113707542419
0.21965301036834717
-0.10407644510269165
0.555124819278717
0.2480916827917099
0.5830277800559998
0.7342315316200256
-0.8952112793922424
0.7865734100341797
0.33584174513816833
0.30365651845932007
-0.17528188228607178
-0.5074880719184875
-0.06469666957855225
0.5995643138885498
0.17948228120803833
-0.756055474281311
1.338647723197937
-0.3783506453037262
-0.30320480465888977
0.5407748222351074
0.6001101136207581
0.49470558762550354
-0.3691185414791107
0.73732590675354
-0.5371514558792114
0.6275435090065002
1.0714281797409058
-0.042089566588401794
-0.00671402458101511
-0.07116030156612396
-1.2263261079788208
-0.5872130393981934
-0.2829083502292633
0.5140070915222168
-0.5237197279930115
-0.020191166549921036
-0.6268163323402405
0.8541946411132812
-0.5885688066482544
0.7380400896072388
0.8506190776824951
0.508223831653595
0.1150267943739891
-0.06575294584035873
0.7854793667793274
1.0793172121047974
-0.18889017403125763
-0.652849555015564
-0.8914567232131958
-0.8230884671211243
-0.1497878134250641
-0.6676414012908936
0.2609853148460388
-1.148815631866455
-0.1487167626619339
-0.3523142337799072
-0.06317251920700073
0.4323040246963501
0.09401527792215347
-0.13553127646446228
0.3247489929199219
-0.12234519422054291
0.4934712052345276
0.16986532509326935
0.6464800834655762
-0.1745186597108841
-0.03122522123157978
0.4868638515472412
-0.028087636455893517
0.6546475291252136
-0.7388582229614258
0.4002324640750885
0.34297171235084534
0.2557355761528015
-0.12835393846035004
0.13111306726932526
-0.14297223091125488
0.07089468836784363
-0.5897840857505798
0.14960893988609314
0.47166770696640015
-0.21987682580947876
-0.32348906993865967
0.9554851055145264
0.6347329616546631
-0.3546488285064697
-0.1584939956665039
-0.07284965366125107
-0.03359195590019226
0.5177124738693237
0.6735301613807678
-0.054570820182561874
0.033074770122766495
-0.2949821650981903
0.23972412943840027
0.6303002834320068
0.13361486792564392
0.9552323222160339
-0.25071051716804504
0.3979536294937134
-0.2787749767303467
-0.5412341356277466
-1.1191011667251587
1.3691701889038086
0.2537413537502289
0.253153920173645
-0.10121499747037888
0.16796892881393433
-0.9538489580154419
0.01983276754617691
0.8859842419624329
-0.5104064345359802
-0.08757878839969635
0.3968507647514343
-0.19963037967681885
-0.04564249888062477
0.5368047952651978
-0.11455811560153961
0.11876706033945084
-0.36651965975761414
-0.5895957946777344
0.08067767322063446
-1.6456760168075562
0.2737595736980438
0.06561960279941559
0.9102068543434143
-0.03427250310778618
0.5213307738304138
-0.41706979274749756
-0.19859418272972107
0.840569019317627
-0.23306356370449066
-0.6089208126068115
-0.7823838591575623
-0.07334421575069427
-0.483411967754364
0.7018961906433105
0.11249305307865143
0.3694489002227783
-0.009372611530125141
-0.4520036280155182
-0.1853451430797577
-0.6036445498466492
0.3112269639968872
-1.019765019416809
-0.4740603268146515
-0.24163027107715607
0.004680810496211052
-0.2804965674877167
0.6345118284225464
0.20927591621875763
0.1773378551006317
0.33259615302085876
-0.40331900119781494
0.7061139345169067
-1.0939234495162964
-1.0478116273880005
-0.4479633569717407
0.1883481740951538
0.5503345727920532
-0.1895068883895874
0.6382527351379395
0.4206666350364685
0.6508072018623352
-0.5026508569717407
-1.1530894041061401
0.17498180270195007
1.3258075714111328
-1.5960757732391357
-0.6693309545516968
-0.1007852554321289
-1.2697240114212036
-0.4179779291152954
1.228684425354004
-0.8617258071899414
0.3094257712364197
0.14767523109912872
-0.33155640959739685
1.1971055269241333
-0.2834348976612091
1.2672791481018066
-0.6411344408988953
-0.4727286994457245
-0.07732415199279785
-0.6300140619277954
-0.008766288869082928
-0.24151024222373962
-0.18943637609481812
0.14045843482017517
-0.2059655636548996
0.008625409565865993
0.12439537048339844
-0.19879919290542603
1.2916549444198608
0.9489951133728027
-0.5402764081954956
-0.3664230406284332
1.2298303842544556
-0.7974478602409363
0.7508954405784607
0.6921371221542358
-0.047304410487413406
0.03626074641942978
-0.467302531003952
-0.2377481907606125
0.2663426995277405
1.0255247354507446
-1.623645305633545
0.13511991500854492
-0.5345811247825623
-0.5471911430358887
-0.34119001030921936
0.8688263297080994
0.5200798511505127
-0.834510087966919
0.8158977031707764
-0.4095154404640198
-0.7912136316299438
-0.03822944313287735
-1.0589816570281982
-0.31143590807914734
0.5436643958091736
-1.0358775854110718
0.318190336227417
-0.2568466365337372
-0.19020439684391022
-0.25990235805511475
-0.17808562517166138
-0.05468350648880005
-1.1494404077529907
0.07255785912275314
0.7024081945419312
0.17112229764461517
1.1543906927108765
0.34948569536209106
0.2139585316181183
0.568228542804718
-0.10589029639959335
0.3512917160987854
-0.8321318626403809
0.06533373147249222
0.053418248891830444
-0.6572977900505066
0.10195763409137726
-1.0216749906539917
0.15467984974384308
0.20012356340885162
-0.5058271288871765
-0.023706261068582535
0.23433712124824524
-0.2532416880130768
0.0951952189207077
0.027117092162370682
0.18424834311008453
0.27935799956321716
-0.5988442301750183
0.16062980890274048
-0.8532958626747131
-0.07284659147262573
0.4352543354034424
0.5246821641921997
0.17645981907844543
0.5420935153961182
-0.2683718502521515
-1.137108325958252
-0.3153702914714813
0.3728935122489929
0.8209495544433594
-0.3532068729400635
-0.17920267581939697
0.08888205140829086
0.3814624547958374
-0.39811691641807556
0.32221293449401855
0.3622121214866638
-0.19393233954906464
-0.7390627264976501
0.07710020989179611
0.19359086453914642
-1.2183234691619873
-0.32581907510757446
0.09106449037790298
-0.2767578661441803
0.44900181889533997
-0.3330146372318268
-0.44658198952674866
0.3941083252429962
-0.28196096420288086
0.45755502581596375
0.05982258915901184
0.8252534866333008
0.7118150591850281
-0.06571564078330994
0.04428182169795036
-0.035474106669425964
0.2890128791332245
-0.2494448721408844
-0.08988501131534576
0.33291855454444885
-0.11152712255716324
0.26759862899780273
-0.08511518687009811
0.3106353282928467
-0.16788670420646667
0.6689215302467346
-0.5523287057876587
0.2653331756591797
0.17995131015777588
0.6148501038551331
-0.03893834352493286
-0.18093374371528625
-0.43064555525779724
-0.188497394323349
-0.6748099327087402
0.0144093232229352
-0.6152483820915222
-0.32799264788627625
-0.09943192452192307
0.34012818336486816
-0.004753618035465479
-0.061052531003952026
-0.06476893275976181
0.06098005920648575
-0.3764319121837616
-0.30178302526474
0.10625845938920975
0.3494298756122589
-0.0694277212023735
0.057954054325819016
-0.275898814201355
0.41579553484916687
-0.44448012113571167
0.5540139079093933
0.22490744292736053
-0.14651042222976685
-0.07714483141899109
0.6042149066925049
-0.2572207450866699
0.47464892268180847
-0.17147614061832428
0.10091912746429443
-0.5607948899269104
0.003459682920947671
0.10456448048353195
0.6839669942855835
-0.10083697736263275
-0.1827089786529541
-0.35495415329933167
-0.22886522114276886
-0.06261095404624939
0.03587674722075462
0.2730403244495392
-0.3230624198913574
-0.02806774340569973
0.40042656660079956
0.15717974305152893
0.72714763879776
0.17994007468223572
0.2630729079246521
0.9031590819358826
-0.3065769672393799
0.12053108215332031
-0.04138696566224098
-0.7227886319160461
-0.6728453636169434
0.2452480047941208
0.4669457674026489
1.130728840827942
0.3601485788822174
-0.18987341225147247
-0.4500548839569092
0.4169381260871887
-0.14639000594615936
-0.22329339385032654
-0.059841081500053406
0.5936686396598816
-1.002062439918518
0.040458954870700836
-0.06365249305963516
0.033793896436691284
0.7629427313804626
-0.24466951191425323
-0.033128030598163605
0.5642285943031311
0.866795539855957
-0.4301871359348297
0.1852840781211853
-1.1286953687667847
-0.06504738330841064
-0.0694250613451004
-0.334038108587265
0.1562700867652893
0.4796043038368225
0.15512025356292725
-0.29779136180877686
-0.04546770080924034
-0.07212002575397491
-0.015971366316080093
0.4725496470928192
-0.2880934178829193
0.25634750723838806
-1.1045968532562256
-0.829216480255127
-0.18765853345394135
-0.009572536684572697
0.48733049631118774
-0.21430456638336182
0.08426626771688461
-0.4773646593093872
-0.4298071265220642
0.5838865041732788
-1.347445011138916
0.23711444437503815
-0.5023089051246643
0.4474203884601593
-0.46487677097320557
-0.5022155046463013
-0.4602043628692627
0.011845470406115055
-0.025833530351519585
0.9665431976318359
0.0752008929848671
0.024184899404644966
0.8726602792739868
0.1865716427564621
-0.4394303262233734
0.3769987225532532
0.6686022281646729
-0.05709589272737503
-0.22296464443206787
0.8160051703453064
0.000504864496178925
0.0485420897603035
-0.4904438257217407
-0.3876437544822693
-0.36525920033454895
-0.29503610730171204
-0.891796350479126
0.015172739513218403
0.8012458682060242
1.2421129941940308
0.4255722165107727
-0.4391719400882721
0.057372912764549255
-0.38644132018089294
0.5048120021820068
0.7890017628669739
0.3428373336791992
-0.8502517938613892
0.37872499227523804
0.19070029258728027
-0.14152385294437408
-0.5508335828781128
-0.24223123490810394
0.5569846034049988
-0.13365356624126434
-0.02492358908057213
0.33380788564682007
0.22158129513263702
0.12359249591827393
0.20879971981048584
-0.15149782598018646
-0.4385251998901367
0.3088069260120392
-0.257975310087204
0.3640882968902588
-0.05230533331632614
1.0198147296905518
-0.025559118017554283
-0.10403170436620712
0.7443677186965942
-0.5117065906524658
0.8968873620033264
0.6554439067840576
-0.07487371563911438
0.3851451873779297
-0.2183856964111328
0.34726372361183167
-0.7621487975120544
0.3565364480018616
-0.18319357931613922
-1.0955755710601807
-1.0719373226165771
-0.07270511239767075
0.08596434444189072
-0.37707021832466125
-0.6308662295341492
-0.4311394691467285
0.34463387727737427
0.36728328466415405
-0.378771036863327
0.7619900107383728
0.061798613518476486
-0.4910237193107605
-0.19235271215438843
-0.642511248588562
0.25254496932029724
0.23116999864578247
0.18448615074157715
-0.8120782971382141
-0.5315784215927124
0.3277228772640228
1.550097107887268
-0.01548872422426939
-0.04261752590537071
0.2355789989233017
-1.9261361360549927
0.7602750062942505
-0.4813246726989746
0.27111104130744934
-0.6422905921936035
-0.15711216628551483
-0.34321898221969604
0.13624756038188934
-0.7231836318969727
1.3851112127304077
-1.3832240104675293
0.6080238819122314
0.19393467903137207
0.6281295418739319
-0.33179521560668945
-0.8787696361541748
-0.15009601414203644
0.0406123585999012
0.4893205761909485
-0.7410650253295898
-0.8138278126716614
0.8154497742652893
-0.13746525347232819
1.0032646656036377
0.5477355122566223
0.08449144661426544
-0.150612473487854
0.1892603635787964
0.6108815670013428
-0.25314244627952576
0.08692391216754913
0.08965334296226501
-0.034078627824783325
0.7803238034248352
-0.5047246217727661
0.3797158896923065
0.14053049683570862
-0.05644465982913971
0.651719331741333
-0.613892138004303
-1.2061680555343628
-1.4195970296859741
-0.7646511793136597
0.10828262567520142
-0.7263574004173279
-0.4805973470211029
0.947732150554657
0.2357923686504364
-0.3403656780719757
0.5844049453735352
1.04731023311615
0.11664409935474396
-0.006020704749971628
-0.9563833475112915
-0.17677123844623566
-0.049069371074438095
-0.030381331220269203
-0.8047893643379211
0.3269188404083252
-0.4856252372264862
0.30794116854667664
-0.36120888590812683
0.09908150881528854
0.3162227272987366
0.16010920703411102
0.9873306155204773
-0.1491854041814804
0.4043998122215271
0.4171834886074066
-0.6186074614524841
-0.1510726660490036
-0.580062747001648
-0.6084817051887512
0.0002164822944905609
-0.43137770891189575
0.09436926990747452
0.0640837699174881
-0.9085819721221924
-0.18384742736816406
-0.522094190120697
-0.21051684021949768
0.4900175631046295
0.9704450964927673
-0.17232459783554077
-1.0330828428268433
0.16323231160640717
-0.04110099375247955
0.4469100534915924
-0.009596692398190498
0.5545703768730164
-0.45822346210479736
-1.559057354927063
0.021943293511867523
-0.12488019466400146
0.30694904923439026
0.3403299152851105
-0.29149115085601807
0.013160435482859612
-0.22728155553340912
-0.13109607994556427
0.8348438143730164
0.13709817826747894
0.23941779136657715
1.2942423820495605
0.6904451251029968
0.361635684967041
0.20282293856143951
-0.45511993765830994
-0.4091138243675232
0.5136463642120361
-0.22772209346294403
-0.09754628688097
-1.1213382482528687
-0.7049676775932312
-0.605083167552948
0.13545085489749908
0.8134644627571106
-0.17866535484790802
0.3965330719947815
-0.543417751789093
0.7151426672935486
0.016440410166978836
-0.6732059717178345
0.10803629457950592
0.14315561950206757
0.2751149535179138
-0.11041796207427979
-0.02338789589703083
-0.022412216290831566
0.80386883020401
0.1080298200249672
-0.6857084631919861
-0.29359403252601624
0.055454764515161514
0.15092167258262634
-0.31476256251335144
0.3331155478954315
-0.2419356107711792
0.16317933797836304
0.281089186668396
-0.10248721390962601
-0.28399208188056946
0.3379628360271454
-0.13971145451068878
-0.5580371022224426
-0.2337409406900406
-0.2904961109161377
0.38876521587371826
0.25685253739356995
-0.12204886227846146
0.3522128760814667
-0.037808824330568314
-0.155507892370224
-0.12072791159152985
0.5274618864059448
0.05229238420724869
-0.02522614225745201
0.19026236236095428
0.47299784421920776
0.513882040977478
0.35198745131492615
-0.117365762591362
0.128860205411911
0.7489246726036072
0.08072160929441452
-0.2556333541870117
0.3013973832130432
0.4338718056678772
0.15032052993774414
0.0920654684305191
0.5909504890441895
-0.8428030014038086
-0.30336621403694153
-0.03980645909905434
-0.16580888628959656
0.40894514322280884
0.11869693547487259
-0.4508395493030548
-0.471233993768692
-0.4508623778820038
-0.1927306354045868
0.21662569046020508
0.13207228481769562
-0.7418092489242554
0.08951374143362045
0.31239038705825806
-0.303829550743103
-0.19938924908638
-0.06075264513492584
0.39329037070274353
0.02215103805065155
-0.06366375833749771
-0.18166933953762054
0.28486543893814087
-0.06708027422428131
0.419111043214798
0.1386457085609436
0.3151840567588806
0.3669743835926056
-0.3465515077114105
0.355238139629364
0.11636276543140411
-0.3530868589878082
-0.4230627119541168
0.03465883806347847
-0.4399855136871338
0.28076180815696716
0.06019856035709381
0.26307880878448486
-0.5306989550590515
0.08223211765289307
0.12262995541095734
0.08295489102602005
0.07585103064775467
-0.20441457629203796
-0.060355912894010544
-0.5937724709510803
-0.1538558453321457
0.20204132795333862
0.7503257989883423
0.07231278717517853
0.01956339180469513
-0.05087267607450485
-0.7205297946929932
-0.12436486780643463
-0.3477058708667755
0.06535378843545914
-0.011032827198505402
-0.5904533267021179
-0.4566614329814911
0.49399667978286743
0.0399104543030262
-0.4421333074569702
-0.3898269832134247
-0.03420576825737953
-0.6579182147979736
-0.13840427994728088
-0.48408395051956177
0.7848420143127441
0.4747455418109894
-0.3348996937274933
0.6709309816360474
0.8274186253547668
-0.912038266658783
0.21803151071071625
-0.4669768810272217
0.35631710290908813
0.9471939206123352
-0.6128842234611511
-0.412697970867157
-0.6534759998321533
0.20738503336906433
1.319230318069458
-0.33724167943000793
0.006452994886785746
0.47878679633140564
-0.8538379073143005
0.9263375401496887
-1.0058504343032837
0.28252243995666504
-0.028894182294607162
-0.6543504595756531
-0.7070832252502441
-0.09582894295454025
-0.6312065720558167
1.195284366607666
-0.695814847946167
-0.370749831199646
0.6430409550666809
-0.3560606837272644
-0.6916739344596863
-0.9347499012947083
0.44815272092819214
0.7043933868408203
0.5181742310523987
-1.032565712928772
-0.3740764260292053
1.1229355335235596
-0.7501236200332642
0.569491982460022
0.5027656555175781
-0.130900040268898
-1.0489299297332764
-0.3173678517341614
0.800216555595398
-0.5469944477081299
1.2544183731079102
0.5587604641914368
-0.607872724533081
1.1644237041473389
-0.7506732940673828
-0.3002593517303467
0.2960549294948578
-0.4357912540435791
0.46670544147491455
0.3123699724674225
-0.16456490755081177
-0.018628519028425217
-0.011345180682837963
0.17458485066890717
-0.42261314392089844
0.8422732949256897
0.05788052827119827
0.41813457012176514
0.02401071786880493
0.15123477578163147
0.16018146276474
0.5624545812606812
-0.3769789934158325
-0.44509759545326233
-0.612298309803009
0.898930549621582
1.0563948154449463
-0.5383620858192444
-0.1600169539451599
-0.773169994354248
0.754309892654419
0.09566979110240936
-0.03532109409570694
-0.4498909115791321
-0.46791577339172363
0.14378458261489868
0.22504277527332306
0.7517204284667969
-0.8414484858512878
0.12194230407476425
-0.10157422721385956
-1.0584938526153564
-0.937223494052887
-0.11960295587778091
0.06698275357484818
-0.0851798802614212
-0.06745714694261551
-0.223528191447258
0.11000895500183105
-0.17527374625205994
-0.0907113179564476
-0.36839866638183594
-0.1338842362165451
-0.017315668985247612
-0.0340745635330677
1.1142604351043701
-0.09196220338344574
0.009939778596162796
0.002364016603678465
0.2914704978466034
0.19135013222694397
0.16962336003780365
-0.11968566477298737
-0.037193115800619125
-0.5403851270675659
-0.47996947169303894
0.6196103096008301
0.07661869376897812
-0.17062908411026
-0.2654018700122833
-0.29248619079589844
0.6506062746047974
0.7376826405525208
-0.33644187450408936
0.36297807097435
0.23297163844108582
-0.4740082919597626
0.41493308544158936
0.24850063025951385
0.8659831285476685
-0.18152834475040436
0.09977125376462936
-0.4375428557395935
-0.39627912640571594
-0.6336889266967773
0.577148973941803
-0.7397940158843994
-0.1911262720823288
0.4640583395957947
-0.10761944949626923
0.5725751519203186
0.08074620366096497
0.5863052606582642
-0.9323852062225342
0.6871060132980347
0.17943865060806274
-0.5130248069763184
0.17922963201999664
-0.5370259881019592
0.08227842301130295
-0.1868986189365387
0.32057908177375793
-0.31540247797966003
-0.0760003924369812
0.8280652761459351
-0.8436982035636902
0.1847991943359375
0.06960657238960266
0.7775208950042725
0.4433613121509552
-0.4609040319919586
0.09226245433092117
0.3644515573978424
0.6385395526885986
-0.26239433884620667
-0.006642419844865799
-0.19665741920471191
0.1912541687488556
-0.1285497099161148
-0.4092896580696106
-0.4287879168987274
-0.21295002102851868
-0.02400507777929306
0.643441915512085
0.6902618408203125
0.504419207572937
-0.47394874691963196
0.6208981275558472
-0.2990391254425049
-0.21805360913276672
0.5486619472503662
0.03386593237519264
0.201410710811615
-0.45967093110084534
-0.5603305101394653
1.0598593950271606
0.45343711972236633
-0.9606863856315613
1.569672703742981
1.0312553644180298
0.5331804752349854
-0.1199801117181778
0.24230225384235382
0.1219499409198761
-0.7261121273040771
-0.49338895082473755
0.1789163202047348
-0.8126985430717468
-1.0472474098205566
0.7142907977104187
0.13777941465377808
-0.2887044847011566
-0.4253198802471161
-0.5770389437675476
0.21474336087703705
-0.36373695731163025
0.4030846655368805
-0.8797991871833801
-0.050540436059236526
0.38337022066116333
0.11790905147790909
-1.0612107515335083
-0.05307239294052124
-0.5519563555717468
0.2673371434211731
0.07620830088853836
-0.3487500548362732
-0.1317005455493927
-0.2201644331216812
0.6872370839118958
0.46532514691352844
0.09464285522699356
0.9089933037757874
-0.3095671534538269
-0.8260010480880737
-0.3141399919986725
0.12820304930210114
-0.0014402499655261636
-0.07690151035785675
-0.5710853338241577
0.09864994138479233
-0.35985392332077026
1.355718970298767
-0.3371327519416809
-0.17052221298217773
-0.6277927756309509
-1.1265599727630615
0.19968314468860626
0.9663493633270264
0.9265884160995483
-0.7687366604804993
0.5018871426582336
-0.5310803055763245
-1.3505542278289795
2.008657693862915
-1.4104808568954468
0.2131236344575882
0.5204145312309265
-0.7398030757904053
-0.2474052757024765
-0.08089777082204819
-1.4216411113739014
0.40549516677856445
-0.8290473222732544
0.1277763694524765
-0.2575052082538605
-0.7338538765907288
-1.0644809007644653
0.06218236684799194
0.10423502326011658
0.3337952196598053
-0.8795748353004456
-0.13371095061302185
0.8738996982574463
-0.4120767414569855
0.251998633146286
-0.6977691650390625
-0.931413471698761
-0.7152935862541199
0.2527606785297394
0.17420361936092377
-0.04640445113182068
0.17815984785556793
1.0565952062606812
0.09745817631483078
0.10505681484937668
-0.19970647990703583
0.1425636261701584
0.5514706969261169
0.8344454169273376
0.8167744874954224
0.1880132257938385
0.1962781548500061
-0.7536353468894958
0.6679542064666748
-0.20126834511756897
0.02868289314210415
-0.34561607241630554
-0.5236364603042603
0.9535394310951233
0.13209335505962372
0.4375372529029846
-0.76064532995224
-0.15902845561504364
-0.9402409195899963
0.0061224596574902534
-0.4613155424594879
-0.004735622089356184
-0.42429131269454956
-0.04915276914834976
-0.3815775215625763
0.41171199083328247
0.20044852793216705
0.690345823764801
0.32162100076675415
-0.1859716922044754
-0.03268550708889961
0.08206083625555038
-1.134568214416504
-0.35235849022865295
0.14903804659843445
-0.5347035527229309
-0.004388451110571623
-0.024537796154618263
0.4672929346561432
0.7029643058776855
-0.13208900392055511
0.061195097863674164
0.5970470309257507
-2.0092711448669434
-0.1947546899318695
-1.4577140808105469
-0.27395105361938477
-0.19846266508102417
-0.46845194697380066
-1.4692456722259521
-0.8130303621292114
0.22358447313308716
-0.17777474224567413
0.8308270573616028
0.32329362630844116
0.41786783933639526
0.14184443652629852
0.0884234681725502
0.9946413040161133
-0.10062020272016525
-0.5219941735267639
0.4726429283618927
-1.2917536497116089
0.2716253995895386
-0.036077577620744705
0.28107017278671265
0.18341587483882904
-0.36624664068222046
-0.11450471729040146
0.5452021956443787
0.054100096225738525
0.401065468788147
0.6743358969688416
-0.18947556614875793
0.34092283248901367
0.2239340841770172
-0.6206636428833008
0.6252841949462891
-0.02846771664917469
1.182053804397583
-0.28814783692359924
-0.3977298140525818
-1.2933186292648315
1.1442644596099854
0.7405447363853455
-0.7538921236991882
0.33614858984947205
-0.7277854681015015
-0.3646772503852844
-0.034852828830480576
0.6348751783370972
1.0662182569503784
-0.3937477469444275
0.3560771048069
-1.4033972024917603
-1.7135287523269653
-1.1978050470352173
-0.8956610560417175
0.6736007928848267
-0.6028225421905518
-0.5972691178321838
-0.20616914331912994
-0.21797819435596466
-1.189756155014038
0.4088782072067261
-0.24615292251110077
0.19674891233444214
-0.3225429356098175
-0.19434455037117004
0.25057700276374817
-0.09488765150308609
-0.07200363278388977
0.18369661271572113
0.9198760390281677
-0.09678719192743301
-0.5459772944450378
0.852229118347168
-0.23118242621421814
0.6334059238433838
0.31550002098083496
-0.29610389471054077
-0.007379956543445587
0.12961408495903015
0.14910773932933807
-0.1795235127210617
0.1879429668188095
-0.08266153186559677
0.004389326553791761
0.028441250324249268
-0.456173837184906
-0.20260955393314362
0.5101011991500854
0.1554601937532425
0.38896098732948303
0.1370166540145874
-0.2614345848560333
0.3261774480342865
-0.3570076823234558
-0.03970798850059509
-0.4389037787914276
-0.1087527796626091
0.26262322068214417
0.10963945090770721
0.12119757384061813
0.09604567289352417
0.018777914345264435
0.21635769307613373
-0.7698951363563538
0.48076412081718445
-0.16333717107772827
-1.253324031829834
0.400898814201355
0.5040343999862671
-0.6749755144119263
-0.2020801603794098
0.4105229377746582
0.24346300959587097
-0.19837918877601624
-0.22215309739112854
0.24807968735694885
-1.358222246170044
0.5329289436340332
0.05716525390744209
-0.2508714199066162
-0.30160531401634216
0.28322386741638184
0.0955474004149437
0.5021477937698364
0.12891626358032227
0.8826399445533752
-0.9863665699958801
0.23537100851535797
0.5788335800170898
0.49396607279777527
-1.467095971107483
-0.23669180274009705
0.39755475521087646
-0.45038241147994995
-0.29513871669769287
0.4341370165348053
-0.42380771040916443
-0.7238698601722717
-0.5314434766769409
-0.5249810814857483
0.6516993045806885
-1.0653388500213623
-0.4568639099597931
-0.1767861545085907
-0.7314314842224121
-0.13524270057678223
0.09760184586048126
0.4477628469467163
0.17151983082294464
-0.45965370535850525
0.6010289788246155
-0.9417892694473267
0.7933076620101929
-0.6337950825691223
-0.5161568522453308
-0.29012230038642883
-0.33106422424316406
-0.07558301091194153
0.2503129243850708
-0.06090030074119568
-0.15657666325569153
0.618130624294281
-0.6894564032554626
-0.528359591960907
-0.417743980884552
-0.4767364263534546
0.025238454341888428
0.3300052583217621
0.7287930250167847
0.2029150277376175
-0.8191520571708679
-0.20922890305519104
-0.03998776897788048
-0.03650284558534622
-0.6332211494445801
0.24492889642715454
0.7674015760421753
-0.38708338141441345
0.13616614043712616
0.18714769184589386
-0.6333100199699402
0.1369868963956833
-0.49391108751296997
-0.3482855260372162
0.4232408404350281
-0.13381601870059967
-0.3738254904747009
0.05736055225133896
-0.06908602267503738
2.1272172927856445
-0.9600735902786255
0.3226674199104309
1.1427723169326782
1.9436590671539307
-0.07668251544237137
-0.7187193036079407
0.6990282535552979
-1.0682777166366577
0.27759987115859985
0.24857938289642334
-0.6157283782958984
0.7037361860275269
0.41390737891197205
-0.06163404881954193
0.26126521825790405
0.7397854924201965
1.0102214813232422
-0.47253167629241943
-0.3772656321525574
0.13225650787353516
0.5010552406311035
-0.22464746236801147
0.6610506772994995
-0.07767599821090698
0.4255329668521881
-0.87433260679245
0.4679579734802246
0.1606377512216568
0.4239691197872162
1.6542530059814453
-0.10878665745258331
-0.047335900366306305
-0.16769732534885406
0.7499048113822937
-1.0611212253570557
0.06650230288505554
1.425405740737915
0.5582926869392395
0.05262303724884987
0.12383239716291428
-0.6105002164840698
1.3968499898910522
0.02292008511722088
-0.9651646614074707
0.5701450109481812
-0.7826843857765198
-0.4727018177509308
-0.20479291677474976
0.7101830840110779
0.07495298981666565
-1.9270567893981934
1.6227896213531494
0.5501971244812012
-0.5589564442634583
0.7815475463867188
-0.6528931856155396
-0.28739669919013977
0.5514699816703796
-0.4139765202999115
-1.418005108833313
-1.109477162361145
0.48533573746681213
-1.1023954153060913
0.21900416910648346
-0.32963040471076965
-0.5937031507492065
0.24435541033744812
-0.12468622624874115
0.38664913177490234
0.5389217138290405
-0.44550323486328125
0.6698718667030334
0.37463733553886414
-0.8169391751289368
-1.11415696144104
-0.8699022531509399
-0.3705594837665558
1.1895686388015747
-0.18956296145915985
0.3356563150882721
-0.43300101161003113
0.06333470344543457
0.30470502376556396
-1.0254842042922974
-0.2740000784397125
0.056698989123106
-0.3064577281475067
-0.33628273010253906
-0.8896480798721313
-1.0190201997756958
-0.030332369729876518
-0.9822384715080261
-0.9553346633911133
-0.728108823299408
-0.8426069021224976
0.6171233654022217
-1.8221735954284668
-0.3532303273677826
-0.20184597373008728
-0.17116783559322357
-0.2875138223171234
-0.7806531190872192
0.34097424149513245
0.48647233843803406
0.039098840206861496
-0.6037549376487732
-0.6873840093612671
1.290023684501648
-0.6071782112121582
0.8528810739517212
0.9445348381996155
0.1123887225985527
-0.863437294960022
-0.26534503698349
0.15204022824764252
-0.7193048000335693
0.6586571931838989
-0.02180471085011959
-0.783909797668457
0.5289600491523743
-0.5946562886238098
-0.9527115225791931
0.4738064408302307
-0.16171011328697205
0.42003801465034485
0.31965240836143494
0.6248143315315247
-0.20274744927883148
-0.38412344455718994
-0.5587967038154602
0.6098651885986328
0.5127130746841431
-1.3053663969039917
-0.7267047762870789
0.09184257686138153
-0.17038868367671967
-0.552507221698761
-0.05860345810651779
0.17803090810775757
0.09586828202009201
0.3528002202510834
0.3090660274028778
0.19846822321414948
-0.04062750190496445
0.11591421812772751
0.13597939908504486
0.14665377140045166
0.6843130588531494
-0.2221354842185974
-0.7519766092300415
0.41024699807167053
0.32186707854270935
0.06524859368801117
-0.3710262179374695
0.1283508837223053
-0.10562390089035034
-0.43000328540802
0.5392831563949585
1.127052664756775
-0.2839764654636383
-0.23985105752944946
-0.23193900287151337
0.16765137016773224
0.22303175926208496
0.5767881870269775
-0.8978327512741089
-0.7239691019058228
-0.5243040919303894
0.057196591049432755
-0.047354135662317276
1.344220519065857
-0.0869775265455246
0.03719134256243706
-0.7158238291740417
0.30894404649734497
-0.3334249258041382
0.4088539183139801
0.6859575510025024
-0.8018110990524292
0.22573204338550568
0.6661624312400818
-0.8360282778739929
-0.26067206263542175
-0.9387158751487732
0.26010584831237793
-0.2868514358997345
0.2762771248817444
-0.22980733215808868
-0.3877643048763275
-0.6123015284538269
1.0456160306930542
0.5115605592727661
-0.4491845369338989
1.5081840753555298
0.4866023361682892
-0.4191233217716217
-0.029321882873773575
0.029695602133870125
0.5590350031852722
-0.6794161200523376
-0.13089241087436676
0.654530942440033
-0.15169455111026764
0.02844969928264618
-0.5168455243110657
-0.16393768787384033
-0.4419263005256653
0.1253412812948227
0.42938897013664246
-0.9386119842529297
0.036948062479496
-0.6525610685348511
0.9537515640258789
0.612205982208252
0.551895260810852
-0.5772445201873779
0.19683298468589783
-0.04681706801056862
0.5309340357780457
0.9286097884178162
-0.2517610788345337
0.0605989433825016
0.26731249690055847
-0.046943362802267075
0.33982086181640625
0.9645480513572693
-0.3260103166103363
0.5746966600418091
-0.0036250194534659386
0.7475687861442566
0.031695425510406494
0.11598716676235199
-0.39352890849113464
1.0067514181137085
0.4388791024684906
-0.6515246629714966
-0.17446893453598022
-0.31383413076400757
-0.8508746027946472
0.3272870182991028
0.22508081793785095
0.16838747262954712
-0.6834239959716797
0.20717722177505493
0.22262249886989594
-0.45111122727394104
0.3983428478240967
-0.5562984347343445
0.6114726066589355
0.6031813025474548
-0.14792326092720032
0.08740460872650146
-0.599029541015625
0.8593578338623047
0.4181864559650421
0.24879246950149536
-0.2271949052810669
-0.5741631984710693
0.6294918060302734
-0.0022894565481692553
-0.9162991642951965
0.18818922340869904
-1.5201524496078491
-0.5530933737754822
-1.385488748550415
-0.07377613335847855
0.5486088395118713
-0.04313560575246811
0.25148147344589233
-0.7918645739555359
0.7643153667449951
0.18394066393375397
1.1070754528045654
0.10937269777059555
-0.2562201917171478
-0.21065424382686615
-0.0699351355433464
-0.9272409081459045
-0.6980814933776855
0.6535515785217285
-0.012967227958142757
0.51363605260849
-0.5735785365104675
-0.18215177953243256
0.9700195789337158
-0.22409918904304504
0.8441874980926514
-0.3012036681175232
0.1670481413602829
-0.1606573909521103
-0.502639651298523
0.8691571950912476
-0.14080671966075897
0.35623419284820557
-0.12704405188560486
-0.30075639486312866
0.1669454276561737
-0.13495278358459473
-0.24242091178894043
-0.25485536456108093
-0.011278518475592136
0.5035758018493652
0.11252531409263611
-0.42459747195243835
-0.3643367886543274
0.6487414836883545
0.20373833179473877
-0.6491090655326843
-0.3550589978694916
-0.5294284224510193
-0.1997818648815155
0.5917572975158691
-0.367801308631897
-0.08153083175420761
-0.012742416001856327
-0.8458383083343506
0.09373526275157928
-0.43749094009399414
0.08025100827217102
0.1365504413843155
-0.28391918540000916
0.2240070402622223
-0.0815240815281868
0.8861480951309204
0.22901543974876404
-0.37593749165534973
1.6451512575149536
0.18419848382472992
0.5703418850898743
0.018087424337863922
-0.4692961871623993
-0.3573227822780609
-0.8787007927894592
0.2269180417060852
0.10510844737291336
0.3903796672821045
-0.20010881125926971
-0.5750120282173157
-1.0570085048675537
-0.09226376563310623
-0.13939376175403595
0.28126826882362366
0.2884830832481384
-1.7255595922470093
0.09233638644218445
-0.35933080315589905
0.8114092946052551
-0.13633158802986145
-0.5935178399085999
0.928795337677002
-0.17436735332012177
-0.18965603411197662
-0.11373128741979599
0.21211674809455872
-0.32102933526039124
0.553835391998291
-0.5006411075592041
0.3296825885772705
0.18988002836704254
-0.021585945039987564
0.21606500446796417
-0.06888240575790405
-0.2125367671251297
0.3214224874973297
-0.23238742351531982
0.2157752513885498
-0.22593936324119568
0.467990905046463
0.14395391941070557
-0.43734872341156006
0.016352256760001183
0.2856280505657196
-0.10680095851421356
-0.16705988347530365
0.06834879517555237
0.004256472922861576
-0.575379490852356
-0.34588754177093506
0.12004027515649796
0.4955155849456787
-0.2113966941833496
-0.13022494316101074
-0.49472519755363464
-0.7973670363426208
-0.19021950662136078
0.5124531984329224
-0.5775913000106812
-0.20941415429115295
1.242253065109253
1.1527788639068604
-0.06755431741476059
0.313058078289032
0.8146504759788513
-0.39252060651779175
1.4430679082870483
-1.9028939008712769
-1.120021104812622
1.218019962310791
-0.31022337079048157
-0.6516894698143005
-1.0698150396347046
-0.9662815928459167
-0.13305412232875824
-0.7359058260917664
0.4956878125667572
-0.4874158501625061
0.010172522626817226
0.22511404752731323
-0.7945888638496399
0.473225474357605
0.15695245563983917
-0.7389728426933289
-0.29837700724601746
-1.7353692054748535
-0.9300011396408081
0.6230670809745789
-0.32964959740638733
-0.31943458318710327
-0.6135804057121277
0.2031376212835312
-1.0816519260406494
-0.3084098994731903
0.10968132317066193
0.16888505220413208
-0.5331721305847168
-0.44279956817626953
-2.8536534309387207
0.20524835586547852
-0.6775525212287903
-0.0020070811733603477
0.27423056960105896
0.7345160841941833
-1.191333293914795
-1.175666093826294
0.40135446190834045
0.5009077191352844
0.8232303857803345
1.722528100013733
-0.261146605014801
0.9930233359336853
-0.3100419342517853
-1.622968077659607
-0.7302080392837524
-0.4999379515647888
-0.07829055190086365
0.9163606762886047
0.5253973603248596
-0.09079063683748245
0.0395212285220623
-0.6144481301307678
-1.0970773696899414
-0.5828626155853271
-0.09906205534934998
-0.44986259937286377
-0.8573347330093384
0.08467120677232742
0.17837204039096832
0.5934860110282898
0.6487993597984314
0.048531074076890945
-0.5424808859825134
-0.3455353081226349
0.24029745161533356
0.21856647729873657
0.5234782099723816
-0.20131175220012665
-0.2598373591899872
0.4287334680557251
0.18611790239810944
-0.24269427359104156
0.2462664693593979
0.16999250650405884
0.09004710614681244
0.39286190271377563
-0.5397009253501892
-0.08829199522733688
-0.24641519784927368
0.15468791127204895
0.4690243899822235
-0.3154865801334381
-0.20662611722946167
0.19356471300125122
-0.28278985619544983
-0.04554230347275734
0.1877039521932602
0.3727474510669708
0.2721291184425354
0.05758628621697426
0.017493873834609985
-0.16214221715927124
0.30695840716362
-0.5165000557899475
-0.0855766162276268
-0.38097327947616577
-0.32357439398765564
-0.30780789256095886
0.10748063027858734
-0.30413734912872314
-0.3415544629096985
0.5814365744590759
-0.46733421087265015
0.19868183135986328
0.018250593915581703
-0.3036345839500427
0.33527469635009766
-0.3617786467075348
-0.19918446242809296
0.2484465092420578
-0.6048706769943237
0.35310330986976624
-0.6571490168571472
0.7192822694778442
-0.2577688992023468
0.30053991079330444
-0.06923024356365204
0.05489042028784752
-0.295718789100647
0.18330588936805725
1.1180843114852905
-0.7393715381622314
-0.5763238072395325
0.02331187203526497
-0.9449589252471924
0.030522629618644714
-0.34741178154945374
-0.6789417862892151
-0.1041121631860733
0.48206964135169983
0.07297646254301071
-0.14127610623836517
0.45978617668151855
0.3544458746910095
-0.9181497693061829
0.32911139726638794
0.4978455901145935
-1.8722354173660278
0.052613765001297
-1.3302817344665527
-0.7199212312698364
-0.24067890644073486
0.2288072407245636
-0.03527994081377983
0.32949453592300415
-0.1384076327085495
-0.6036235094070435
-0.055859509855508804
-0.15639571845531464
0.8555397391319275
0.1686173677444458
-0.3849322199821472
-0.9480240345001221
-0.13248968124389648
-0.08635484427213669
0.5252062678337097
0.10190939903259277
-0.37668657302856445
-0.21621547639369965
-1.2017436027526855
-0.18140342831611633
-0.603425920009613
-0.15658819675445557
0.05450024828314781
-0.1677085906267166
0.25306376814842224
-0.08009045571088791
0.051015689969062805
-0.45689037442207336
-1.0276597738265991
-0.0878811851143837
-0.38140708208084106
0.37610864639282227
-0.25203853845596313
-0.2161882370710373
0.03895920515060425
0.14608711004257202
-0.025138983502984047
0.006487354636192322
-0.007724322844296694
-0.48680537939071655
0.5703043341636658
0.16914024949073792
-0.10501211136579514
0.7737702131271362
0.09445596486330032
0.10887593775987625
-0.23142963647842407
0.6649330854415894
-0.551580548286438
-0.3282119631767273
-0.4426844120025635
0.3579181134700775
-0.6090929508209229
0.11215486377477646
-0.5872259736061096
-0.7575415372848511
0.2454518973827362
-0.6307249665260315
-0.35063451528549194
0.3528927266597748
-0.4129908084869385
-0.012751207686960697
-0.11476341634988785
0.6107762455940247
0.14581473171710968
-0.41841423511505127
-0.20630194246768951
-0.19311195611953735
-0.2880112826824188
-0.044657666236162186
-0.05005864053964615
0.00987035222351551
0.14944222569465637
-0.10464764386415482
-0.006636140402406454
-0.300529807806015
-0.2394227534532547
0.37355291843414307
-0.16975577175617218
0.15063157677650452
0.15440060198307037
0.1668221652507782
-0.08488166332244873
-0.20207391679286957
0.264047235250473
-0.29800599813461304
-0.7219345569610596
-0.11540091037750244
0.18650302290916443
0.6829196810722351
-0.0761914923787117
0.20455066859722137
0.005490138661116362
-0.2642984986305237
0.005482494831085205
0.43025895953178406
0.1136508658528328
-0.41298964619636536
-0.26495030522346497
-0.4982284903526306
0.4359198808670044
-0.18543781340122223
0.5317032933235168
-0.599808931350708
0.32679086923599243
0.6702584028244019
0.6132211089134216
-0.8770333528518677
-0.43026769161224365
-0.42762231826782227
0.2226783037185669
-1.062637448310852
0.029808852821588516
-0.41137027740478516
0.5977821946144104
0.0987703949213028
0.15810905396938324
-0.07707197219133377
-0.7305079698562622
0.39609822630882263
-0.372205525636673
0.033253591507673264
-0.38418838381767273
-0.22124551236629486
0.4308508634567261
0.4059635102748871
-0.534143328666687
-0.4487702548503876
0.05236160010099411
-0.6359595060348511
-0.27385663986206055
-0.7830179333686829
1.4538437128067017
-1.3102424144744873
0.3699401319026947
-0.46304789185523987
0.07581732422113419
-0.10402673482894897
0.23383468389511108
-0.19050267338752747
-0.23089663684368134
-0.11385348439216614
0.6046267151832581
-1.2432184219360352
0.5848471522331238
0.509301483631134
-0.28180551528930664
-0.26325830817222595
0.7066248059272766
-0.13156358897686005
0.2115836888551712
0.14003370702266693
0.2556913495063782
-0.2922840118408203
-0.2321496605873108
0.520255982875824
-0.2096334844827652
0.2714102864265442
0.08212882280349731
-0.10307798534631729
0.5438332557678223
0.11855024844408035
0.05716460570693016
-0.6628333330154419
-0.4647802412509918
-0.7498042583465576
0.47550642490386963
0.20117156207561493
-0.2294987291097641
-0.05730713531374931
-0.7733564972877502
0.21350039541721344
-0.3554075062274933
0.2152612954378128
0.3982991576194763
0.9845563769340515
0.3291299641132355
-0.18232795596122742
0.136531800031662
-0.6048228740692139
0.06972012668848038
0.03353862836956978
0.5123962759971619
0.08061107248067856
0.48624104261398315
-0.24521110951900482
0.4889022409915924
-0.3501095473766327
0.3912317156791687
0.7064154148101807
0.09479951858520508
0.31858205795288086
0.9454897046089172
1.171508550643921
-0.08200747519731522
0.19284430146217346
-0.013872954063117504
0.27895116806030273
-0.9428017139434814
-0.3620481789112091
-0.7081782817840576
0.4921324849128723
0.6599496006965637
0.24150285124778748
-0.3144262731075287
-0.5554640293121338
0.47971010208129883
0.403507798910141
-0.16130860149860382
-0.7098485827445984
-0.7382020354270935
-0.4151378273963928
0.7893604040145874
0.5172905921936035
0.2326924204826355
0.057111453264951706
0.025292960926890373
0.449012815952301
-0.5077441930770874
0.07085185497999191
-0.5534787774085999
0.7830325365066528
-0.343031644821167
0.3501015603542328
-0.8904577493667603
-0.12730395793914795
-0.08548365533351898
0.22872518002986908
0.3997232913970947
0.38812047243118286
-0.3360442519187927
-0.016665441915392876
0.17446257174015045
-0.3922256529331207
-0.1112065240740776
-0.08395794779062271
0.019594473764300346
-0.708102285861969
0.34681180119514465
-0.15461239218711853
0.22368988394737244
1.015466332435608
-0.8153740763664246
0.2935291528701782
-0.19096708297729492
-0.3903375267982483
0.0707181841135025
0.28563550114631653
0.5410858392715454
-0.45595288276672363
-0.9582454562187195
0.23022787272930145
-0.20323902368545532
0.3128272593021393
0.13777637481689453
-0.10013128072023392
0.17017081379890442
0.31007054448127747
0.06865417957305908
0.4513523578643799
0.0888596624135971
0.8017961978912354
-0.01250015664845705
-0.281925231218338
-0.12180918455123901
0.07264765352010727
0.3445644974708557
0.07154190540313721
-0.5484011769294739
-0.1328207552433014
-0.1611618548631668
0.38107287883758545
0.04196619614958763
0.3866043984889984
-0.05636037886142731
-0.1428702473640442
-0.42705947160720825
0.4997663199901581
0.5378779768943787
-0.3590502440929413
0.08983585238456726
-0.3253554701805115
-0.3864736258983612
0.36872968077659607
-0.150137260556221
0.8445799350738525
0.4369179904460907
-0.1834830641746521
-1.059671401977539
0.5716993808746338
-0.8213308453559875
-0.04253378137946129
-0.729407548904419
-0.41292431950569153
-1.0891181230545044
-0.37966254353523254
-0.9650320410728455
-0.1567324995994568
-0.7229456901550293
0.5540117025375366
0.8041914105415344
-0.01050617452710867
-0.0660010278224945
0.024782901629805565
0.08621624112129211
0.13534057140350342
0.5470481514930725
-0.4913676381111145
0.0762639120221138
-0.005482260137796402
0.290112167596817
-0.6336747407913208
0.5767571926116943
-0.27915844321250916
0.5009791254997253
-0.06226655840873718
0.3553163707256317
-0.29925283789634705
-0.5952118635177612
0.5904465913772583
0.14315654337406158
-0.4525092840194702
0.20948271453380585
0.07358735799789429
-0.7335312962532043
0.32263505458831787
-0.3607809245586395
0.2955116927623749
0.04907122626900673
0.6066106557846069
0.05405977740883827
-0.055006857961416245
0.07912756502628326
0.1792951077222824
-0.9441459774971008
-0.3727073073387146
0.08862268179655075
-0.581957995891571
0.562770664691925
-0.2699142098426819
-0.024534769356250763
-0.16505928337574005
0.28801479935646057
0.7447309494018555
0.26035264134407043
0.17605212330818176
0.9765494465827942
-0.3157765865325928
0.15161597728729248
-0.07673635333776474
-1.1764581203460693
-0.3215756416320801
-0.22895415127277374
-0.3058071732521057
0.6293029189109802
-0.07537758350372314
-0.6460049748420715
-0.4027490019798279
0.9919348359107971
0.25068971514701843
0.41878941655158997
0.9481562972068787
0.13491703569889069
0.5421700477600098
-0.013033774681389332
1.1772810220718384
0.22803494334220886
0.38497263193130493
-0.03362853825092316
0.4949207305908203
0.08043283969163895
-0.009085712023079395
0.08978355675935745
-0.511217474937439
-0.72584468126297
0.10940853506326675
-1.6811633110046387
0.61465984582901
0.07625780999660492
-0.6644096374511719
-0.34077829122543335
0.75291508436203
0.1968630701303482
0.7877553105354309
-0.18794997036457062
0.23833245038986206
-1.2830528020858765
0.09073252230882645
0.3615920841693878
0.33087804913520813
-0.20755928754806519
-0.6242352724075317
-0.13787660002708435
-0.01113874837756157
-0.4210955798625946
-0.2903543710708618
0.3193512260913849
0.6546310186386108
0.34845271706581116
-0.5775660872459412
-0.7179864645004272
0.3503597378730774
0.07504666596651077
-0.10285204648971558
-0.06143362820148468
-0.22609750926494598
-0.9550915956497192
0.06808053702116013
0.22693414986133575
0.5667110681533813
0.8066564798355103
0.9115079641342163
0.268906831741333
0.5763272643089294
0.3656426966190338
-0.09719260782003403
0.3501951992511749
0.6614463925361633
0.6230708956718445
0.17025713622570038
-1.14638090133667
0.3689620792865753
0.10744456201791763
0.7631585001945496
0.4362637400627136
-2.01452374458313
-0.2981707751750946
-1.613458514213562
0.20524966716766357
-1.3956949710845947
-0.08268920332193375
0.49695074558258057
0.19105510413646698
-0.42907950282096863
-1.1878118515014648
0.9109100103378296
-0.5035105347633362
-0.32433491945266724
-0.5590245127677917
-0.4366588890552521
0.3599477708339691
-0.1533503532409668
-0.31633248925209045
0.9115555882453918
-0.24447697401046753
0.6506257653236389
-1.4078136682510376
-0.09996166825294495
0.3965282142162323
0.14251203835010529
0.5109542608261108
0.6236030459403992
-0.18088075518608093
-0.3521071672439575
0.14659462869167328
-0.1560661345720291
0.27430567145347595
-0.20419533550739288
0.8847331404685974
-1.362187385559082
-0.4381791651248932
-0.11392077058553696
-0.26064789295196533
-0.20524729788303375
-0.3003401458263397
0.06737495958805084
-0.06401189416646957
-0.3367382287979126
0.817787766456604
-0.07676314562559128
0.18944893777370453
-0.5522232055664062
0.18046711385250092
-0.45673325657844543
-1.0732812881469727
0.41352933645248413
-0.22593432664871216
0.384005606174469
-0.10797155648469925
-0.4979247450828552
0.5341916680335999
-0.39147064089775085
-0.8436328172683716
-0.26825201511383057
0.704453706741333
-0.10118310153484344
0.6711790561676025
0.08699676394462585
1.3416574001312256
1.008449673652649
0.00972879957407713
0.8104709386825562
0.3952549993991852
0.7614863514900208
-0.030720874667167664
-0.3816346228122711
-0.6740747690200806
-0.27173730731010437
0.29502245783805847
-0.06628898531198502
-1.4288079738616943
0.34157758951187134
-0.28206750750541687
-0.5036539435386658
-0.42022761702537537
0.16735611855983734
0.028266409412026405
0.9955770373344421
-0.5339624881744385
0.5231979489326477
0.023330388590693474
0.2527511715888977
-0.22986064851284027
-0.8223901391029358
-0.8252390623092651
-0.39315202832221985
0.29239797592163086
-0.29730507731437683
0.5942332744598389
-0.14994068443775177
0.9951647520065308
0.16116221249103546
0.09173250943422318
0.7361237406730652
0.46486467123031616
0.5593407154083252
0.18509024381637573
-0.772088348865509
0.042448680847883224
0.6204877495765686
0.41779252886772156
-0.4469156265258789
0.17832441627979279
0.08933854848146439
-0.6781744360923767
-0.5970974564552307
0.1746760755777359
-0.03516743704676628
-0.2733316421508789
1.474782943725586
-0.18451645970344543
-0.5676745176315308
-0.621635913848877
0.4916660487651825
0.2446841299533844
-0.6522408127784729
-0.24258051812648773
-0.1656769961118698
0.3184985816478729
-0.32715320587158203
0.8351570963859558
0.1525314897298813
0.0658336654305458
-0.005428828299045563
-0.4304356276988983
-0.027114463970065117
-0.4889344573020935
-1.313219666481018
0.7471852898597717
-0.13838167488574982
0.2987809479236603
0.2563120424747467
-0.8304805159568787
0.18491820991039276
0.8768371939659119
0.2974618971347809
-0.8325949311256409
-0.6563572287559509
0.08219189941883087
-0.4657784402370453
-0.2445843368768692
0.05973197519779205
0.41456305980682373
0.3054031431674957
0.8083927631378174
0.10982406884431839
0.22008484601974487
-0.08576899021863937
0.6283988952636719
0.3709282875061035
-0.43251946568489075
0.18743808567523956
0.29952311515808105
-0.3984900414943695
0.37423792481422424
0.7071588635444641
0.19516870379447937
-0.3494187295436859
-0.47901618480682373
-0.10786502063274384
0.42333468794822693
0.1912388801574707
-0.3620709776878357
0.7421360015869141
-0.37269920110702515
-0.8545147776603699
0.0007416607695631683
0.3163303732872009
0.3744262158870697
-0.12054012715816498
0.5693594217300415
-0.16960017383098602
-0.06476040929555893
0.6808852553367615
-0.49979642033576965
0.7979103326797485
0.2701309025287628
-0.2958696186542511
-0.3435482084751129
-1.2584466934204102
0.5192694067955017
0.5778295397758484
-0.1436786651611328
0.42972591519355774
-0.07946766167879105
0.3979915380477905
0.30125027894973755
-1.2975736856460571
-0.47369059920310974
0.01674491912126541
-0.3994092345237732
-0.5115811228752136
0.040514733642339706
0.9428241848945618
0.24817998707294464
0.37338894605636597
-0.639212965965271
-0.13564588129520416
0.17996430397033691
0.5709779858589172
0.35041940212249756
-0.11485789716243744
0.5068638920783997
-0.1714802086353302
-0.7198909521102905
0.7890557050704956
-0.6833075284957886
-0.04555809497833252
0.043975524604320526
-0.30897843837738037
0.4965471923351288
-0.4115309417247772
0.4399831295013428
1.1431766748428345
-0.2499459683895111
0.5619732737541199
-0.05393405258655548
-0.09727862477302551
-0.348997563123703
0.2610930800437927
0.6554506421089172
0.36594313383102417
-1.8264052867889404
0.004189555533230305
0.3252633810043335
1.0609732866287231
-0.5386614203453064
0.2991271913051605
-0.4194270372390747
0.22541722655296326
-0.7214570641517639
0.562455415725708
1.2688997983932495
0.02109726518392563
0.35839182138442993
-0.7082008719444275
-0.5152217745780945
-0.3275851905345917
-0.5573074221611023
0.40776005387306213
0.4089515805244446
-0.05226168781518936
-0.7071904540061951
-0.39457905292510986
-0.8973484635353088
0.6583213806152344
-0.012628966942429543
-0.07991327345371246
-0.8680192232131958
-0.12583082914352417
-0.45664194226264954
-0.2829118072986603
-0.32141274213790894
-0.13958053290843964
-0.8042201399803162
-1.1149276494979858
0.07972867041826248
0.5448122620582581
0.29659411311149597
-0.24757713079452515
-0.8183393478393555
-0.2980668544769287
0.35892459750175476
0.06025378778576851
0.5740998983383179
-0.6381348967552185
1.0456758737564087
0.5339054465293884
-0.5911982655525208
-0.2457338273525238
0.1588115096092224
0.08286963403224945
-0.3027259111404419
-0.10918662697076797
0.5218473076820374
-1.1260637044906616
0.9153962731361389
0.3418067693710327
-0.6757925152778625
-0.18973508477210999
0.07519165426492691
-0.09367045760154724
0.05746055021882057
0.7879860401153564
0.9225389957427979
-0.38878387212753296
0.16598479449748993
-0.18395383656024933
0.2562839686870575
-0.2874002158641815
0.06058107316493988
0.5753793120384216
-1.0805374383926392
-0.7459957599639893
0.3306617736816406
0.5442946553230286
0.8501211404800415
0.27428072690963745
0.3170592784881592
0.6304150819778442
-0.5543011426925659
0.2707532048225403
-1.1528692245483398
0.09306968748569489
-0.3169810175895691
-0.09009533375501633
0.06747734546661377
-0.3386024832725525
-1.1821167469024658
0.05034366622567177
-0.19863569736480713
0.12861788272857666
-0.4229719042778015
0.416999876499176
1.8952043056488037
0.019573375582695007
-0.183745875954628
0.06256549805402756
0.25914716720581055
-0.503454327583313
0.6905847787857056
0.9627367854118347
-0.2890907824039459
-0.004979395307600498
0.07198982685804367
0.7679405212402344
-0.06667838245630264
-0.1795242726802826
-0.11626456677913666
0.40655192732810974
0.39483505487442017
-0.3549661338329315
-0.10050826519727707
-0.05109191685914993
-0.2009688764810562
0.4647173285484314
0.1252283751964569
-0.48379093408584595
0.34709590673446655
-0.4284447133541107
0.3284483253955841
0.0976356565952301
-0.5562021732330322
0.9434652924537659
0.5190818905830383
-0.20632126927375793
0.8339824676513672
0.37368738651275635
0.3558543622493744
-0.23976141214370728
-0.3224966526031494
0.6270443201065063
0.2728910744190216
0.3821503818035126
0.2577609121799469
0.5052993893623352
-0.12604966759681702
-0.1400720775127411
-0.03387993201613426
0.0038508232682943344
-0.11850447207689285
0.3108297884464264
0.09095561504364014
0.2587830424308777
-0.2403826117515564
0.506177544593811
0.10335271805524826
0.008543267846107483
-0.3157527446746826
-0.6541094779968262
0.35823994874954224
0.3381698429584503
-0.09491080790758133
0.25816693902015686
-1.511743187904358
-0.45360615849494934
-0.704410195350647
0.37181341648101807
0.19433216750621796
-0.540216326713562
-0.28352224826812744
0.15300661325454712
-0.43775302171707153
-0.46143487095832825
-0.017806213349103928
0.84058678150177
0.05722367763519287
-0.3695204257965088
0.8090163469314575
0.21104587614536285
-0.9808915853500366
-0.1959080994129181
0.8809247016906738
0.11460266262292862
-0.18531641364097595
-0.22178524732589722
0.7611996531486511
0.660400927066803
0.011689508333802223
-0.3097003400325775
-0.3030611276626587
-0.14509594440460205
-0.31827330589294434
0.053065527230501175
0.32976439595222473
1.3768233060836792
-0.1634984016418457
-0.7615383863449097
0.23220869898796082
-0.22454054653644562
0.021598583087325096
-0.1721310019493103
-0.03891350328922272
-0.7611417174339294
-0.9052220582962036
-0.0011602246668189764
0.1204943060874939
1.3767695426940918
-0.4129837453365326
-0.7078710794448853
-0.26582229137420654
0.2925892174243927
0.3084591031074524
0.011315715499222279
0.15519648790359497
-0.9349656701087952
-0.09147974848747253
0.18716201186180115
-0.21905913949012756
-0.6617050170898438
-0.53070068359375
0.2776561975479126
-0.2782932221889496
-0.1317444145679474
0.8442102074623108
-0.05938837677240372
0.42734870314598083
0.31504330039024353
0.481875479221344
-1.0203759670257568
-0.21999108791351318
-0.02251051366329193
0.7026158571243286
0.42769354581832886
-0.1073317751288414
-0.2997068762779236
-1.2485204935073853
-0.5553358793258667
0.6454758644104004
-0.09084364026784897
0.5078642964363098
-0.3521227538585663
0.18170498311519623
0.38382166624069214
0.06388246268033981
0.5990104079246521
-0.5916422009468079
-0.1190192922949791
0.6980150938034058
-0.4501802623271942
-0.04771695286035538
0.19412179291248322
0.4394712448120117
0.6019461154937744
-0.26978036761283875
0.3813228905200958
0.5636415481567383
-0.14200475811958313
1.1097743511199951
0.3063368797302246
-0.3993366062641144
-0.8674341440200806
1.055869698524475
-1.0804818868637085
0.3461255133152008
1.4299187660217285
0.4022599160671234
0.2949102222919464
0.38473862409591675
-0.9971504211425781
-0.20104224979877472
-0.5210233926773071
-0.8230977654457092
0.5923763513565063
-0.8301483988761902
-1.4817156791687012
0.9196735620498657
1.425207495689392
0.5948019623756409
-0.9237021803855896
0.936985194683075
-0.5493974685668945
-0.6747128963470459
1.03128182888031
-1.0796653032302856
2.4422335624694824
0.4636441767215729
0.6770992875099182
0.8466403484344482
-1.385544776916504
0.35338470339775085
0.5897502899169922
0.014970432035624981
0.23845292627811432
0.6891857385635376
-0.757651686668396
1.8125723600387573
-0.052723366767168045
-0.6359837651252747
0.29249778389930725
0.05167549476027489
-0.31163421273231506
0.12433810532093048
0.7398784756660461
0.15208642184734344
-0.4807860255241394
-0.26106390357017517
0.11142868548631668
-0.11981602758169174
0.13163140416145325
-0.823713481426239
-0.8314062356948853
-0.12759678065776825
-0.9176629781723022
0.8979997634887695
-0.028727741912007332
-0.7849681973457336
0.2661798298358917
-0.06918051838874817
0.52651447057724
0.15878558158874512
-0.15646992623806
0.21617703139781952
0.1579241007566452
-0.8514423370361328
0.7359817624092102
0.07391036301851273
0.2665645182132721
0.08272102475166321
0.4355558753013611
0.4919965863227844
-0.6701043844223022
-0.1968672126531601
0.3671989142894745
0.5294889807701111
0.08758518099784851
-0.1172872856259346
-0.39016324281692505
-1.1584314107894897
-0.15922066569328308
0.48309770226478577
0.17455026507377625
-0.23932470381259918
-0.2557147741317749
0.6775988340377808
-0.20987458527088165
-0.043257735669612885
1.1224033832550049
-1.0908907651901245
1.3270193338394165
-0.8319970965385437
0.06448443979024887
0.747115969657898
-0.2652336061000824
-0.5089636445045471
0.02278745546936989
-0.26906102895736694
0.5058087110519409
-0.45306581258773804
0.21027390658855438
0.056483879685401917
-0.07867156714200974
0.3208434283733368
-0.3849937617778778
-0.5764926671981812
0.7114396095275879
0.07005680352449417
-0.5928099751472473
0.1638275384902954
0.05186282470822334
-0.9402996301651001
0.6918821334838867
-0.36612412333488464
-0.44142061471939087
0.05524144694209099
0.3040081858634949
-0.1955217719078064
0.04414333403110504
-0.013523835688829422
-0.5671452879905701
-0.12439830601215363
0.6084386110305786
0.2859584093093872
-0.6151174306869507
0.509933352470398
0.4291858673095703
-0.4264790713787079
0.11270845681428909
0.2846098840236664
0.019140517339110374
-0.5312111377716064
-0.46327486634254456
-0.20733369886875153
-0.047906532883644104
-0.03681541234254837
-0.0793035551905632
-0.05118034407496452
0.9249724745750427
0.4506795406341553
0.07029963284730911
-0.5479360818862915
0.23617327213287354
-0.19754186272621155
-0.3261643350124359
-0.07121732085943222
0.1574137955904007
0.1657811552286148
-0.30392250418663025
0.23675306141376495
0.26487457752227783
0.03073117695748806
0.29609787464141846
-0.3635820150375366
0.4644331634044647
0.38919830322265625
0.44187238812446594
0.15951944887638092
1.2863261699676514
-0.03986082598567009
-0.17979919910430908
0.0027112134266644716
-0.35777074098587036
-0.49562522768974304
0.19392141699790955
-0.48850417137145996
0.2985694110393524
0.32335638999938965
0.8292476534843445
0.18038590252399445
0.8479392528533936
0.17265008389949799
-0.6038529872894287
-0.00944687519222498
0.051087889820337296
-0.37449052929878235
-0.19523771107196808
0.05829927325248718
0.3371049761772156
-0.2869027256965637
-0.37445151805877686
-0.3933943212032318
-0.7848646640777588
1.4353806972503662
-0.007262552622705698
-0.22441065311431885
0.18107300996780396
0.2457312047481537
1.128291130065918
-0.5574496388435364
0.38072535395622253
-1.255547285079956
-0.07900872081518173
0.5443353056907654
-0.2410917431116104
-0.587407648563385
0.7177120447158813
0.006014223676174879
0.18481536209583282
0.11453985422849655
0.963371753692627
-0.5322709679603577
-0.2954782545566559
0.009977404028177261
0.3317277431488037
0.28623905777931213
0.6626420617103577
-0.3827348053455353
-0.23729611933231354
0.5332565307617188
-0.3416535556316376
0.0007093913736753166
0.28248825669288635
0.2759927809238434
-0.11727415770292282
-0.1036754846572876
0.027981452643871307
-0.10696830600500107
0.0976116955280304
-0.1881372034549713
0.060040511190891266
-1.5812582969665527
0.6476302742958069
-0.6634413599967957
0.14042365550994873
-0.47227439284324646
0.2810606062412262
0.2584508955478668
-0.6332347393035889
-0.025142783299088478
-0.7349459528923035
-0.7836788296699524
0.08073650300502777
0.2714126706123352
0.32619720697402954
-0.27344563603401184
0.12766607105731964
-0.02379298023879528
-0.03214221075177193
0.13976429402828217
-0.2709294855594635
-1.225556492805481
0.16148433089256287
0.9857208728790283
-0.023985134437680244
0.38689500093460083
0.16594867408275604
0.4497649669647217
0.18785639107227325
-0.42566296458244324
-0.4851987957954407
0.013418802991509438
0.2330264151096344
0.1845800280570984
-0.32263582944869995
0.15167921781539917
-0.2198246568441391
0.19393645226955414
-0.6092305183410645
0.3233741223812103
0.07136131823062897
0.45053830742836
0.13147753477096558
0.1243109256029129
-0.29663193225860596
-0.17892582714557648
0.16469413042068481
-0.024806629866361618
-0.3683488070964813
0.45016929507255554
-0.2847839295864105
0.13125213980674744
0.4306867718696594
-0.27431413531303406
0.2606528699398041
0.12006700783967972
0.3619685769081116
-0.10216362029314041
0.1076384037733078
0.5588418841362
0.17909546196460724
-0.08405696600675583
0.05641705170273781
-0.5111587643623352
-0.061354972422122955
-0.064690962433815
0.0906384289264679
-0.09797138720750809
-0.9334588646888733
0.7949640154838562
-0.18187321722507477
-0.5070891976356506
0.22061680257320404
0.22143207490444183
-0.643720805644989
0.06275121122598648
-0.07018027454614639
-0.743256688117981
-0.3580862581729889
0.5391263365745544
-0.6401363611221313
0.13222147524356842
-0.5803111791610718
-0.2049885392189026
-0.03536316752433777
0.21783101558685303
0.5210415720939636
-0.17290499806404114
0.030697956681251526
0.11628438532352448
-0.4667758047580719
0.34827807545661926
0.9166548848152161
0.439460813999176
0.41504520177841187
-0.9520184993743896
-0.16049769520759583
0.17474517226219177
0.5194941759109497
0.07112389802932739
0.379691481590271
0.3304119110107422
-0.5607231259346008
0.5971060991287231
-0.6422718167304993
-0.5152641534805298
0.3401111364364624
0.41275206208229065
-0.38921093940734863
-0.8130956292152405
-0.7826014161109924
0.26200738549232483
0.07083781808614731
-0.534775972366333
0.09959982335567474
-0.09209192544221878
-0.3692064583301544
0.24043753743171692
-0.23923750221729279
1.2239409685134888
-0.45369043946266174
0.39636942744255066
0.14855901896953583
-0.6326274871826172
-0.0658583715558052
0.016772447153925896
-0.053740229457616806
-0.00021942099556326866
-0.16919074952602386
0.00996678788214922
-0.1645602285861969
-0.22621646523475647
-0.0534677729010582
0.41358619928359985
-0.649084210395813
0.26192164421081543
0.4535031020641327
-0.7557005882263184
0.2548809051513672
-0.7340676784515381
0.32341575622558594
-1.6969231367111206
0.13026666641235352
1.3398758172988892
-0.38281530141830444
0.3871484696865082
0.029829852283000946
-0.9270637631416321
0.6116642951965332
0.14077219367027283
1.4215960502624512
-0.41710907220840454
-0.6768963932991028
1.1283899545669556
-0.6906895637512207
-0.2522191107273102
0.627820611000061
-0.1353086233139038
1.3254883289337158
-0.2072102576494217
0.789160430431366
0.7606086730957031
0.11368347704410553
1.1425892114639282
1.330578327178955
-0.10451103746891022
0.3634301722049713
0.4018517732620239
-0.8096437454223633
0.2173323631286621
0.7783285975456238
0.5928970575332642
-0.831527590751648
-0.46525418758392334
-0.2693885266780853
1.2420588731765747
-0.2464303821325302
-1.5324479341506958
0.7719300389289856
-0.9184465408325195
-1.4509941339492798
0.1904449462890625
0.801084041595459
0.4670126438140869
-0.5192971229553223
1.7262996435165405
-0.10894764214754105
-0.3247112035751343
0.0576537624001503
-1.524069905281067
0.4972178041934967
0.5340760946273804
0.3270566761493683
0.16392527520656586
-0.5783445835113525
-0.09372694045305252
0.4305662214756012
-0.4729071259498596
-0.3066670000553131
-0.6647480130195618
-0.797096848487854
-0.9420648813247681
0.014127089641988277
0.06877591460943222
-0.03321480751037598
0.7492479681968689
0.344587504863739
-0.5940132141113281
0.7187730073928833
-0.270698219537735
-0.25635218620300293
0.008448099717497826
-0.9492766261100769
-0.5977179408073425
0.13199704885482788
0.5932193398475647
-0.023543979972600937
-0.11581099778413773
1.0659973621368408
0.2275884598493576
0.008480660617351532
0.23582850396633148
-0.6482512354850769
-0.033308882266283035
0.40152686834335327
-0.6484154462814331
-0.652107834815979
0.6040459871292114
-0.42537882924079895
0.14094588160514832
0.1598214954137802
-0.2567616403102875
0.934791624546051
-0.2393372505903244
-0.3495350778102875
-0.5117892026901245
0.8218963146209717
0.2839639484882355
0.31643983721733093
-0.47217896580696106
0.3081589937210083
0.14060655236244202
-0.5089210867881775
0.35828641057014465
0.9625147581100464
-0.20624993741512299
-0.05912390351295471
-0.4444875717163086
1.0342026948928833
-0.7842296361923218
1.1832163333892822
0.3707214891910553
-0.6385506391525269
1.1460227966308594
-0.4064027667045593
-0.6587656736373901
-0.23156750202178955
-0.2512933611869812
-0.12506327033042908
0.22420255839824677
-0.15919072926044464
-0.2856926918029785
0.2505597174167633
-0.22319546341896057
-0.27313974499702454
-0.053006596863269806
0.08783553540706635
-0.32461878657341003
0.005325131583958864
0.7380544543266296
-0.25767889618873596
-0.7281504273414612
0.8267590999603271
0.09012380987405777
0.1349332481622696
0.49109816551208496
-0.6948913931846619
0.11756399273872375
0.4801565408706665
0.3663345277309418
-0.1160186380147934
-0.03296666592359543
0.19670802354812622
-0.5698339939117432
-0.21009649336338043
0.2729690372943878
-0.47808918356895447
-0.12330426275730133
0.0873224064707756
0.0902533233165741
-0.3063737154006958
0.2853136360645294
-0.3970533609390259
-0.06432788819074631
0.2327239066362381
-0.301393061876297
0.9331047534942627
0.3868480622768402
0.19199348986148834
-0.09650280326604843
1.4822542667388916
0.33616262674331665
0.08698193728923798
-0.5492669343948364
0.04640573263168335
0.7314680814743042
-1.0951411724090576
0.028808077797293663
0.9708530902862549
-0.2866486608982086
-0.11815953999757767
-0.22915373742580414
0.521807849407196
-0.10501821339130402
0.8346112370491028
0.23381394147872925
-0.3450562059879303
-0.07076455652713776
-0.969852089881897
-0.28983554244041443
0.2737486660480499
-0.48347997665405273
0.023769063875079155
-0.6438019275665283
0.2817608714103699
-0.5710203051567078
0.27558261156082153
0.46394285559654236
-0.6033995747566223
-1.0723180770874023
-0.5914947390556335
0.5862715244293213
-0.8793762922286987
-0.33014601469039917
0.042783401906490326
-0.11359214782714844
0.2074258029460907
-0.4606885313987732
-0.4665547311306
0.12456665933132172
0.0767047181725502
0.33343303203582764
0.13859902322292328
0.4799734652042389
0.3982207775115967
0.1380992829799652
-0.33298730850219727
-0.12124330550432205
-0.44444236159324646
1.087050437927246
-0.5038512349128723
-0.7526712417602539
-0.17581366002559662
-0.01015566661953926
0.1364421397447586
-0.23210462927818298
0.19875995814800262
0.8139750361442566
0.07032744586467743
-0.751998245716095
-0.47581520676612854
-0.15891242027282715
0.15090526640415192
-0.19941097497940063
-0.4274505078792572
-0.4687558114528656
-0.2146078646183014
-0.5794793367385864
0.47042882442474365
-0.05629418045282364
-0.041889727115631104
0.04533734917640686
-0.07287225127220154
-0.0819496288895607
0.2829795181751251
0.4890192747116089
0.04141981899738312
-0.043849024921655655
-0.12079469859600067
-0.8599731922149658
-0.2299267053604126
0.1883402019739151
-0.02758960798382759
0.9916183948516846
0.3338754177093506
-0.7216141819953918
0.6031555533409119
-0.4032600224018097
0.3839789628982544
0.3239893615245819
0.11228291690349579
0.17339743673801422
-0.5697691440582275
0.03026595152914524
0.2854469418525696
0.25995030999183655
-1.5429900884628296
-0.02532808855175972
-0.7094816565513611
0.1887526512145996
-0.37968379259109497
-0.125264510512352
-0.24527770280838013
1.3915433883666992
0.4543769955635071
0.06552069634199142
0.4203631281852722
-0.33508801460266113
0.8846533298492432
-0.17370520532131195
-1.3488165140151978
-0.3099682033061981
-0.5408176779747009
0.8510100245475769
-0.35227182507514954
0.5097925662994385
-1.4191259145736694
-0.042933329939842224
0.2432059645652771
-0.758860170841217
0.021327706053853035
-0.025967884808778763
0.4316387176513672
-0.4452063739299774
-0.2211834341287613
-1.1058183908462524
0.31351932883262634
0.12130764871835709
-0.5848341584205627
-0.1363937109708786
-0.01775597780942917
0.4190814793109894
0.47879543900489807
0.06950482726097107
0.6170729994773865
0.34010353684425354
-0.22086277604103088
0.3566300868988037
0.25706472992897034
0.4108238220214844
-0.08635011315345764
0.16166718304157257
-0.53346848487854
0.6104105710983276
0.16974225640296936
0.20475566387176514
0.15428748726844788
0.3984491527080536
-0.10670305788516998
0.6423575282096863
0.7449777126312256
0.15498176217079163
