#(64, 1)
0.8261483907699585
-0.9515255093574524
0.6146565675735474
-1.191969394683838
1.37616765499115
-1.1459287405014038
0.3916957676410675
0.8843522071838379
-0.010519103147089481
-0.3746815621852875
0.25443851947784424
-0.7642804980278015
0.046032000333070755
0.3511800169944763
0.6706840395927429
-0.17074492573738098
-0.873328685760498
0.5742630362510681
2.0162734985351562
0.1895778775215149
0.5349653363227844
0.9896589517593384
0.7308287024497986
0.42964527010917664
0.6530203819274902
-0.6373114585876465
-0.6471182107925415
1.3364968299865723
0.369865357875824
0.9388359785079956
0.017504829913377762
1.2487895488739014
0.260640025138855
0.1346016675233841
-0.16877628862857819
1.0803080797195435
-0.26779505610466003
0.6705926656723022
-0.46651485562324524
0.37080493569374084
0.4712340533733368
-0.1746862828731537
1.35599684715271
-0.20543202757835388
0.8079227805137634
1.9371893405914307
-1.4245606660842896
0.019069207832217216
-0.8061173558235168
0.21475759148597717
-1.1740666627883911
-0.6476768851280212
0.8959559202194214
1.1535327434539795
-0.8272578120231628
0.7889450192451477
-2.025559902191162
-0.19916293025016785
-1.0583122968673706
-0.08868397027254105
0.8300380706787109
0.4728294610977173
0.8239571452140808
0.6188775300979614
