#(64, 64)
-0.23032987117767334
0.44684991240501404
-0.4496029317378998
-0.1615874022245407
0.25876203179359436
-0.11070658266544342
0.19428139925003052
0.39688894152641296
0.014161934144794941
-0.1269061416387558
-0.1701904833316803
-0.4587749242782593
-0.7112269997596741
-0.49506711959838867
-0.6422350406646729
0.39037689566612244
0.3472720682621002
-0.010438041761517525
-0.9992913603782654
-0.20694562792778015
-0.024910489097237587
-1.0176544189453125
0.2750023901462555
0.3851010501384735
0.0006093890988267958
0.039112795144319534
-0.44948235154151917
-0.39304837584495544
-0.35692811012268066
-0.7351903915405273
-0.2818714678287506
0.20223534107208252
-0.5735796689987183
0.7550982236862183
-0.13191017508506775
-0.06975773721933365
0.5678993463516235
0.2931201457977295
-0.6152781844139099
-0.7029509544372559
-0.17243388295173645
0.7406156659126282
1.5071839094161987
0.2989359200000763
-0.8456972241401672
0.6338954567909241
-0.4465900957584381
0.5481829047203064
0.6891087889671326
0.16870184242725372
-0.8257083892822266
-0.15266311168670654
0.2687513530254364
-0.46840348839759827
0.13449442386627197
-0.17217838764190674
0.030919015407562256
0.4077261686325073
-0.7749831676483154
-0.5405959486961365
0.6515842080116272
0.39447784423828125
0.5974786281585693
0.125083789229393
-0.8232746124267578
-0.21366354823112488
0.23779186606407166
0.06177221238613129
-0.7021245360374451
-0.49216753244400024
-0.6193042993545532
0.04748515039682388
-0.26589515805244446
0.34676024317741394
0.3700367510318756
-1.0592448711395264
0.2939035892486572
-0.17092174291610718
0.19907255470752716
0.5206148624420166
0.35664102435112
0.34613534808158875
-0.3603164851665497
0.35355332493782043
0.6460797786712646
0.09741099923849106
-0.07626654952764511
-0.09771821647882462
0.009360892698168755
1.2109401226043701
-0.6042172312736511
-0.8822739720344543
-0.6662801504135132
-0.05929320678114891
0.43126195669174194
-0.8380231261253357
-0.49297377467155457
0.7658033967018127
0.15496817231178284
0.4886047840118408
0.5725813508033752
-0.2873974144458771
-0.22764596343040466
-0.5898301601409912
0.034279715269804
0.11945832520723343
0.9229577779769897
-0.6746340990066528
0.08645635843276978
1.1466416120529175
-0.3341681957244873
0.9088241457939148
0.6637327075004578
-0.6902508735656738
-0.5569033622741699
0.07565496116876602
0.6433931589126587
-0.7175867557525635
0.016290178522467613
-0.01547473855316639
-0.5548428297042847
0.8194084167480469
-0.34335315227508545
-0.189500629901886
0.14732229709625244
-0.4576840102672577
1.3445490598678589
0.08805280178785324
-0.1557856798171997
1.0181326866149902
0.13301537930965424
0.2961461842060089
-0.1527322679758072
0.18545879423618317
-0.2306457906961441
-0.06584784388542175
0.3839106261730194
-0.48126882314682007
-0.5044756531715393
0.4408207833766937
-0.5745835900306702
0.4243704378604889
0.16185565292835236
-0.2534545958042145
0.16990149021148682
0.7302232980728149
-1.3712034225463867
-0.2438340038061142
-0.48961544036865234
0.6940466165542603
-0.10604477673768997
-0.2181190550327301
0.37148037552833557
0.23728454113006592
-0.051894739270210266
-1.4675458669662476
0.09097214043140411
0.06016455590724945
0.07691191881895065
0.44284629821777344
0.2652328312397003
-0.0019621483515948057
-0.2551236152648926
0.3265484869480133
-0.2650682330131531
-0.4932202696800232
0.7537270784378052
-0.27364006638526917
-0.2130427360534668
0.16763144731521606
0.6726011633872986
0.21913422644138336
0.09677934646606445
-0.0602288693189621
-0.191486194729805
-0.03669117018580437
-0.2682996988296509
0.20408964157104492
1.0218782424926758
0.4372468888759613
0.09031373262405396
-0.1819339394569397
-0.9349809885025024
-0.790455162525177
0.802876353263855
-0.07940632104873657
0.5220870971679688
0.490339994430542
0.11297230422496796
0.29391753673553467
0.09643912315368652
0.005433998536318541
-0.09126382321119308
-0.827670693397522
-0.03010132722556591
-0.7159446477890015
-0.006226251367479563
-0.1800425946712494
-0.22573153674602509
0.3122273087501526
0.2968704104423523
0.4885520339012146
0.39764612913131714
-0.510073184967041
0.4094715416431427
-0.1480688601732254
-0.5242634415626526
0.5160092115402222
-0.5647642016410828
-0.194041907787323
-0.3993348479270935
0.5805955529212952
0.6460976600646973
-0.4595077633857727
1.113613486289978
0.17857326567173004
-0.040764350444078445
0.6526588201522827
0.07966862618923187
0.20500372350215912
0.6851032972335815
-0.7096487283706665
0.4681968092918396
0.011602664366364479
-0.3595215380191803
0.570157527923584
0.4991771876811981
-0.7330456376075745
0.5183802247047424
-0.1753779500722885
-0.4952526390552521
-0.4813970625400543
0.2313297986984253
0.5273927450180054
0.36137568950653076
-0.35930493474006653
0.43964967131614685
-0.1011364683508873
-0.409182608127594
0.4039144217967987
0.1446475088596344
0.08076120913028717
-0.140519380569458
-0.32523414492607117
-0.09027338027954102
-0.6706309914588928
0.25868844985961914
-0.3046386241912842
-0.6767314076423645
0.35039636492729187
0.11898349970579147
0.038767438381910324
-0.10695188492536545
-0.5928055644035339
0.41183823347091675
0.3918829560279846
-0.09797649085521698
0.6254611015319824
-0.23880872130393982
0.7536340951919556
-0.16998286545276642
0.05444582179188728
0.512183427810669
-0.07839418947696686
1.6097517013549805
0.28309059143066406
0.23807072639465332
0.21099376678466797
-1.6281280517578125
-0.23492522537708282
-0.14181247353553772
0.30228233337402344
0.8769077658653259
-0.5466426014900208
0.38638827204704285
-0.3479587733745575
-0.9013121724128723
0.5804601311683655
0.0693100094795227
0.4990212917327881
0.5624017119407654
-1.5604329109191895
0.610133171081543
-0.5636184215545654
-0.06789759546518326
-0.2830066680908203
-0.7288331985473633
0.7408643960952759
-0.2769422233104706
0.2767389416694641
-0.3424610495567322
0.9597766399383545
-0.1643877774477005
1.5338478088378906
-0.02830459177494049
-0.00018535238632466644
0.6951003670692444
-0.1249101459980011
-0.11617182940244675
-0.11957377940416336
-0.32352009415626526
0.34409841895103455
0.056915245950222015
-0.02674543298780918
-0.056727085262537
0.524210512638092
-0.6102702617645264
-0.21795599162578583
-0.050609856843948364
0.4660477936267853
0.03471982851624489
-0.3737856447696686
0.2965392470359802
-0.39354458451271057
-0.5785002112388611
-0.12513095140457153
0.7933874130249023
0.38482946157455444
-0.34010711312294006
-0.45524367690086365
-0.9285222887992859
-0.8464306592941284
0.6329266428947449
-0.003423763904720545
-0.5467110872268677
-0.8675912022590637
0.4851539134979248
0.5433859825134277
-0.4204291105270386
0.0513145886361599
1.8486555814743042
0.11582731455564499
0.6824814677238464
-0.40547114610671997
-0.6510069370269775
1.4493128061294556
-0.2974688410758972
-0.15527202188968658
-0.309128075838089
-0.2433043122291565
0.5629391670227051
0.19893918931484222
0.7869784235954285
1.0047857761383057
-0.11326181888580322
0.7120458483695984
-0.33729588985443115
0.18998196721076965
-0.10196701437234879
-0.38681402802467346
0.1660689264535904
-1.0880228281021118
-1.4861005544662476
0.4164714813232422
0.46742939949035645
0.6868940591812134
0.7155888080596924
-0.29207852482795715
-0.715945303440094
0.2622821629047394
0.13848359882831573
0.23140586912631989
-0.152473583817482
-0.2715778946876526
0.1610451638698578
0.8754370808601379
-0.036152128130197525
-0.19588573276996613
0.026293756440281868
0.4471378028392792
0.10788989067077637
-0.08238870650529861
0.5326212048530579
-0.5279285907745361
-0.01792941428720951
-0.3845517337322235
0.12118426710367203
-0.04704323783516884
-0.09029250591993332
0.20289495587348938
0.7191870212554932
-0.3199419379234314
-0.20192840695381165
0.39978349208831787
0.5772393941879272
0.7422240972518921
0.5609043836593628
0.27367788553237915
-0.11917602270841599
-0.6232811808586121
-0.5034055709838867
-0.24925334751605988
0.21809355914592743
0.21884486079216003
-0.4736938774585724
-0.887347400188446
-0.743797779083252
0.2742922306060791
0.16303430497646332
0.6382858753204346
-0.20469973981380463
1.0179129838943481
0.24187520146369934
1.216055154800415
-0.5518878698348999
0.5126269459724426
0.3598306179046631
-0.18184103071689606
0.5646727681159973
-1.0754659175872803
-0.7100638747215271
-0.6139362454414368
-0.316305011510849
0.29832369089126587
0.2198386788368225
0.7276753783226013
0.30964747071266174
0.04369903728365898
0.14141087234020233
0.5730559229850769
0.12971335649490356
1.5471439361572266
-0.4174087941646576
0.2704525291919708
0.5160530209541321
-0.08127326518297195
0.15507632493972778
0.2893581688404083
0.15006078779697418
0.0812288448214531
-0.4810812771320343
0.11364678293466568
0.9698008298873901
-0.56620192527771
0.11068963259458542
-0.04145444557070732
0.379557728767395
-0.33182814717292786
0.11238934099674225
0.2675193250179291
-0.46957430243492126
0.2521055042743683
-0.5955318212509155
-0.10787942260503769
0.005902170203626156
0.14281606674194336
-0.10192610323429108
0.1792779415845871
0.05568487569689751
-0.3786013722419739
-0.210001602768898
0.6043233871459961
-0.08602467179298401
-0.6598179936408997
0.1992565542459488
0.2736619710922241
-0.23034684360027313
-0.06194472685456276
0.35735926032066345
-0.2685694098472595
0.2999061346054077
-0.13018637895584106
-0.2801232933998108
-0.2856586277484894
-0.4139269292354584
-0.42481502890586853
0.02925158105790615
0.1650335192680359
0.057773832231760025
-0.10775663703680038
0.3278219997882843
-0.0578615739941597
-0.06075534597039223
0.15175901353359222
0.13428664207458496
0.22122088074684143
0.087738998234272
-0.22834733128547668
-0.31602153182029724
-0.1357351690530777
-0.11609049886465073
0.17884156107902527
0.10492852330207825
-0.12459909915924072
0.3645551800727844
-0.004868444986641407
-0.08095303177833557
-0.0010383964981883764
0.28356143832206726
0.24051214754581451
-0.052673038095235825
-0.11744771897792816
-0.02927497588098049
0.0882386639714241
0.6976010799407959
0.05226575955748558
0.13681471347808838
0.2591191232204437
0.1647491455078125
-0.5760132670402527
-0.18066424131393433
-0.008848640136420727
0.3308853805065155
0.3759503662586212
0.44151851534843445
-0.14230258762836456
0.6544187068939209
-0.14805926382541656
0.0961538776755333
0.03404807671904564
-0.08003466576337814
0.5374861359596252
-0.1992436647415161
0.28018462657928467
0.6985719799995422
0.047842539846897125
-1.2102079391479492
-0.35266008973121643
1.2130047082901
0.7380635738372803
-0.10063590109348297
1.3569799661636353
0.31949979066848755
-1.3560656309127808
-0.3965986669063568
-0.2890724837779999
0.0711660161614418
1.0305378437042236
-0.22392258048057556
-0.21107399463653564
-1.2083179950714111
0.5514200925827026
0.5191578269004822
0.08167164772748947
0.022930186241865158
0.10542455315589905
0.2541569769382477
-0.002300427295267582
-0.34963345527648926
-0.3757637143135071
-0.4333290159702301
0.11954053491353989
0.17758744955062866
-0.7676248550415039
-0.47144684195518494
0.7030333280563354
-0.9091914296150208
-0.022940512746572495
0.19001886248588562
0.7514238953590393
-0.447345107793808
0.2710062265396118
1.0385844707489014
0.5089045763015747
0.38666027784347534
-0.5562671422958374
-1.159971833229065
1.5531035661697388
-0.34822630882263184
0.38814035058021545
0.4212755858898163
-0.4852437376976013
-1.1724611520767212
-0.6983082890510559
0.7196204662322998
-0.4573391079902649
0.17663580179214478
0.2397264540195465
0.22967950999736786
0.19715619087219238
-0.7809762358665466
-0.01663663610816002
0.1507958322763443
-0.5421270728111267
-0.12744666635990143
0.2879152297973633
-0.06043390557169914
0.1840960830450058
0.49295127391815186
-0.30952078104019165
-0.16849471628665924
-0.052150387316942215
0.216690331697464
-0.09580665826797485
-0.17435280978679657
-0.22091035544872284
-0.4455626904964447
-0.10980979353189468
-0.30253511667251587
0.10423163324594498
0.10130913555622101
0.1179470419883728
-0.28055495023727417
-0.20564424991607666
-0.23192362487316132
0.38652732968330383
-0.2615762948989868
0.24891041219234467
-0.7705004811286926
-0.48060843348503113
0.40619465708732605
-0.34937137365341187
-0.030103398486971855
-0.49002593755722046
-0.48710542917251587
-0.1271883100271225
-0.5842666625976562
0.510331392288208
-0.49416443705558777
-0.10768037289381027
0.006972952280193567
-0.10252062231302261
0.28454649448394775
0.7688188552856445
-0.0010178295196965337
0.1169084906578064
0.14807280898094177
0.018187014386057854
-0.31394168734550476
0.16483570635318756
-0.16098611056804657
0.20314837992191315
-0.26994287967681885
-0.31280621886253357
-0.10452385991811752
0.00267910398542881
0.03206424415111542
0.6818707585334778
-0.09304935485124588
0.18320828676223755
-0.22232520580291748
-0.47803840041160583
-0.1134653389453888
-0.3530576527118683
0.09729920327663422
0.004171145614236593
0.3469633460044861
-0.5120036005973816
-0.16089366376399994
-0.5734174251556396
0.15099480748176575
0.30324169993400574
0.542759358882904
-0.2257789969444275
0.06087392941117287
-0.18619360029697418
-0.3237422704696655
0.36605605483055115
-0.32632508873939514
0.37216997146606445
-0.30096960067749023
-0.5252696871757507
-0.037509847432374954
-0.34829601645469666
0.5468302369117737
0.12184716016054153
-0.4584715664386749
0.7341829538345337
-0.26038500666618347
0.3175715208053589
1.2050641775131226
-0.07467241585254669
-0.38190147280693054
-0.6586169600486755
-0.7406102418899536
-0.25101134181022644
-0.34858667850494385
-0.4035719037055969
-1.0133447647094727
-0.3418894112110138
-0.6294535994529724
0.3108140230178833
-0.15990537405014038
0.7753262519836426
0.16046029329299927
-0.5287371277809143
0.4571831524372101
-0.8594418168067932
-0.1913028359413147
-0.4735710024833679
0.11996443569660187
-0.23159101605415344
0.7457470893859863
-0.2325764000415802
0.6110851764678955
0.46229007840156555
-0.48414793610572815
0.37688758969306946
0.3729194104671478
-0.8437312245368958
0.4694749414920807
0.509742259979248
0.1480569839477539
-0.2120019644498825
-0.09625355154275894
0.3640633821487427
-0.13819094002246857
-0.09955400228500366
-0.3788221776485443
0.01575474627315998
0.034882526844739914
0.109388567507267
0.8053222298622131
-0.6081833839416504
-0.3019651472568512
0.3192557394504547
0.4871947169303894
-0.012848202139139175
-0.4636248052120209
-0.03844044357538223
-0.3367776870727539
0.07700731605291367
-0.363563597202301
-0.141503244638443
0.35884013772010803
0.3943437337875366
0.01392685528844595
0.3387831151485443
-0.4373002052307129
0.025673769414424896
0.38979271054267883
0.30565014481544495
-0.4092372953891754
-0.3930360972881317
-0.5723085999488831
-0.07630560547113419
0.26198819279670715
0.2441571056842804
0.04291902855038643
0.3849109709262848
0.4640953838825226
-0.09187828749418259
0.04691131412982941
-0.22225502133369446
-0.07471487671136856
-0.5678118467330933
-0.5912043452262878
-0.22890157997608185
0.34017372131347656
-0.35434091091156006
0.18250210583209991
0.1599317342042923
0.007287577725946903
-0.13214831054210663
-0.057812806218862534
0.32625702023506165
0.11448275297880173
0.009494890458881855
0.09436284750699997
0.28951770067214966
0.3059745728969574
-0.07750658690929413
-0.14321163296699524
-0.0033553815446794033
-0.08136807382106781
-0.2636834681034088
0.6503815650939941
-0.22138476371765137
0.15833503007888794
0.14705535769462585
0.08671460300683975
-0.150465726852417
-0.28870487213134766
-0.00899792555719614
0.3146173655986786
-0.3292378783226013
-0.11854898929595947
-0.47797834873199463
-1.6924978494644165
0.15139654278755188
-0.5080625414848328
-0.25248077511787415
-0.7528099417686462
0.8755218982696533
0.3258449137210846
0.6918693780899048
-0.5220760703086853
0.06349937617778778
0.4816071689128876
-0.0024975379928946495
-0.39869749546051025
-0.08585449308156967
-0.7709941864013672
0.5776491761207581
0.028567759320139885
-0.5177320837974548
0.037908829748630524
-0.41469430923461914
0.32507458329200745
-0.15690279006958008
-0.059954117983579636
0.3410629332065582
-1.0141030550003052
0.9291699528694153
0.30622610449790955
0.6914059519767761
-0.5611408352851868
0.07446913421154022
0.18724600970745087
-0.4204053282737732
-0.2194492518901825
0.39755183458328247
0.482918381690979
-0.1523967832326889
0.37659749388694763
0.1332218497991562
0.2997429668903351
0.05731840059161186
0.0025316248647868633
0.45356816053390503
-0.9609273076057434
-0.14761117100715637
0.3075937330722809
0.5148912072181702
-0.05807683616876602
-0.02558888867497444
-0.1773209571838379
0.8510692715644836
0.032399822026491165
0.1250179558992386
-0.0007906031096354127
0.04480988532304764
-0.4061451852321625
-0.12606145441532135
-0.5289915204048157
-0.10862363874912262
0.45560720562934875
-1.1415605545043945
-0.27188077569007874
0.7136029005050659
0.6101285815238953
0.5798255205154419
0.16236616671085358
-0.01477376464754343
0.1161707192659378
0.6218700408935547
0.261990487575531
-0.3183419108390808
0.2922436594963074
0.06368953734636307
0.5965405106544495
0.06300815939903259
0.24584665894508362
-0.00391278974711895
-0.031141605228185654
0.12751777470111847
-0.2736091613769531
0.5235347747802734
-0.4880969226360321
-0.007380821276456118
0.13220927119255066
0.1693587303161621
-0.0708637535572052
0.26573145389556885
0.27009889483451843
-0.005275446455925703
0.11449039727449417
0.0364111103117466
-0.18131089210510254
0.051443979144096375
-0.29578033089637756
0.012724347412586212
0.1665402501821518
0.05416906252503395
0.21371294558048248
0.12098480015993118
0.08999238908290863
-0.23091362416744232
-0.22829334437847137
0.22822237014770508
-0.2223619818687439
0.013452393934130669
0.657065749168396
-0.19785824418067932
-0.47486668825149536
0.019386865198612213
0.2822112441062927
-0.14778558909893036
0.06008610129356384
-0.18299421668052673
0.1247180923819542
-0.13380485773086548
0.5503054857254028
-0.1569189727306366
-0.2263512909412384
-0.09789653867483139
-0.047334711998701096
-0.21347858011722565
-0.0644238144159317
-0.23536871373653412
0.05862748995423317
-0.10002791881561279
0.035024747252464294
-0.19725826382637024
0.18525031208992004
-0.1489163637161255
0.5389039516448975
0.006375497672706842
0.3706624209880829
-0.36767303943634033
-0.010671841911971569
-0.5674654245376587
-0.34593290090560913
0.27880218625068665
1.2420846223831177
-0.0186977107077837
-0.9358179569244385
-0.1459455043077469
0.3692469000816345
0.038750987499952316
0.17927880585193634
-0.6737961173057556
0.004897566977888346
-0.31380340456962585
-0.5630225539207458
0.10015295445919037
0.08382214605808258
-0.6280258893966675
-0.11547339707612991
-0.5747009515762329
-0.4399583041667938
-1.025325894355774
0.1099635660648346
0.008819762617349625
-0.37520208954811096
0.12377607822418213
0.43662455677986145
-0.11860541254281998
0.2662668824195862
-0.2323465645313263
0.434919148683548
-0.7478518486022949
0.019965292885899544
-0.10188885033130646
-0.07496289163827896
-0.19403859972953796
-0.7156600952148438
-0.5130550861358643
0.22377681732177734
0.034911688417196274
-0.7545655369758606
0.0564575158059597
-0.4803807735443115
0.0043510496616363525
0.1425921469926834
-0.33124983310699463
-0.139121875166893
1.222119927406311
0.09828253835439682
0.09010687470436096
-0.42131659388542175
-0.755610466003418
-0.32322371006011963
-0.1760103702545166
0.18705134093761444
0.08556225150823593
0.49162134528160095
-0.3504105508327484
0.7155697345733643
-1.1297292709350586
-0.7342464327812195
0.24285520613193512
0.039373110979795456
-0.19248226284980774
-0.14304594695568085
-0.42284971475601196
-0.4154954254627228
-0.12585532665252686
-0.8531198501586914
0.10286321491003036
-0.014852523803710938
-0.5566022396087646
-0.41448086500167847
0.14441250264644623
0.344417542219162
0.1774214804172516
0.5712426900863647
0.27933356165885925
-0.45895808935165405
0.23225536942481995
0.3972797393798828
0.5573565363883972
-0.34571927785873413
-0.2863413095474243
0.08222770690917969
0.44747212529182434
0.33759650588035583
-0.18648701906204224
-0.7391815185546875
0.28567183017730713
0.7303764820098877
0.4063834846019745
0.3098636567592621
-0.09892971068620682
0.18928498029708862
-0.47226986289024353
-0.13939906656742096
-0.37274935841560364
0.18824847042560577
0.18083496391773224
0.3006203770637512
-0.6286154389381409
0.1509544998407364
0.15506990253925323
0.02344803512096405
0.11026255041360855
0.7824211716651917
0.05245967209339142
-0.08363157510757446
-0.21073409914970398
-0.0412164144217968
0.1903633028268814
-0.12274544686079025
0.1914050579071045
-0.6032281517982483
-0.26044127345085144
0.11053778976202011
-0.3021494746208191
-0.3256395757198334
0.5338852405548096
-0.07951276749372482
-0.9752562046051025
-0.42055556178092957
-0.7908930778503418
-0.8086545467376709
-0.9478123188018799
0.634041428565979
0.06161710247397423
-0.7131524682044983
-0.0021345068234950304
-0.35070130228996277
-0.2110297977924347
-0.23469044268131256
0.8341573476791382
0.6800844073295593
-0.49913427233695984
0.6470834612846375
0.2883831858634949
0.8823152184486389
0.4928334057331085
-0.9864660501480103
0.46482762694358826
-0.2700347304344177
0.49927541613578796
-0.12666715681552887
-0.20073719322681427
-0.08103466778993607
-0.2739987075328827
-0.05858975648880005
0.7300664186477661
-0.0911036878824234
-0.5345996022224426
0.08178415149450302
0.5235220789909363
-1.190199851989746
-0.5100268721580505
0.22118505835533142
-0.4262927174568176
-0.16931010782718658
-0.09938057512044907
0.43348121643066406
0.04759692773222923
0.5865533947944641
0.24691249430179596
0.6083670854568481
0.10190551728010178
-0.30567821860313416
-0.5632764101028442
0.2950718402862549
0.26332446932792664
0.13308404386043549
0.18472088873386383
0.29557138681411743
-0.2268599420785904
-0.24632392823696136
-0.060150764882564545
0.5230596661567688
0.48842141032218933
0.3756507933139801
0.8682997822761536
-0.44002363085746765
0.15375041961669922
0.24024510383605957
-0.02603304386138916
-0.516851544380188
-0.36153048276901245
-0.13970613479614258
0.3006279766559601
0.8424021601676941
0.8908858895301819
0.09221572428941727
0.5256733894348145
0.5669226050376892
0.3190646171569824
0.8616527915000916
-0.49754849076271057
1.6281644105911255
-0.04119766876101494
-0.2270260751247406
0.19574563205242157
-0.9378309845924377
0.2603382170200348
-0.16332149505615234
0.04725942388176918
0.24065528810024261
0.15370996296405792
0.23819908499717712
-0.3300178050994873
-0.8794808983802795
-0.17384342849254608
0.07153651863336563
-0.3626013696193695
0.7058874368667603
-1.9370572566986084
0.11637856066226959
-0.3665519058704376
-0.012703725136816502
0.7883462905883789
-0.5456262826919556
-0.01231763418763876
-0.4705717861652374
-0.6218647360801697
-0.25325343012809753
0.004326678346842527
-0.23177693784236908
0.6825458407402039
-0.4828154742717743
-0.053534019738435745
-0.1415604203939438
-0.178700253367424
0.18673479557037354
0.04844958707690239
-0.4339503347873688
0.18665312230587006
0.04830753430724144
-0.07552520185709
0.04756220430135727
-0.06607203185558319
0.1588512361049652
0.09210318326950073
-0.21675795316696167
-0.11901380866765976
-0.3285701870918274
-0.022877715528011322
0.05762573331594467
-0.3628794550895691
-0.5190674066543579
-0.0939929187297821
0.24305212497711182
0.07923372834920883
-0.16335821151733398
0.007153498008847237
-0.3099019527435303
-0.7843466997146606
-1.113803744316101
0.5335039496421814
-0.006036155857145786
0.2592392861843109
0.06829275190830231
0.07959455996751785
0.5426357984542847
-0.508373498916626
0.6450549960136414
0.12858526408672333
-0.36565279960632324
-0.26518383622169495
-0.7029001116752625
-0.3544918894767761
-0.48807063698768616
0.2369949072599411
0.6333887577056885
-0.7106840014457703
-0.03496237099170685
-0.1510513871908188
0.6583973169326782
0.36526283621788025
1.026967167854309
-0.0003335115034133196
0.21370892226696014
0.46876969933509827
0.08851557970046997
0.2286888062953949
-0.462245374917984
0.5205669403076172
0.5292143225669861
-0.1605941653251648
0.13253825902938843
0.020548567175865173
0.03366982564330101
0.8882501125335693
-0.2544620931148529
0.13816262781620026
-0.03952203691005707
0.09611359238624573
-0.5960229635238647
0.4392967224121094
-0.44588857889175415
-0.4836329221725464
0.3847251832485199
-0.1840394288301468
-0.16510161757469177
0.9180471301078796
-0.3668462634086609
-0.2461656779050827
-0.43079665303230286
0.12338408082723618
0.43281078338623047
-0.37263327836990356
-0.7621641159057617
-0.18560928106307983
-0.07263386994600296
-0.5838120579719543
0.041683074086904526
0.5140702128410339
-0.5136629343032837
-0.1865844875574112
-0.10575199127197266
-0.37981846928596497
-0.03279851749539375
0.14913038909435272
-0.35938555002212524
0.19102269411087036
0.08901634067296982
0.35924914479255676
-0.12190857529640198
0.0010344604961574078
1.4617574214935303
0.07020267844200134
-0.44297394156455994
-0.11281897127628326
0.46680134534835815
0.19288259744644165
-0.22725944221019745
0.006735104136168957
0.08866431564092636
-0.1546000987291336
0.09905344247817993
-0.27442750334739685
0.9539238214492798
-0.03294777870178223
0.07719677686691284
0.665231466293335
0.020982209593057632
-0.15530900657176971
0.9976356625556946
-0.500213623046875
-0.3744020164012909
-0.01342325285077095
-0.31085366010665894
0.24696467816829681
-0.04548546299338341
-0.3055799901485443
0.10850363224744797
-0.39913108944892883
0.023334925994277
-0.1426226645708084
0.23869022727012634
0.19582654535770416
-0.43311434984207153
-0.05921778455376625
0.42602822184562683
0.3423091471195221
-0.08574727177619934
-0.07919266074895859
0.04835595190525055
0.14894860982894897
-0.08019077777862549
-0.0765538290143013
0.5329324007034302
-0.09540000557899475
-0.26456326246261597
0.2600901126861572
-0.010067948140203953
0.08559057116508484
-0.12197956442832947
0.09886521100997925
-0.3389104902744293
-0.15613386034965515
-0.12733051180839539
0.7596828937530518
0.2303074449300766
0.061836741864681244
0.48292428255081177
0.3488701581954956
0.349780410528183
0.3939644694328308
-0.37059351801872253
-0.04524443671107292
0.22455282509326935
0.014946728013455868
0.9722369313240051
-0.11841035634279251
-0.2509406507015228
-0.044474534690380096
-0.4360300600528717
-0.4633243978023529
-0.36921441555023193
0.2496221363544464
0.4903639554977417
0.21949779987335205
0.0008356720791198313
-0.1514318287372589
0.38412103056907654
0.31537505984306335
-0.005703341215848923
0.42926132678985596
0.06934089958667755
0.39990127086639404
0.4210617244243622
-0.02868993580341339
-0.04497501999139786
0.3474917709827423
-0.04522707685828209
0.15172676742076874
0.1659558117389679
0.034482959657907486
0.047817714512348175
0.7948193550109863
0.10714389383792877
-0.004925142973661423
-0.18933288753032684
-0.04571174085140228
-0.29012593626976013
0.4088402986526489
0.19350868463516235
-0.00844146404415369
0.17486466467380524
-0.17834976315498352
0.10692717880010605
-0.147929385304451
0.30610236525535583
-0.18403615057468414
-0.3153243660926819
0.07694641500711441
0.39584511518478394
-0.03701953962445259
0.45834189653396606
-0.09444431960582733
0.4791852831840515
-0.03290528431534767
-0.21663285791873932
0.0790618509054184
0.04247647151350975
0.1505884826183319
-0.7205414772033691
-0.5170509219169617
0.014548428356647491
0.24439454078674316
0.5354475378990173
0.2446386069059372
0.26316988468170166
-0.49457883834838867
-0.34791311621665955
0.15491104125976562
0.796687126159668
-0.15042829513549805
-0.6949106454849243
-0.188517227768898
-0.5418625473976135
0.2675864100456238
-0.8166102170944214
-0.07717294245958328
0.5582532286643982
0.1045152097940445
0.4578438103199005
0.3203330636024475
-0.763093113899231
0.7791227102279663
0.01940665952861309
0.37832769751548767
-0.1556597799062729
-0.533968985080719
0.034986212849617004
0.21161110699176788
-0.8240828514099121
0.19112269580364227
-0.23548385500907898
0.4669618308544159
-0.5554088354110718
0.4432176649570465
0.17369753122329712
0.3436829149723053
0.07245784252882004
0.2852379083633423
0.49627697467803955
0.005710294470191002
-0.45806634426116943
0.4278850555419922
0.475381463766098
0.025280876085162163
0.4647943675518036
-0.034303877502679825
-0.43228036165237427
0.9254111647605896
-0.15715473890304565
-0.25472426414489746
-0.841587483882904
0.711828351020813
-0.08502804487943649
-0.6721027493476868
0.2930850684642792
-0.1846207082271576
-0.5440258383750916
-0.26687127351760864
0.1640382707118988
-0.5465039610862732
0.09141921252012253
-0.646602213382721
-1.3528599739074707
-0.7720252275466919
-0.17917770147323608
-0.615338146686554
-0.5579250454902649
-0.6726294159889221
0.2919587194919586
0.4930820167064667
-0.3164350390434265
1.3569258451461792
0.9973395466804504
0.15523308515548706
1.683936357498169
-0.4902418851852417
-0.11422834545373917
0.705636203289032
-0.20449663698673248
-0.7230110168457031
-0.7125911116600037
0.035820141434669495
0.0968528762459755
0.11854170262813568
-0.24220724403858185
0.5267944931983948
-0.9148542881011963
0.4198184609413147
-0.43923598527908325
0.3389105498790741
0.08656768500804901
0.21272924542427063
-0.798269510269165
-1.197434902191162
-0.7411373853683472
-0.19984649121761322
-1.1850754022598267
-0.9449291229248047
1.0713609457015991
-1.0135905742645264
0.28660091757774353
-0.4470868408679962
0.736640989780426
0.5632948279380798
0.7029102444648743
-0.7609043121337891
-0.5868940949440002
0.868558943271637
-0.3574461042881012
0.5627442002296448
0.30528202652931213
0.04465894401073456
-0.17615418136119843
0.2760331928730011
1.131996989250183
-0.31578490138053894
-0.2822713255882263
0.31017646193504333
-0.6698142290115356
0.26760804653167725
-0.48088932037353516
-0.9517704844474792
0.8507201671600342
-0.9708645343780518
-0.09630090743303299
1.3833491802215576
-0.041473932564258575
0.6654637455940247
0.22470565140247345
-0.5046259164810181
0.7292436957359314
0.10963354259729385
-0.7834599018096924
-0.20153501629829407
-0.33866071701049805
-0.20288819074630737
-1.22832190990448
0.1413908451795578
-0.5342005491256714
0.458118736743927
0.4043220281600952
-0.15233995020389557
0.411511093378067
1.1303520202636719
0.2638840079307556
-0.26984483003616333
-0.07917043566703796
-0.06975556910037994
-0.6697416305541992
-0.3209555149078369
-0.17561659216880798
0.4690207540988922
0.5190363526344299
-0.2702164053916931
-0.3868695795536041
0.17111529409885406
0.33309823274612427
0.028119346126914024
0.45067620277404785
-0.03213031589984894
-0.6291573643684387
-0.055373914539813995
0.03821625933051109
0.17423845827579498
0.4295365810394287
-0.2077728807926178
-0.7389994859695435
-0.7090072631835938
0.3798588514328003
0.41288551688194275
-0.2671446204185486
-0.0769740492105484
-0.09838774055242538
-0.23106896877288818
0.155996635556221
-0.0005432319012470543
-0.11883068084716797
1.1368378400802612
0.021893247961997986
0.5762057900428772
-0.8234158158302307
-0.11445897072553635
-0.277250200510025
0.035601601004600525
-0.5659072399139404
-0.14519304037094116
-0.46097540855407715
-0.928645670413971
0.009427189826965332
-0.9813289642333984
-0.12510895729064941
-0.5353344678878784
-0.83826744556427
0.08058565109968185
1.0226014852523804
0.13347044587135315
-0.29743441939353943
0.0908072367310524
0.007691074162721634
-0.7012047171592712
0.013047092594206333
0.05427604541182518
-0.08814264833927155
-0.07058156281709671
-0.8964617252349854
-0.5703050494194031
0.6174076795578003
0.06142590939998627
-0.10201176255941391
-0.38947924971580505
-0.24550317227840424
-0.16146782040596008
0.21233269572257996
0.11028457432985306
0.13759185373783112
-0.11114424467086792
0.7054399251937866
0.910280704498291
0.2272709608078003
0.25536203384399414
-0.45591381192207336
0.17264311015605927
0.4266040325164795
-0.3085220158100128
-0.4539760947227478
-0.6706101298332214
-0.04787536710500717
0.24185951054096222
0.6495358347892761
-0.03040546365082264
-0.6569824814796448
-0.3651565909385681
0.19548596441745758
0.6336833238601685
-0.15489940345287323
-0.24215580523014069
-0.2194892168045044
-0.5983466506004333
-0.09976354241371155
0.7797802686691284
0.0836602970957756
0.08405084908008575
-0.1977224498987198
0.7536903619766235
0.29773280024528503
-0.5532234907150269
-0.5893716216087341
-0.5134010314941406
0.24875418841838837
-0.38496747612953186
0.16074314713478088
0.6651943325996399
-0.29090267419815063
-0.09721805900335312
-0.7363171577453613
-0.9191614985466003
0.48027586936950684
-0.6132184863090515
-1.0448421239852905
-1.3315012454986572
0.7591111660003662
1.157817006111145
-0.11061771214008331
1.4563883543014526
0.5951786637306213
-0.6995000839233398
0.05214470997452736
-1.4346712827682495
-0.5207083821296692
0.7523831129074097
-0.6058350801467896
-0.8741662502288818
-1.90608811378479
-0.09642943739891052
0.469698965549469
-0.026702001690864563
0.4816645681858063
0.36502087116241455
-1.1136778593063354
0.8579434752464294
-0.6550962328910828
-0.725008487701416
-0.4028944969177246
-0.6403266191482544
-1.2292770147323608
-0.5817180275917053
-0.06605812162160873
1.226611852645874
-0.08673050999641418
-0.5476928353309631
0.4520055651664734
-0.3192436993122101
-0.864899218082428
-0.291932076215744
1.2421778440475464
0.6682140231132507
1.1437139511108398
-0.8606298565864563
-0.3744601607322693
1.2202686071395874
-0.4923260807991028
1.370084524154663
0.7501187920570374
0.2440072000026703
-0.7303749918937683
-0.2660016417503357
1.0879061222076416
-1.8826391696929932
0.6002258658409119
0.1336575746536255
-0.7407639026641846
1.6939460039138794
-0.8710898160934448
-0.23853662610054016
1.077510118484497
0.241010382771492
0.7673912048339844
0.9181303381919861
-0.4668200612068176
-0.2549622654914856
-0.1776275485754013
-0.14753733575344086
-0.7732933759689331
-0.18070079386234283
0.026098990812897682
0.06615103036165237
-0.6177318096160889
-0.19003647565841675
0.14817124605178833
-0.018084190785884857
-0.5546153783798218
0.28282076120376587
0.2130288928747177
0.1749187409877777
0.15481990575790405
0.04704219475388527
0.49952489137649536
-0.19243186712265015
-0.13669341802597046
-0.23667865991592407
0.04548541083931923
-0.24421876668930054
0.18603791296482086
0.45976853370666504
-0.17535796761512756
0.061686668545007706
-0.2239862084388733
0.08245846629142761
-0.22933237254619598
-0.2240777313709259
-0.23872029781341553
-0.30055809020996094
-0.28639304637908936
0.19448183476924896
0.01815675012767315
0.3187943696975708
-0.3632799983024597
0.015869425609707832
0.13232333958148956
0.07453739643096924
-0.38406676054000854
-0.05195290222764015
-0.3887663781642914
0.15707410871982574
-0.13220883905887604
-0.03405264765024185
0.17088006436824799
-0.2909467816352844
-0.4055285155773163
0.11702669411897659
0.5159732103347778
0.1642085611820221
-0.14686259627342224
0.32652097940444946
-0.27079543471336365
-0.030611522495746613
-0.21747365593910217
0.23894833028316498
0.030015146359801292
-0.3612183928489685
-0.41820722818374634
-0.010073688812553883
-1.0461505651474
0.025193847715854645
0.20101751387119293
0.42403680086135864
0.19813008606433868
-0.13340945541858673
0.22704200446605682
0.8276125192642212
-0.6148970127105713
-0.6800563335418701
0.41993531584739685
0.07574696093797684
-0.2206030786037445
-0.3866840898990631
-1.5571247339248657
-0.2063315361738205
0.8544563055038452
0.924555778503418
0.7395302057266235
-0.4897497892379761
0.05015266314148903
1.0203845500946045
0.3950052559375763
1.2527170181274414
0.0775051936507225
1.3301717042922974
0.08789411932229996
-0.45866429805755615
-0.2836029529571533
0.3811553120613098
0.12539081275463104
-0.643426239490509
0.6606044173240662
0.4327842593193054
-0.4512867331504822
-0.185837060213089
-0.2076711654663086
-0.3779376447200775
0.3983825147151947
0.629402220249176
-0.7142975926399231
0.08126510679721832
0.24261198937892914
0.07918262481689453
0.05904502049088478
0.19562923908233643
0.2010384202003479
0.021634722128510475
-0.661021888256073
0.8331949710845947
0.156905859708786
0.04706214740872383
0.12085087597370148
0.18436016142368317
-0.9027448296546936
-0.8546208739280701
-0.02193090319633484
-0.028138417750597
0.14732666313648224
-0.27311980724334717
0.13965533673763275
-0.0653282031416893
0.3179663419723511
0.3927472233772278
-0.25975385308265686
-0.4198659360408783
0.6093785166740417
-0.12304013222455978
-0.10055337846279144
-0.008192503824830055
1.0480422973632812
0.08715570718050003
-0.40030035376548767
-0.07849325984716415
0.180952787399292
0.07002843171358109
-0.6641592979431152
-0.49088233709335327
-0.2866153120994568
0.44518476724624634
0.03736232593655586
-0.377917617559433
-0.060138024389743805
0.09713637828826904
0.2299153208732605
-0.08984930068254471
0.20787520706653595
0.0209885835647583
-0.25559210777282715
0.721078634262085
-0.05988527461886406
0.15475358068943024
-0.16425959765911102
0.3128490447998047
0.12830157577991486
0.09754916280508041
-0.3761705160140991
0.4489017426967621
0.1502286046743393
0.2879529893398285
-0.29790884256362915
0.35798636078834534
-0.27064284682273865
0.13615185022354126
-0.01018268521875143
0.3659660518169403
0.10944961756467819
0.0600503534078598
-0.3165147602558136
0.07143284380435944
-0.13683851063251495
0.04244045168161392
-0.12024674564599991
0.2657123804092407
0.24455805122852325
-0.25585365295410156
0.03923896700143814
-0.02806427702307701
0.16710202395915985
0.038271594792604446
0.2446252405643463
0.09444946050643921
0.44864001870155334
0.09102768450975418
0.16196414828300476
0.1268378049135208
0.07480096817016602
-0.06041523814201355
-0.6079380512237549
-0.1368180215358734
-0.3706448972225189
-0.6399171352386475
0.0037104624789208174
-0.8866201639175415
0.11904677748680115
-0.1293032318353653
-0.17307686805725098
-0.07514067739248276
-0.15738852322101593
0.012066293507814407
-0.46661144495010376
-0.27898550033569336
-0.09640263766050339
0.3648560643196106
-0.37963148951530457
0.664152204990387
0.3492846190929413
0.28713172674179077
0.16869817674160004
0.0991617813706398
0.12851861119270325
0.07080554962158203
0.031569939106702805
-0.11383915692567825
-0.39696428179740906
0.021334003657102585
-0.2560567259788513
0.01849514991044998
0.05663442984223366
0.3409003019332886
0.28435182571411133
-0.050232041627168655
-0.7412149906158447
0.15891128778457642
-0.2927238941192627
0.020538734272122383
0.1480122208595276
0.05157025158405304
0.21750076115131378
-0.16174398362636566
-0.3319070339202881
-0.02608083374798298
-0.7114763855934143
-0.12478401511907578
-0.4736696481704712
-0.06615626066923141
0.08819720149040222
-0.10066352784633636
-0.12201715260744095
-0.036278776824474335
0.08340074121952057
-0.22241804003715515
0.6403148770332336
0.16734789311885834
-0.9897900223731995
0.21112212538719177
-0.2245917171239853
-0.16263817250728607
-0.22644780576229095
-0.06860607117414474
0.07302478700876236
0.05553831160068512
0.35410141944885254
0.10149015486240387
0.0673779621720314
-0.2969599664211273
0.5632354021072388
-0.757488489151001
-0.43398237228393555
-0.017034318298101425
-0.03008381649851799
-0.21148838102817535
-0.2540247142314911
-0.014986434020102024
-0.5587416291236877
-0.28427618741989136
-0.03395036235451698
-0.15661175549030304
-0.1680857241153717
0.2645677626132965
0.1564049869775772
0.27083486318588257
-0.3618115484714508
0.6982580423355103
0.175664022564888
-0.11608772724866867
-0.06000146642327309
0.20230871438980103
0.5083895325660706
0.16354137659072876
-0.5876246094703674
0.6771507859230042
-0.24487218260765076
0.7726348638534546
0.035532571375370026
-0.3853859007358551
0.3357635736465454
0.1262926459312439
-0.42770394682884216
0.17554473876953125
0.011474794708192348
0.007315253373235464
0.4881057143211365
-0.40200191736221313
-0.2158377319574356
0.012143652886152267
-0.16535761952400208
0.3182780146598816
-0.08335452526807785
-0.9107592105865479
-0.39069628715515137
0.37683433294296265
-0.36394304037094116
0.3904154300689697
-0.5807154178619385
0.8251632452011108
0.1205894947052002
0.1220298558473587
-0.06854736059904099
-0.593338131904602
-0.9374043941497803
-0.49571385979652405
-0.5177152752876282
-0.05960622429847717
-0.2958827018737793
-0.1866261065006256
-0.7108262181282043
-0.5789199471473694
0.4910762310028076
-0.8226161003112793
-0.5160459280014038
-0.6549233198165894
-0.01724596507847309
-0.014004773460328579
0.7900580167770386
0.01925211027264595
-0.11356859654188156
0.12102345377206802
-0.3923974335193634
-0.04977390915155411
-0.8100740909576416
0.7541441321372986
-0.054840896278619766
-0.08413206785917282
0.3219461739063263
0.15409940481185913
-0.19568376243114471
0.024136902764439583
0.40993717312812805
0.7656645178794861
-0.47708967328071594
-0.23892845213413239
0.13284102082252502
-0.23870307207107544
0.4928840100765228
0.04910688102245331
-0.5530568361282349
0.3446919322013855
-0.23961764574050903
-0.12080942839384079
-1.3082343339920044
-0.18149727582931519
0.3543909192085266
0.6230350732803345
-0.07290507107973099
-0.22257614135742188
0.4563487470149994
0.36700883507728577
-0.30139124393463135
-0.17762374877929688
-0.01794329471886158
-0.031419120728969574
-0.2695748805999756
-0.0833730697631836
-0.1425245851278305
0.7018558979034424
-0.6135228276252747
-0.3528217077255249
0.18037916719913483
0.07173376530408859
0.2630641758441925
0.22583480179309845
-0.6410364508628845
-0.47622132301330566
-0.25655031204223633
-1.1982080936431885
-0.17640064656734467
0.5739349126815796
-0.2890063226222992
1.2914334535598755
0.2558159828186035
-0.03416800498962402
0.31683677434921265
-0.41073381900787354
0.25691911578178406
0.052013181149959564
-1.3032630681991577
-0.7479579448699951
-0.18673183023929596
-0.03685818985104561
-1.032979130744934
-0.01863144151866436
-0.3510362207889557
0.47978201508522034
0.7569566965103149
-0.6406726837158203
-0.14579056203365326
0.26804980635643005
0.06989710032939911
0.8609803915023804
-0.274817556142807
0.7603691220283508
-0.2846263647079468
-0.7120062708854675
0.16350845992565155
0.3439044952392578
0.2658011019229889
-0.473796010017395
-0.43639203906059265
-0.17372052371501923
-0.19126242399215698
0.20318356156349182
0.6763518452644348
-0.21498344838619232
0.3284941613674164
-0.07606089115142822
0.038031939417123795
0.5054401159286499
0.4000111520290375
0.05109267681837082
-0.39783039689064026
-0.3582901060581207
-0.12975800037384033
-0.24397486448287964
0.4023563861846924
-0.04203440621495247
-0.43789538741111755
0.008208032697439194
0.4290163516998291
-0.7820929288864136
-0.36022108793258667
0.2001192271709442
-0.11135824024677277
-0.05717543885111809
-0.5026063323020935
0.04551403969526291
-1.1933518648147583
-0.11336349695920944
0.19259457290172577
-0.38675639033317566
0.15685266256332397
-0.07715313136577606
0.039605408906936646
-0.6661343574523926
0.40660831332206726
-0.1154075413942337
-0.18301913142204285
0.10243535041809082
0.16067436337471008
0.3910159468650818
0.3990004062652588
-0.08307844400405884
0.8992944955825806
-0.5667812824249268
0.618046224117279
0.3035975694656372
-0.23772215843200684
0.14348158240318298
0.46236565709114075
0.20959381759166718
-0.2030850499868393
-0.03867417201399803
-0.08739931881427765
-0.09218663722276688
-0.28686416149139404
-0.39001309871673584
-0.26190027594566345
0.4384463131427765
0.31572839617729187
-0.3706291913986206
-0.29245325922966003
-0.4959442913532257
0.8391481637954712
-0.0277640912681818
0.039934542030096054
0.12057605385780334
-0.2387513667345047
-0.5850749611854553
-0.45836740732192993
0.14964085817337036
-0.23225122690200806
0.38766366243362427
-0.21183903515338898
0.22811497747898102
0.1742749810218811
0.6061248183250427
-0.7142693400382996
0.11824924498796463
-0.2249642014503479
-0.2655167579650879
-0.19612129032611847
-0.4096493124961853
-0.19438901543617249
0.31437960267066956
0.18057414889335632
-0.5628652572631836
-0.10762888193130493
-0.09143681079149246
0.18406258523464203
-0.1196070984005928
0.30728578567504883
-0.07028698921203613
0.1211322546005249
0.2940073609352112
-0.43587037920951843
0.11538522690534592
-0.48748525977134705
0.10255309194326401
1.0706831216812134
1.1627147197723389
0.29849880933761597
0.19382818043231964
-0.35368967056274414
0.04745447635650635
0.04127289354801178
0.6116479635238647
0.6843260526657104
-0.43584203720092773
-0.3174748718738556
0.6135952472686768
-0.168553426861763
0.06686750799417496
0.19713085889816284
-0.6465616822242737
0.039007559418678284
-0.7207031846046448
0.6678254008293152
-0.21751637756824493
-0.019773470237851143
0.4164983630180359
0.473625510931015
0.689266562461853
-0.40799015760421753
0.1000651866197586
0.8905885219573975
0.6972460150718689
0.41528478264808655
-0.16368576884269714
0.6537095904350281
-0.539819598197937
0.5532293915748596
0.21834971010684967
-0.028237102553248405
-0.3558986186981201
-0.6494088172912598
0.9612141847610474
-0.33925336599349976
-0.8472253084182739
-1.0191011428833008
-0.13685762882232666
-0.054318107664585114
-0.32863545417785645
-0.5764814019203186
-0.16179895401000977
0.5139675140380859
-0.43065568804740906
-0.7274150848388672
0.25020071864128113
0.566434383392334
-0.24091580510139465
0.05114339292049408
-0.47028133273124695
-0.5756516456604004
0.24926503002643585
0.9623122811317444
0.41826918721199036
0.19001244008541107
0.2697693705558777
0.3661404252052307
-0.039075084030628204
0.5273880958557129
-0.48789918422698975
-0.6784114241600037
-0.36396777629852295
-0.23684248328208923
0.642148494720459
0.004240857902914286
-0.38280874490737915
0.5548886656761169
0.46256783604621887
-0.3666640520095825
-0.535906970500946
0.706858217716217
-0.18401885032653809
-0.016887720674276352
0.33449506759643555
-0.41968947649002075
-0.17451950907707214
-0.4679778218269348
0.4931984543800354
0.16320417821407318
0.11912210285663605
0.517004132270813
0.5632968544960022
0.2735562026500702
0.3135988116264343
-0.5231556296348572
1.4715625047683716
-0.022893859073519707
0.37991273403167725
-0.3777613043785095
0.006153663154691458
-0.3671160638332367
0.4732179045677185
0.21290268003940582
0.24428711831569672
0.47803908586502075
-0.31611043214797974
0.456835001707077
-1.0717273950576782
0.5042226910591125
0.0997539684176445
-0.32134711742401123
-0.1724422425031662
-0.9521735310554504
0.5444097518920898
0.2032908946275711
0.43424397706985474
0.373492568731308
-0.4865078926086426
0.09539847820997238
1.1254725456237793
0.3310416042804718
0.36212795972824097
0.32201480865478516
0.020322458818554878
0.023475581780076027
-0.00430553313344717
0.5372527241706848
-0.6092973947525024
0.17415304481983185
-0.7385281920433044
-0.08290911465883255
0.90974360704422
0.3068218529224396
0.09573522955179214
-0.4490855634212494
-0.06341546773910522
0.4259225130081177
-0.545030951499939
0.10948700457811356
-0.015974782407283783
-0.5764943957328796
-0.16105470061302185
-0.2412986159324646
-0.05275370180606842
0.16966849565505981
0.08748825639486313
-0.044361550360918045
0.15305283665657043
0.23807261884212494
0.39570122957229614
0.44106146693229675
-0.0689375251531601
0.3439694941043854
0.09084457159042358
-0.4795337915420532
0.2311607003211975
0.12358089536428452
-0.45648157596588135
0.49097001552581787
0.37619614601135254
0.14285962283611298
-0.7981456518173218
-0.50843346118927
0.4364428222179413
-0.23024871945381165
0.2136455774307251
0.036596860736608505
-0.27964189648628235
-0.27743297815322876
0.2880088984966278
-0.003024366684257984
0.9991433620452881
0.22629904747009277
0.18738217651844025
0.32605084776878357
-0.5625869631767273
-0.4774293303489685
0.07843466103076935
-0.18848851323127747
0.34458333253860474
0.012668315321207047
-0.2845010757446289
0.08539149165153503
-0.29929155111312866
-0.24498377740383148
0.3711652457714081
-0.04190981388092041
0.15269134938716888
0.29597190022468567
-0.022654255852103233
-0.16852599382400513
-0.24789254367351532
-0.22870172560214996
0.07580721378326416
0.13943259418010712
-0.4725346267223358
-0.2736535370349884
-0.20913434028625488
-0.45207154750823975
-0.5423004627227783
-0.6371375322341919
-0.08362411707639694
0.7230697274208069
0.4762628972530365
0.46671003103256226
0.16054873168468475
-0.6616513133049011
-0.3524397313594818
0.6469297409057617
0.048110537230968475
0.07586745917797089
0.3862280547618866
0.08158352971076965
-0.015688546001911163
0.07910457253456116
0.03600592538714409
0.064877949655056
-0.3121586740016937
-0.06552711874246597
0.18304406106472015
0.27817511558532715
0.12667430937290192
-0.2162313163280487
0.9167509078979492
0.41158604621887207
0.2539583444595337
-0.6758890151977539
0.6203636527061462
0.8924801349639893
-0.34764525294303894
0.6510290503501892
-0.06826116889715195
0.2137829214334488
-0.7728509902954102
-0.5721873044967651
-0.39257654547691345
0.4739786684513092
0.32113805413246155
-0.26334142684936523
-0.26509419083595276
0.2168990969657898
0.05488145723938942
0.035026758909225464
-0.3762861490249634
0.26098164916038513
-0.07721339911222458
-0.47011303901672363
0.890770435333252
0.340772420167923
0.3147149085998535
-0.16614411771297455
0.3037167489528656
-0.9511518478393555
-1.0482828617095947
0.4045974612236023
-0.2758181095123291
0.04483791068196297
-0.019318843260407448
0.0944976657629013
0.2784520387649536
0.3639000654220581
-0.8653348684310913
-0.5594842433929443
-0.6226113438606262
0.2652234137058258
-0.14092198014259338
0.6322818398475647
-0.2904893755912781
-0.26294034719467163
-0.17790213227272034
0.1729171723127365
0.5092755556106567
0.5254371166229248
-0.6254836916923523
-0.03524184226989746
-0.09938691556453705
-0.12000211328268051
0.21600601077079773
-0.259220153093338
-0.48210033774375916
-0.17241516709327698
0.7970687747001648
0.2247554212808609
-0.8426759839057922
0.14996503293514252
0.2880372107028961
-0.08742991089820862
0.7630772590637207
-0.1324213594198227
-0.3043307065963745
-0.17731095850467682
-0.10069252550601959
-0.698241114616394
-0.4913831055164337
-0.38400036096572876
0.1804712414741516
-0.45737364888191223
-0.540771484375
0.8689668774604797
-0.09546530991792679
0.05144181847572327
-0.02574835531413555
0.44466572999954224
-0.14213110506534576
0.6206570863723755
0.011820591054856777
-0.43408024311065674
0.5044885873794556
0.15866531431674957
-0.1673952043056488
0.027973229065537453
0.4405354857444763
-0.147144615650177
-0.424471378326416
-0.1041780635714531
-0.029987148940563202
0.41945281624794006
0.5644727349281311
-0.28029653429985046
-0.1656905710697174
-0.7550014853477478
-0.17828455567359924
0.6530098915100098
-0.9429786205291748
0.19897693395614624
-0.7827173471450806
0.1880137324333191
-0.4548947811126709
0.357142835855484
0.44602909684181213
-0.3978520631790161
0.10774607211351395
-0.15678071975708008
-0.08370370417833328
-0.02524631842970848
0.1259937882423401
0.16447095572948456
-0.1966259926557541
-0.3198098838329315
0.046634308993816376
-0.32234930992126465
0.1360209435224533
0.4519335925579071
-0.19091209769248962
0.15420843660831451
0.12686999142169952
7.553365139756352e-05
-0.10334005951881409
-0.07681343704462051
0.2037285715341568
0.002503447700291872
-0.4909791052341461
-0.030123598873615265
0.12896497547626495
0.32979264855384827
-0.09071552753448486
-0.4772346615791321
-0.028803545981645584
0.06378060579299927
0.10689935088157654
-0.6825663447380066
-0.4643752872943878
-0.08395814895629883
0.25376421213150024
-0.2218356728553772
-0.1133209839463234
-0.0620381236076355
-0.00942911859601736
0.013266356661915779
0.18257877230644226
-0.1960999220609665
0.06750987470149994
-0.23523618280887604
0.017917944118380547
0.088742695748806
0.7650862336158752
0.0872931182384491
-0.2776014506816864
-0.09176099300384521
-0.17865918576717377
0.6789180040359497
0.06762214004993439
0.26398971676826477
0.25074100494384766
-0.19045016169548035
-0.39124345779418945
0.1883140355348587
0.12152281403541565
0.2658526599407196
-0.7668272852897644
-1.4639029502868652
-0.28478655219078064
-0.29714250564575195
-0.024115847423672676
0.22028182446956635
0.013267616741359234
-0.9589483737945557
-0.3575049340724945
-0.05193815007805824
-0.42707183957099915
1.1979893445968628
0.06703413277864456
-0.8974639177322388
0.2852161228656769
0.023750117048621178
-0.20458264648914337
-0.052525658160448074
0.7478517293930054
0.07921871542930603
-0.33926016092300415
0.17724686861038208
0.09717625379562378
0.23073747754096985
0.24925056099891663
0.5467948317527771
-0.020606176927685738
0.19587917625904083
-0.5668056607246399
0.14156387746334076
0.11259497702121735
-0.19406729936599731
-0.34049656987190247
-0.4534357190132141
-0.09163935482501984
-0.3115937113761902
-0.07064744830131531
-0.012860313057899475
0.3194303810596466
0.37023845314979553
0.11889127641916275
-0.16012422740459442
-0.03364210203289986
-0.4794408679008484
0.08738300204277039
0.334062784910202
-0.12378251552581787
-0.05052231624722481
-0.23356829583644867
-0.1342993676662445
-0.056568074971437454
-0.10895473510026932
-0.00669117970392108
-0.10226120799779892
0.5040540099143982
-0.24603182077407837
-0.026044199243187904
-0.6917189359664917
-0.09012255817651749
-0.11905837804079056
-0.23402994871139526
-0.12659494578838348
-0.3136724531650543
-0.6660256385803223
-0.013376021757721901
0.17365407943725586
0.36322876811027527
-0.06078832596540451
-0.3445851504802704
-0.0658433809876442
-0.6589832901954651
-0.05606723576784134
-0.8568426966667175
0.6587191224098206
0.24648556113243103
-0.5263841152191162
-0.513840913772583
-0.8374474048614502
0.32238492369651794
0.27376788854599
-0.2737167179584503
-0.7424814701080322
0.3458364009857178
0.49445489048957825
0.7463549375534058
-0.2704000771045685
0.31600773334503174
-0.036905013024806976
0.46128958463668823
0.3056914806365967
-0.5194534659385681
-0.6046126484870911
0.40867263078689575
0.09934137016534805
-0.043453894555568695
0.38848960399627686
0.49096739292144775
0.3525932729244232
-0.36470311880111694
-0.23214226961135864
0.2848730981349945
-0.08024761825799942
0.6931419968605042
-0.11770641058683395
0.10234840959310532
-0.0212567076086998
-0.14584016799926758
-0.14865520596504211
-0.12994705140590668
0.05313607305288315
-0.34817445278167725
-0.8691123127937317
-0.06538960337638855
0.4174686670303345
-0.3888559937477112
-0.32073974609375
0.04727457836270332
-0.6390992403030396
0.5356423854827881
-0.01821911334991455
-0.780035674571991
-0.74977707862854
0.1180381178855896
-0.8519230484962463
-0.504067599773407
-0.7525956034660339
-0.5993993878364563
-0.40316033363342285
-0.2235460877418518
0.07463008910417557
0.078915074467659
0.1256602555513382
0.22256039083003998
-0.26362544298171997
-0.7021180987358093
-0.43376386165618896
0.11149783432483673
0.31321555376052856
-0.6755053400993347
0.2747490406036377
0.10990848392248154
-0.6760443449020386
0.1353902667760849
-0.7807592153549194
0.6750726103782654
-0.3502988815307617
-0.5630349516868591
0.04938427731394768
0.02463693358004093
0.026981310918927193
0.012373642064630985
0.42069169878959656
0.24200254678726196
-0.06710690259933472
-0.6335123777389526
0.253091961145401
-0.8303704857826233
-0.22094686329364777
0.5571166276931763
-0.3306950330734253
0.10442588478326797
0.4299217760562897
-0.27949240803718567
-0.6483664512634277
0.2325916290283203
-0.6292276382446289
0.6077229380607605
0.214575856924057
0.08169616013765335
-0.5774344801902771
-0.37430065870285034
-0.7428467869758606
0.4168100953102112
-0.36766454577445984
-0.22005194425582886
-0.08670459687709808
-0.48520657420158386
0.010315356776118279
0.2544858753681183
0.3014564514160156
0.23400409519672394
-0.2192697376012802
0.0826045572757721
0.826172947883606
0.44488391280174255
0.06426544487476349
-0.38396507501602173
-0.1647687703371048
-0.8969224691390991
-0.41524815559387207
0.3297029733657837
0.13824842870235443
-0.46020790934562683
-0.10852380841970444
-0.14425352215766907
-0.206710547208786
0.0009728803997859359
-0.4306691884994507
-0.012183427810668945
-0.3594026267528534
0.18516041338443756
-0.26325544714927673
0.0993318110704422
-0.6998008489608765
-0.2755766808986664
-0.40818479657173157
0.31039729714393616
0.6929284930229187
0.17801859974861145
-0.707321286201477
-0.40680253505706787
-0.35857507586479187
0.2922498285770416
0.010867311619222164
0.40498778223991394
0.09831215441226959
-0.4917239546775818
0.08157842606306076
-0.4847390651702881
0.033081501722335815
0.628106415271759
-0.08431513607501984
-0.42446064949035645
0.23470109701156616
-0.08035331964492798
0.3405734598636627
0.2865893840789795
-0.4330623745918274
-0.26647284626960754
0.026723995804786682
-0.2417372167110443
-0.06288527697324753
-0.2480306178331375
0.6393184065818787
-0.12407375872135162
-0.02494242787361145
-0.2368696928024292
-0.5510643720626831
-0.0393611341714859
-0.2952864468097687
0.04805966466665268
-0.23161153495311737
-0.07194173336029053
0.11113377660512924
0.1378261148929596
-0.32100218534469604
0.10323764383792877
0.4399530291557312
-0.24497763812541962
-0.3199007511138916
0.054542575031518936
-0.15873748064041138
0.22957417368888855
-0.44169536232948303
-0.14600419998168945
-0.1494535505771637
0.5063133835792542
0.4833090007305145
1.632720708847046
0.2578486502170563
-0.4487330913543701
0.0776868388056755
-0.2733754515647888
-0.14187180995941162
0.17849169671535492
0.244262233376503
0.1703500598669052
-0.46887069940567017
0.3891861140727997
-0.855338454246521
0.36251914501190186
0.4646056890487671
-0.45133575797080994
-0.15940554440021515
1.1554458141326904
-0.26551151275634766
0.13786153495311737
-0.1342438906431198
0.8718421459197998
-0.6016055941581726
0.21212740242481232
0.2573564648628235
-0.2133650779724121
-0.11840250343084335
0.07688547670841217
-0.5102745890617371
0.31145569682121277
-0.5137895941734314
-0.05678775534033775
0.16338160634040833
0.30086302757263184
0.21206942200660706
0.5214418768882751
0.24764887988567352
0.4233318567276001
0.014800327830016613
-0.5831362009048462
0.33497923612594604
-0.1843620091676712
0.4678184688091278
0.18353679776191711
0.5814273953437805
0.32537686824798584
0.8665465116500854
0.3975347876548767
-0.5049057006835938
-0.5688270330429077
-0.5104624032974243
0.43362462520599365
-0.07289297878742218
-0.13561515510082245
-1.7260017395019531
-0.20203299820423126
0.05775931477546692
-0.019489768892526627
0.244903564453125
0.7139545679092407
0.29331451654434204
-0.31589245796203613
0.15449845790863037
-0.3776673972606659
0.869939386844635
0.6353141665458679
-0.10919467359781265
-0.6269398927688599
0.0496201366186142
-0.0779905840754509
-0.26053711771965027
-0.5752278566360474
0.18819454312324524
-0.026439746841788292
-0.7816007733345032
-0.08826426416635513
-0.591006875038147
0.3144032657146454
0.3585919141769409
-0.2573031783103943
-0.15325723588466644
0.5148827433586121
0.06487715244293213
0.5300118327140808
-0.29759782552719116
0.10152677446603775
-0.5091010332107544
-0.8066636919975281
0.363146036863327
-0.32233133912086487
0.018702534958720207
-0.264471173286438
-0.26539626717567444
0.09424241632223129
0.04277244955301285
0.6423306465148926
0.014189311303198338
-0.5719109773635864
0.356362521648407
0.49077102541923523
0.2569529414176941
0.19049464166164398
0.15437595546245575
0.08154494315385818
0.2716004550457001
0.2765086889266968
-0.3095692992210388
-0.07054736465215683
-0.10937914997339249
0.06469569355249405
-0.27759942412376404
-0.23309028148651123
0.047685157507658005
-0.3392338454723358
0.09606759995222092
0.07685042172670364
-0.09329952299594879
0.06788638979196548
-0.300272673368454
-0.252524197101593
0.2280583679676056
-0.17610520124435425
0.11964337527751923
0.23575660586357117
0.03785061836242676
-0.6214339733123779
-0.9351811408996582
-0.47776564955711365
-0.7136855125427246
-0.3017781972885132
0.6812280416488647
-0.3282124400138855
-0.3145381510257721
-0.3529128432273865
-0.7153847217559814
-0.24850741028785706
-0.4131217300891876
0.21867018938064575
-0.4001152515411377
-0.15157605707645416
0.46095049381256104
0.09768068045377731
0.4002818763256073
-0.1780557632446289
-0.0935475155711174
-0.21108917891979218
-0.02200404554605484
0.4587610065937042
0.23856669664382935
0.3795119822025299
-0.017509737983345985
-0.31745296716690063
-0.5889483690261841
0.536552369594574
0.1092761904001236
0.41639792919158936
-0.0773940235376358
-0.13825218379497528
-0.06864555925130844
-0.1705770343542099
0.09822148084640503
0.13189594447612762
-0.43929994106292725
0.02588050253689289
0.5359590649604797
-0.2950196862220764
-0.039688590914011
-0.0020049584563821554
-0.07452982664108276
0.036020368337631226
-0.27586764097213745
-0.34605541825294495
-0.9800151586532593
0.43529149889945984
-0.02009696327149868
0.2338400036096573
0.3398462235927582
-0.24205271899700165
-0.5887987017631531
-0.10977746546268463
0.320261150598526
-0.343417763710022
-0.2689460813999176
0.13887585699558258
-0.5796889662742615
0.14442352950572968
-0.27516552805900574
-0.5013282299041748
0.3759456276893616
-0.12305143475532532
0.7288652062416077
-0.3103865087032318
-0.11123333126306534
0.24134783446788788
0.40426066517829895
-0.002874686848372221
-0.21281981468200684
-0.23062458634376526
0.3744187653064728
-0.22412443161010742
0.18180759251117706
0.10016155987977982
-0.16055655479431152
-0.3815056085586548
-0.5494726896286011
-0.18090112507343292
0.5297207832336426
0.6707633137702942
-0.2583853006362915
-0.1334618628025055
0.17382769286632538
0.2875369191169739
-0.11686235666275024
0.034546565264463425
-0.04715639725327492
0.14729179441928864
-0.14030352234840393
-0.23626890778541565
-0.3005984127521515
0.4644317328929901
-0.11303810030221939
0.16458965837955475
-0.46268430352211
0.08284303545951843
-0.10286634415388107
-0.19377057254314423
0.11442617326974869
0.10362228006124496
0.47221317887306213
0.6946897506713867
-0.10982910543680191
0.04915658384561539
0.0493977852165699
0.7558929920196533
0.024864260107278824
-0.056000348180532455
-0.025627845898270607
0.1849413514137268
-0.15626484155654907
0.11679919809103012
0.31653615832328796
-0.18222030997276306
-0.2717612683773041
-0.288875013589859
0.3391243815422058
-0.11240843683481216
-0.0015075488481670618
0.2563857138156891
-0.018830694258213043
0.02917267568409443
-0.1481722742319107
0.11790990084409714
0.40994974970817566
-0.36634811758995056
0.032272033393383026
-0.33968186378479004
-0.029326556250452995
0.30070552229881287
0.08678930252790451
0.11910360306501389
-0.6782065629959106
0.6294180154800415
-0.7175445556640625
-0.23876811563968658
-1.016152024269104
0.14378157258033752
0.3694905936717987
0.03390968218445778
-0.24528083205223083
0.1732056438922882
0.25076910853385925
0.28225553035736084
0.3630034625530243
-0.26301589608192444
0.11424479633569717
-0.06738904863595963
-0.5184293985366821
-0.1449437439441681
-0.0018654752057045698
-0.03598911315202713
-0.41597214341163635
0.4093416929244995
0.2589261829853058
0.03639453649520874
-0.023785438388586044
0.4182567000389099
-0.7133586406707764
-0.3157578110694885
-0.37495648860931396
0.22209016978740692
-0.7641693949699402
-0.029312212020158768
0.29796499013900757
0.5086892247200012
0.24329230189323425
-0.25099989771842957
0.3565008342266083
0.019683804363012314
-0.34322383999824524
0.051986683160066605
-0.21843600273132324
0.5262401103973389
-0.16125662624835968
-0.09600693732500076
-0.17777785658836365
-0.13753312826156616
0.04512850567698479
0.2734181880950928
0.4405261278152466
0.07052648067474365
0.0869888961315155
0.532569408416748
0.015295878984034061
-0.21416260302066803
-0.6003457307815552
-0.48413094878196716
-0.039205990731716156
-0.6869993805885315
-0.2199421226978302
0.13614985346794128
0.724593460559845
0.17770478129386902
0.5635504722595215
-0.2957904636859894
-0.054076094180345535
-0.005668912548571825
-0.43751388788223267
0.6778464913368225
-0.43554070591926575
-0.061087965965270996
-0.860063910484314
0.003789858426898718
0.08202490210533142
-0.5322312712669373
0.31413254141807556
-0.21246150135993958
-0.11644021421670914
0.1971321851015091
0.21990695595741272
0.30128616094589233
-0.02585899643599987
-1.0956217050552368
-0.2061328887939453
-1.1011251211166382
0.3351195156574249
-0.08777064830064774
-0.15980947017669678
0.08980526030063629
-0.8802756667137146
-0.011239884421229362
0.3372601866722107
0.23549535870552063
0.16825856268405914
-0.06830181926488876
0.6318609714508057
-0.2826201319694519
-0.20327052474021912
0.16864176094532013
-0.1716434508562088
-0.24756017327308655
-0.42975321412086487
-0.15397532284259796
0.10197684168815613
-0.05027272179722786
-0.12581190466880798
0.013922207057476044
-0.3331313729286194
0.2686536908149719
0.16960138082504272
-0.5522826313972473
-0.420985609292984
0.8985900282859802
0.17539912462234497
-0.1951066255569458
-0.7836496829986572
0.22189879417419434
-0.5624104738235474
0.3452869653701782
-0.2524537146091461
0.5722697377204895
0.0026498413644731045
-0.7062100768089294
0.28011178970336914
0.2604963779449463
0.06073061376810074
-0.6029378175735474
0.790436327457428
-1.0471400022506714
-0.17149922251701355
-0.3683399260044098
-0.3039633333683014
0.45231619477272034
-0.12861193716526031
-0.04532904177904129
-0.5501693487167358
-0.275378942489624
-0.029950732365250587
0.0610697977244854
0.2516697347164154
0.21164236962795258
0.15002673864364624
-0.14657561480998993
-0.3561376631259918
0.4821479916572571
0.38344424962997437
0.06316933780908585
-0.06649407744407654
-0.5242407321929932
-0.3095153570175171
-0.3396875262260437
0.22607584297657013
0.2120540738105774
-0.9016101360321045
0.12255817651748657
0.0584043525159359
-0.6360882520675659
0.14403915405273438
0.16189594566822052
-0.25381478667259216
-0.08729574829339981
0.19215209782123566
0.46224918961524963
-0.35912397503852844
-0.12837642431259155
-0.26313406229019165
0.21840249001979828
-0.25775688886642456
0.02326892502605915
0.1928541511297226
0.12946344912052155
-0.1630592942237854
0.4462394714355469
0.20750653743743896
-0.6417351365089417
-0.3382052779197693
-0.04738473892211914
0.11527998745441437
-0.6613708734512329
-0.0004487588885240257
-0.5530593395233154
-0.27590903639793396
0.053051628172397614
-0.18785569071769714
-0.3180287778377533
0.12774497270584106
0.06246862933039665
0.6716650128364563
-0.3725454807281494
-0.04718558117747307
0.4785943627357483
0.34262925386428833
-0.5621933937072754
0.268219530582428
0.08314365893602371
-0.06268195062875748
-0.69462651014328
0.2629786431789398
0.3108247220516205
0.08489519357681274
-0.30859264731407166
-0.36298295855522156
0.28842511773109436
-0.3065149188041687
0.16002729535102844
-0.3819343149662018
0.4567483961582184
0.368099570274353
-0.14564025402069092
-0.28459927439689636
0.04357951134443283
0.13097673654556274
0.20376931130886078
0.273457407951355
-0.7219717502593994
-0.06007431447505951
0.2122882753610611
0.3261129856109619
-0.3117911219596863
0.16755886375904083
-0.08501581102609634
-0.23034700751304626
-0.3284819722175598
0.2616894543170929
-0.10101904720067978
0.4041661024093628
0.2844559848308563
0.13971631228923798
0.4225563406944275
0.2073356658220291
0.2661793828010559
-0.15706543624401093
-0.3816598951816559
0.11729949712753296
-0.006622706074267626
-0.43362662196159363
-0.10727165639400482
0.061373721808195114
-0.086557537317276
0.05393797159194946
-0.24881958961486816
-0.2504522204399109
-0.0917382463812828
-0.1882489174604416
-0.03712507709860802
-0.173594668507576
0.18662455677986145
0.3219620883464813
-0.021999645978212357
0.08233651518821716
0.23334456980228424
0.030219119042158127
0.37268146872520447
-0.8602633476257324
0.19729937613010406
-0.1350221335887909
-0.6801995635032654
-0.25029587745666504
-0.8623363375663757
0.01706479862332344
0.11814935505390167
-0.6101686954498291
-0.00543272215873003
0.14086438715457916
0.059567492455244064
-0.5013723373413086
0.17629867792129517
-0.08649104088544846
0.3293282985687256
-0.25970563292503357
0.13866816461086273
0.38134634494781494
-0.08158472925424576
0.2283315509557724
0.6814610362052917
-0.33949390053749084
-0.25498223304748535
0.38242295384407043
-0.02017395943403244
-0.05754661187529564
0.32916784286499023
-0.5747188329696655
0.007605611812323332
-0.22740761935710907
0.1620868295431137
-0.3683113157749176
0.2567329704761505
-0.5288549065589905
0.3008855879306793
0.06808768212795258
0.23028473556041718
0.05513852462172508
0.02362949587404728
0.0388229675590992
-0.26937058568000793
-0.8716150522232056
0.3631109297275543
-0.15232975780963898
0.6798782348632812
-0.5210128426551819
-0.028283655643463135
0.22229082882404327
0.4489281177520752
-0.4283405840396881
0.4781220555305481
0.10175292193889618
0.0853075236082077
0.2487598955631256
0.016312366351485252
-0.7620729207992554
-0.08626346290111542
-0.7197356820106506
-0.24531550705432892
-0.3031168580055237
-0.099160335958004
-0.08887607604265213
-0.16873489320278168
-0.4945882558822632
-0.12645021080970764
-0.42594316601753235
-0.5963347554206848
-0.03715159371495247
0.05004497244954109
0.12051010131835938
-0.18376430869102478
0.3350096642971039
0.18985357880592346
0.5396283864974976
-0.25530728697776794
-0.17924760282039642
0.04525346681475639
0.35249385237693787
0.7488315105438232
-0.16052037477493286
-0.2902635931968689
0.06824707239866257
0.5966125726699829
-0.2811133861541748
-0.341740220785141
-0.01337605994194746
0.7348005175590515
0.13257934153079987
0.11454422771930695
-0.3978431820869446
-0.041968319565057755
0.07580308616161346
-0.053624287247657776
-0.24284698069095612
0.38854169845581055
-0.1909824162721634
-0.3378634750843048
-0.966041088104248
-0.20877628028392792
0.5499696135520935
-0.7410885095596313
0.5066905617713928
-0.05698343366384506
0.9510065913200378
0.08836794644594193
0.036700524389743805
0.38799959421157837
-0.3153858780860901
-0.04864593595266342
-0.16650158166885376
-0.2677602767944336
0.014712226577103138
-0.08996330946683884
0.2200678586959839
-0.3704587519168854
-0.014072720892727375
0.2721700668334961
0.4098081886768341
0.4889693558216095
-0.5330252051353455
-0.2843898832798004
-0.21334581077098846
-0.1592096984386444
-0.08601211756467819
-0.5513946413993835
-0.4086208641529083
-0.06788936257362366
-0.8834592700004578
-0.42573219537734985
0.8462439775466919
0.40695327520370483
-0.2755921185016632
0.3550606369972229
0.43975555896759033
-0.7058576941490173
0.11251722276210785
0.23969538509845734
0.6555295586585999
0.1108056902885437
0.45843780040740967
0.7306140661239624
-0.39981406927108765
-0.20639744400978088
0.27347952127456665
0.2179439514875412
-0.4023675322532654
-0.13139596581459045
-0.23026274144649506
0.19164572656154633
0.20115169882774353
-0.07337073981761932
-0.8395933508872986
0.02159358188509941
0.4089090824127197
0.21263302862644196
-0.22197869420051575
0.5893170237541199
-0.10621225088834763
-0.22375036776065826
-0.37391552329063416
0.2804221212863922
-0.0440826416015625
-0.7176413536071777
-0.47000613808631897
-0.5182339549064636
0.4221193790435791
-0.17346470057964325
0.08613469451665878
-0.4118923842906952
-0.20512016117572784
-0.04814392700791359
-0.02244151011109352
0.304394394159317
-0.07041941583156586
-0.051245976239442825
-0.13637575507164001
0.2546071410179138
0.5710153579711914
-0.1402660459280014
-0.2694207727909088
0.8159968852996826
-0.15642623603343964
-0.007449587341398001
0.5057694315910339
-0.34055960178375244
0.246151864528656
0.247015118598938
-0.5739269852638245
0.18418355286121368
0.09669674932956696
-0.19184929132461548
-0.44203412532806396
0.20642860233783722
0.6784173250198364
0.9483470320701599
-0.40716657042503357
-0.05600208789110184
-0.18425345420837402
0.1647697538137436
-0.155714213848114
-0.20347817242145538
-0.07135885208845139
0.40249955654144287
-0.7158291339874268
0.08563194423913956
-1.119824767112732
-0.11431815475225449
0.5537655353546143
0.7035697102546692
0.16422727704048157
-0.6980686783790588
-0.36854252219200134
0.11040069907903671
-0.18578852713108063
0.4897115230560303
0.36761274933815
-0.27581676840782166
0.10863890498876572
0.202975794672966
-0.4356479346752167
0.4927511215209961
0.1839853972196579
-0.4700528383255005
0.14255788922309875
0.19926147162914276
0.8681958317756653
0.45426252484321594
-0.041512273252010345
1.4317635297775269
-0.37235355377197266
0.011053116992115974
-0.11461535841226578
0.06841028481721878
-0.11723820120096207
0.5487943887710571
0.11660302430391312
0.3650000989437103
0.8193889856338501
0.2118016928434372
-0.12834542989730835
0.40291261672973633
-0.06315344572067261
-0.29536300897598267
-0.09255766123533249
0.05557405948638916
-0.6072536110877991
-0.20940019190311432
0.43843767046928406
-0.06873808801174164
0.2271420806646347
0.21742922067642212
0.5849452018737793
0.9584824442863464
-0.051446519792079926
0.46189743280410767
-0.7343488931655884
-0.9578861594200134
1.3534619808197021
-0.5215743780136108
-0.13567180931568146
-0.9757788181304932
0.0562388151884079
-0.05912069231271744
-1.2637600898742676
0.5995615720748901
0.6278932690620422
-0.46712374687194824
0.48048004508018494
-0.47301051020622253
-0.9232531189918518
1.088591456413269
0.19161899387836456
0.29419729113578796
-0.2110547125339508
0.1817866414785385
0.4149337410926819
1.0022099018096924
0.8629591464996338
0.30983930826187134
-0.1837780922651291
1.5401769876480103
-0.35587918758392334
0.6064932942390442
-0.2024022936820984
-0.3959137797355652
0.3681744933128357
-0.23819378018379211
0.19941797852516174
0.5867030024528503
0.7383973002433777
0.10668299347162247
0.7109332084655762
0.3803829550743103
-0.4471028447151184
0.2909119427204132
0.02412334457039833
0.2302638590335846
0.2880956828594208
-0.4649195075035095
-0.40539249777793884
0.6010212898254395
-0.029537992551922798
0.7352303862571716
0.44371137022972107
0.023933714255690575
0.1322767734527588
-0.29951411485671997
0.7266837358474731
-0.7450700402259827
0.00850237999111414
0.1304854303598404
0.24669402837753296
0.4236599802970886
-0.3043522834777832
-0.6328604817390442
0.6770187020301819
-0.15658041834831238
1.2355636358261108
-0.04913993552327156
-0.33672717213630676
-0.08832669258117676
0.37344884872436523
-0.39174821972846985
-0.13278856873512268
-0.06631621718406677
0.30431172251701355
-0.18682080507278442
-0.1747758537530899
0.26734039187431335
-0.017973367124795914
-0.5685696005821228
-0.41103193163871765
-0.21470467746257782
-0.08178331702947617
0.6606420278549194
-0.23329570889472961
-0.5406676530838013
0.05943073332309723
0.363910973072052
-0.2903915345668793
-0.06970620155334473
0.003160298801958561
-0.038913268595933914
-0.08167244493961334
0.19561190903186798
-0.21377681195735931
0.16340197622776031
-0.375172883272171
0.07071488350629807
-0.6011675596237183
0.2142248898744583
-0.4120405316352844
-0.34132829308509827
-0.7764618992805481
0.11365797370672226
0.5932013988494873
0.04014749079942703
0.04361535236239433
-0.11080407351255417
0.8388311862945557
0.3026876151561737
0.006945904344320297
-0.02340281754732132
-0.1095946654677391
0.38189318776130676
0.16703815758228302
-0.10399775207042694
0.2505517303943634
-0.44287109375
0.02917536161839962
-0.13424520194530487
0.22308249771595
0.003510646289214492
0.3159177303314209
0.2333195060491562
0.10919304192066193
0.051854051649570465
-0.46035468578338623
0.010803909972310066
0.2503311336040497
-0.8098310828208923
-0.2530306875705719
-0.11036460101604462
-0.2670551836490631
-0.1586000621318817
0.290059357881546
-0.08067463338375092
-1.467589020729065
0.062145378440618515
-1.1207140684127808
0.12269000709056854
-0.845623791217804
0.7416250109672546
-0.11330455541610718
-0.0501425601541996
0.20476819574832916
-0.40352967381477356
0.03386300429701805
-0.2893598675727844
0.2150629758834839
0.3348904550075531
-0.6070840954780579
0.12595325708389282
0.463378369808197
0.021940499544143677
0.09041029959917068
-0.2239396572113037
-0.8700993657112122
-0.23056036233901978
-0.23399031162261963
-0.14867731928825378
-0.35927093029022217
-0.20262478291988373
-0.006854830775409937
-0.7236939072608948
0.35479432344436646
0.08486851304769516
0.17583607137203217
-0.6422562599182129
0.09327847510576248
-0.07771346718072891
0.07330141961574554
-0.6947630643844604
-0.07131808996200562
-0.197609081864357
0.4763404130935669
-0.3133777379989624
0.6922298669815063
0.7268530130386353
-0.5105805397033691
0.5596530437469482
0.04862625151872635
-0.29539594054222107
-0.1180594190955162
0.013532011769711971
0.5614550113677979
-0.5856184363365173
0.31772005558013916
0.515530526638031
0.191490039229393
0.5875753164291382
-0.006778594106435776
-0.31254178285598755
-0.22061577439308167
-0.3417299687862396
0.6708151698112488
-0.13266170024871826
0.18931697309017181
0.09399744868278503
0.16723041236400604
1.1489782333374023
-0.7965763211250305
-0.3481648862361908
0.4946231245994568
-0.4370918571949005
0.19640681147575378
-0.2145174890756607
-0.8543122410774231
0.5613269805908203
-0.0206909142434597
-0.4427604675292969
0.24152103066444397
0.3589949905872345
-0.5844802260398865
-0.8532074093818665
0.07406089454889297
0.0027645209338515997
0.7687397599220276
1.3191546201705933
-0.014033668674528599
-0.4027639329433441
-0.21791894733905792
0.39266619086265564
0.4217994213104248
0.8441933989524841
-0.619841456413269
0.7593684792518616
-0.9145907759666443
0.571471631526947
-0.52499920129776
0.30932751297950745
-0.3777935802936554
0.039190955460071564
0.08717738837003708
-0.5566503405570984
0.9169557690620422
0.2045447677373886
0.8007401823997498
0.1675710827112198
-0.4645111560821533
0.5276972055435181
0.2932222783565521
0.4608745872974396
-0.2085091471672058
-0.4669511616230011
-0.2489466518163681
0.22792302072048187
0.40771573781967163
0.5537535548210144
0.08225302398204803
-0.1203102171421051
-0.5614182353019714
0.01308242417871952
1.0161218643188477
-0.8928893804550171
0.49038881063461304
-0.5302342772483826
0.47044432163238525
-0.32763156294822693
0.12284646183252335
-0.14513437449932098
0.04654935374855995
0.06478564441204071
-0.2889391779899597
0.06978239864110947
0.30669891834259033
-0.7573999166488647
0.49230748414993286
0.1700146496295929
0.9468297958374023
-0.13789553940296173
0.648471474647522
-0.24508948624134064
-0.1702783703804016
-0.4331158995628357
-0.6051134467124939
0.7899542450904846
-0.05774563178420067
0.14002805948257446
0.7477927207946777
-0.0015194289153441787
-0.504711389541626
-0.08236166089773178
0.6976430416107178
0.2115817368030548
0.817546546459198
-0.008347113616764545
-0.29308080673217773
-0.3387284576892853
-0.0506124421954155
0.0029141774866729975
-0.31836238503456116
0.09018848836421967
0.10944020003080368
-0.21211080253124237
-0.7758945822715759
-0.36915725469589233
-0.18753015995025635
0.5394916534423828
-0.09515101462602615
0.2876110076904297
0.15272335708141327
0.2600227892398834
0.2771260440349579
0.029948411509394646
-0.45641762018203735
0.16202348470687866
-0.39732614159584045
0.08964601159095764
0.03211639076471329
0.135184183716774
-0.14265845715999603
-0.3465665876865387
0.16167375445365906
-0.2620925307273865
0.7307635545730591
0.5310654044151306
0.22476713359355927
0.07616005837917328
-0.1458996832370758
-0.04457060620188713
-0.14377106726169586
0.7046590447425842
-0.17605382204055786
0.4459902048110962
1.247962474822998
-0.2902401089668274
0.061928603798151016
-0.6992109417915344
-0.1952732801437378
-0.31666311621665955
-1.542933464050293
0.19590139389038086
-0.4560587704181671
0.24932682514190674
-0.8527535796165466
-0.23137760162353516
-0.26078638434410095
-0.4558011591434479
1.2994675636291504
-0.15186293423175812
-0.5672672986984253
0.8729804158210754
0.39918598532676697
0.42303887009620667
0.28014513850212097
-0.7472254037857056
0.008776155300438404
-0.6483985185623169
-0.6839532256126404
1.0228636264801025
-0.2529749870300293
0.36869484186172485
-0.46169841289520264
-0.3658331334590912
0.13653045892715454
0.3468971848487854
0.05678284913301468
-0.046194933354854584
0.18740849196910858
-0.5225591659545898
0.6427914500236511
-0.22198526561260223
-0.18156981468200684
-0.4558471143245697
0.057662300765514374
0.15207655727863312
-0.0015888528432697058
-0.15321959555149078
0.5047558546066284
0.5415500402450562
-0.36288392543792725
0.383928507566452
0.2932993173599243
-0.532982587814331
-0.17536196112632751
1.2799474000930786
0.4474523961544037
-0.21608446538448334
0.2832946479320526
0.28100550174713135
-0.23853617906570435
0.41859614849090576
-0.26832762360572815
0.12667036056518555
0.04745069518685341
-0.627388060092926
0.23058778047561646
-0.24778009951114655
-0.011424127966165543
-0.3991442620754242
-1.1823866367340088
-0.14914967119693756
0.044566910713911057
-0.06693167239427567
-0.0038016638718545437
-0.019979216158390045
0.6474738121032715
-0.20137271285057068
0.6867499947547913
-0.06562621891498566
-0.6090572476387024
-0.25128164887428284
-0.1009574830532074
-0.1596202701330185
0.19172313809394836
-0.3027766942977905
0.5654756426811218
-0.012568405829370022
0.00875262264162302
-0.01654731296002865
0.771121621131897
0.08414015918970108
-0.0007390443352051079
-0.0789712443947792
0.21259409189224243
0.38064977526664734
0.22445638477802277
0.26066574454307556
-0.7804117798805237
0.2620506286621094
-0.24079154431819916
-0.07420828193426132
-1.0275765657424927
-0.1732637882232666
0.006791950669139624
0.20971259474754333
0.28176164627075195
0.09861867874860764
-0.7449237704277039
-0.1268119364976883
0.12256477028131485
0.27637314796447754
-0.6853302121162415
-0.130538672208786
-0.1754477322101593
-0.07728803902864456
0.02490399219095707
0.9976476430892944
0.36450275778770447
-0.21759890019893646
0.081669881939888
0.17236080765724182
1.2827444076538086
0.06466510891914368
-0.19536590576171875
-0.4696671962738037
-0.1770094335079193
-0.5548973083496094
-0.1908411681652069
0.58440101146698
-0.03449572995305061
-0.17976899445056915
-0.48938634991645813
-0.28825974464416504
-0.0312991589307785
-0.3840025067329407
-0.1043325811624527
-0.33244284987449646
0.17045581340789795
-0.1656583547592163
-0.08303028345108032
0.6634578704833984
-0.025255916640162468
-0.15877370536327362
-1.3252627849578857
0.04923803359270096
0.31952813267707825
0.6181673407554626
0.2058723270893097
0.8001241683959961
0.7491940855979919
-0.5747966170310974
0.5464744567871094
1.1486629247665405
-0.4350475072860718
0.07469090819358826
-0.21982042491436005
0.48676520586013794
-0.15420642495155334
1.0446292161941528
-0.6164612174034119
0.4478537440299988
-0.3644822835922241
-0.274671733379364
-0.12073880434036255
0.15119291841983795
-0.3066352307796478
0.7184128165245056
0.2501566410064697
-0.13789072632789612
0.5189256072044373
0.16669058799743652
0.49134302139282227
-0.44201016426086426
0.0494680218398571
0.23387202620506287
0.5136963129043579
0.4125210642814636
-0.5215848088264465
-0.011765300296247005
0.41680219769477844
0.7634000182151794
-0.15999610722064972
1.057357668876648
0.3229917585849762
0.609491765499115
-0.06358975172042847
-0.7323476672172546
-0.35200390219688416
-0.06427044421434402
-0.4772758185863495
0.15716004371643066
-0.5333099961280823
0.9268149733543396
0.4024023711681366
-0.7970983386039734
