#(64, 1)
0.8525001406669617
0.8016223907470703
0.008168750442564487
0.47354933619499207
0.4754530191421509
1.024753451347351
-1.0338674783706665
-0.5102574229240417
-0.9977230429649353
-1.2572311162948608
-1.187910556793213
0.7190647125244141
0.19654802978038788
0.6012709140777588
0.4973083734512329
-0.9368351101875305
0.8334558606147766
0.8247383236885071
0.735580325126648
-0.5070735812187195
-0.012070213444530964
0.8597566485404968
-1.0970953702926636
-0.8226087689399719
0.06480927020311356
1.128735899925232
0.9938234090805054
-0.018457477912306786
-0.6853059530258179
0.9029000401496887
0.6457629203796387
0.2503235936164856
1.1227842569351196
-0.707311749458313
0.5973931550979614
0.29840874671936035
-1.1676831245422363
-0.21449413895606995
0.8692297339439392
0.701167106628418
-0.9756983518600464
-0.8285420536994934
-0.7759367227554321
1.0061894655227661
0.749532163143158
-1.541003942489624
0.8530880212783813
-1.0419812202453613
-1.0191876888275146
0.031447917222976685
0.7877488136291504
1.097066044807434
-1.3935956954956055
1.2510738372802734
-0.9720978736877441
-0.9485503435134888
1.150063395500183
-1.3166691064834595
0.6359227895736694
0.6936824321746826
-0.7258433699607849
0.26565253734588623
-0.19995848834514618
-0.981999933719635
