#(64, 64)
0.14558552205562592
0.08332933485507965
0.5029472708702087
0.39300107955932617
-0.3004634380340576
0.5467493534088135
0.092819944024086
0.8031212091445923
0.9922200441360474
0.0705447569489479
-0.38734790682792664
-0.7607245445251465
-0.05260948836803436
0.49446579813957214
-0.0457196868956089
1.7976033687591553
-0.3459448218345642
0.44958290457725525
-0.24155892431735992
0.6561521291732788
1.2702041864395142
-0.11145523190498352
0.5163935422897339
-0.05306082218885422
0.8720411062240601
-0.046952735632658005
-0.0038372809067368507
-0.19344250857830048
0.8769570589065552
0.209001824259758
-0.2954366207122803
-1.319364309310913
-0.6447327136993408
0.09630589932203293
-0.5139052271842957
-0.21435394883155823
0.20374572277069092
-0.868501603603363
0.0711793303489685
0.39833319187164307
1.1659905910491943
0.039335183799266815
1.1890255212783813
-0.850566565990448
0.23786818981170654
-0.5946115255355835
0.7641512155532837
0.3415818214416504
-0.23664793372154236
0.7990149259567261
0.2740149199962616
-0.31652480363845825
-0.4591420888900757
0.06559049338102341
-0.5474447011947632
0.5241486430168152
0.3370480537414551
0.7408925294876099
-0.3975987732410431
-0.1493038684129715
0.7476429343223572
-0.06734905391931534
-0.12066159397363663
-0.05752573162317276
-0.5264096856117249
0.1615641564130783
-0.14647340774536133
-0.6758472323417664
-0.003858353476971388
0.36830392479896545
-0.003592067863792181
-0.11165022850036621
0.08780218660831451
-0.2504901587963104
0.17812834680080414
-0.2247953861951828
0.16869571805000305
-0.1651792675256729
0.8608044981956482
-0.3379173278808594
0.4267752468585968
1.4343998432159424
-1.8522111177444458
0.08020910620689392
-0.4184991717338562
-0.9839911460876465
0.31011703610420227
0.22851257026195526
-0.7942657470703125
0.5539786219596863
0.9664952158927917
0.378315269947052
0.6972259283065796
-0.8327564597129822
0.3818097412586212
-0.36803799867630005
0.27170494198799133
-0.5878512263298035
0.14520695805549622
0.06888353079557419
0.4218216836452484
0.32186010479927063
-0.38021764159202576
-0.306013286113739
-0.5548171401023865
1.2404249906539917
0.7995373606681824
-1.399289608001709
0.019422395154833794
0.2837056815624237
0.3874041438102722
0.34166911244392395
-0.10928218066692352
-0.09339621663093567
0.4490215480327606
0.2862110137939453
-0.25617653131484985
0.010523462668061256
0.4772280752658844
0.05364202708005905
-0.1786661148071289
0.12732884287834167
-0.47732874751091003
-0.1660943180322647
0.5505712628364563
0.09145227819681168
-0.19899100065231323
-0.1479189097881317
0.08154194056987762
0.40744900703430176
-0.38246846199035645
0.2949862480163574
0.11672377586364746
-0.10951514542102814
0.288168340921402
-0.07548778504133224
0.1527141034603119
0.18568070232868195
0.3747578561306
0.06488411128520966
-0.25974345207214355
0.1647629588842392
0.15381541848182678
0.5161697864532471
-0.36783987283706665
-0.04993273317813873
0.24170871078968048
0.11131531745195389
0.527455747127533
-0.21393780410289764
0.04414849728345871
0.2936026155948639
0.27601340413093567
-0.09960821270942688
0.52744460105896
0.7370721101760864
0.22428612411022186
0.0767832025885582
-0.9661874175071716
0.26646146178245544
0.025996461510658264
0.48096007108688354
-0.23360806703567505
-0.19170613586902618
0.19695597887039185
-0.013537481427192688
-0.1611635386943817
0.20098450779914856
0.4410676658153534
-0.045502759516239166
1.491792917251587
-0.06825421750545502
-0.41860729455947876
0.6814584732055664
0.28950852155685425
-0.7130286693572998
-0.16255803406238556
-0.2828301191329956
0.11627296358346939
0.22392776608467102
1.3646879196166992
0.44301488995552063
-1.0827549695968628
0.8219783902168274
0.3701136112213135
-0.7873548865318298
-1.0383943319320679
0.33804643154144287
-0.8045532703399658
-0.347687691450119
-0.02831653505563736
0.5543408989906311
-0.4170565903186798
2.1244993209838867
-0.10971840471029282
0.7305601239204407
0.18914557993412018
0.22878466546535492
0.8638148307800293
0.6737210154533386
-0.4047621190547943
-0.3677026629447937
-0.8769254088401794
-0.48873594403266907
-0.35216230154037476
-0.2883572280406952
-0.5021295547485352
-0.1569288671016693
-0.6484564542770386
-0.4176543056964874
0.3527891933917999
-0.1508444994688034
-0.9221341609954834
0.4667227864265442
-0.11386939138174057
0.18307656049728394
0.3956449329853058
0.11377961188554764
-0.5720240473747253
-0.20999732613563538
0.07739987224340439
-0.32041192054748535
-0.0822909027338028
-1.4076324701309204
-0.1403229683637619
0.0702163577079773
0.5740458965301514
0.6082923412322998
0.8045987486839294
0.023906899616122246
0.32561129331588745
0.4135526120662689
-0.2479315549135208
0.2769937813282013
-0.14678429067134857
0.44563472270965576
-0.35594603419303894
0.8739303350448608
-0.19728054106235504
0.7150195837020874
0.09522120654582977
0.10318844020366669
-0.33263376355171204
-0.27738258242607117
-0.07315651327371597
-0.07166489213705063
-0.23771853744983673
-0.07181308418512344
-0.25920403003692627
0.5869025588035583
0.2463715523481369
0.14208006858825684
0.4659960865974426
-0.18456396460533142
-0.026478707790374756
0.672105610370636
0.6642677187919617
0.16086386144161224
-0.2856963574886322
0.15498977899551392
0.12378611415624619
0.10444336384534836
0.3836963474750519
-0.38039547204971313
0.0406244657933712
-0.19909004867076874
0.0434616357088089
-0.21032677590847015
-0.9211078882217407
-0.34186026453971863
0.09411022067070007
0.21348689496517181
0.08102160692214966
-0.5722662210464478
0.4147113859653473
-0.14769099652767181
-0.45734459161758423
0.010635346174240112
-0.5746046304702759
0.8306632041931152
0.6633651852607727
-0.37654292583465576
-0.01617339625954628
0.470774382352829
-0.3472506105899811
0.3207801878452301
-0.2078031450510025
0.7279000878334045
0.3512760400772095
-0.2083657681941986
0.2302994281053543
0.19546030461788177
-0.358569473028183
0.7800400853157043
-0.008188080042600632
-0.277392715215683
-0.4360012114048004
0.04667968302965164
-0.86042320728302
0.27461355924606323
-0.1322672963142395
-0.027004491537809372
-0.9424393177032471
-0.33963626623153687
0.7877454161643982
0.4119890332221985
-0.3586620092391968
0.0862896591424942
0.03524111211299896
-0.5377489924430847
-0.18357113003730774
-0.4705868065357208
-0.4487651288509369
0.013641883619129658
-0.49501749873161316
-0.19408541917800903
-0.5958354473114014
0.14669598639011383
0.355835497379303
0.5064319968223572
0.43546971678733826
-0.55573570728302
1.1635425090789795
0.26702186465263367
-0.4219234883785248
1.7481026649475098
-0.7839075326919556
0.389106810092926
-0.12223922461271286
0.3078785836696625
0.4710254967212677
0.532633900642395
-0.7909881472587585
0.6098536252975464
0.8078861236572266
0.0697728842496872
-0.3599691092967987
0.5475495457649231
0.33539456129074097
-0.09051679074764252
0.20685982704162598
-0.20894178748130798
-0.25550392270088196
0.20735056698322296
-0.06294862926006317
0.7620365023612976
-0.2795380651950836
0.04745301231741905
0.14971016347408295
0.1625048816204071
0.3558056056499481
-0.3221087157726288
-0.5753778219223022
-1.2225812673568726
0.8050386905670166
-0.10359533131122589
0.4090496599674225
-0.050231579691171646
-0.01236915122717619
0.011002611368894577
-0.09832912683486938
-0.29605552554130554
0.6603341102600098
0.3724604547023773
0.7437780499458313
-0.13793395459651947
-0.08082296699285507
-0.5611891150474548
0.12150874733924866
-0.0901808813214302
0.9220623970031738
-0.12689004838466644
-0.7282503247261047
-0.7922396659851074
0.06472212076187134
-0.03378436341881752
0.8008212447166443
1.5338149070739746
0.18892240524291992
-1.1022772789001465
0.27293479442596436
0.30263710021972656
-0.10301514714956284
-0.19850756227970123
0.5421391129493713
-0.28547459840774536
-0.4736838936805725
-0.43397513031959534
-0.39456480741500854
0.04744572192430496
-0.06812890619039536
0.1839590221643448
-0.740600049495697
0.8947009444236755
-0.46869248151779175
0.010195193812251091
-0.15824446082115173
-0.6198339462280273
-0.5595278143882751
-0.9260675311088562
0.44468945264816284
0.5356957912445068
-0.7858157157897949
-0.24214352667331696
-0.21047987043857574
-1.1798696517944336
0.08052677661180496
-0.06003507971763611
-0.5558904409408569
0.6596521139144897
0.5548068881034851
-0.7056877017021179
0.08709163218736649
0.01453951746225357
-0.4067889153957367
0.1251884400844574
0.12084821611642838
-0.451672226190567
-0.39406153559684753
0.17991292476654053
-0.5549697875976562
0.31459441781044006
-0.6618671417236328
-0.0545014813542366
-0.4775795042514801
0.7332186102867126
0.6301051378250122
-0.25832200050354004
-0.058227695524692535
0.1445305347442627
0.8428109884262085
1.740823745727539
-0.22789448499679565
-0.06186335161328316
-0.2812257409095764
-0.475435733795166
-0.3421674370765686
0.12892268598079681
0.05910540744662285
0.49126332998275757
-1.0612351894378662
-0.7295758128166199
0.10468791425228119
0.10060196369886398
1.0383256673812866
-0.21252332627773285
0.1914735734462738
-0.7750368118286133
0.24349869787693024
-0.11343111097812653
0.12542885541915894
1.231858730316162
-0.0684288963675499
0.09426989406347275
0.33534371852874756
-0.37614479660987854
-0.01709963195025921
-0.35196954011917114
0.24473993480205536
0.6909698843955994
-0.35094165802001953
-0.16207389533519745
-1.1903438568115234
-0.7907047867774963
-0.6163784265518188
-0.5543686747550964
0.8214024901390076
0.025477729737758636
0.6139286160469055
0.6293152570724487
-0.5222421884536743
0.05546528846025467
1.1537144184112549
-0.7392334342002869
-0.5879776477813721
-0.09072088450193405
-1.0888514518737793
-0.1487601101398468
-0.7901026606559753
0.19868087768554688
-0.473040372133255
0.3919415771961212
1.6335369348526
0.7062328457832336
-0.23785172402858734
0.24335415661334991
0.5581749677658081
0.9675061702728271
-0.06251205503940582
-0.8308407068252563
-1.7777570486068726
1.2474286556243896
0.5991020798683167
0.5441917181015015
-0.47617554664611816
-0.45515409111976624
0.4330020844936371
-0.4173330068588257
-0.3020719587802887
0.2158719301223755
0.1464129388332367
-0.8880234956741333
-0.3763706386089325
-0.4181947112083435
-0.5140742063522339
-0.5065630078315735
0.8139854669570923
0.6526762247085571
-0.48383232951164246
0.30583181977272034
-0.4887163043022156
-0.6021350026130676
0.1822911649942398
-0.13460156321525574
0.08764874190092087
-0.25416743755340576
0.06865131109952927
0.25972121953964233
0.12010994553565979
-0.9205337762832642
0.09046522527933121
0.47693750262260437
-0.7131971716880798
-0.6316847801208496
0.39519140124320984
-1.0965685844421387
0.47062620520591736
0.07564227283000946
0.698345422744751
-0.027761023491621017
-0.35843056440353394
0.03445630520582199
-0.07059153914451599
-0.07024724781513214
-0.10213229805231094
-1.1420618295669556
0.3116525113582611
0.29800811409950256
-1.496918797492981
0.3453010618686676
-0.4644935429096222
-0.6527972221374512
-0.5442892909049988
0.22812823951244354
0.7788093686103821
-0.2876001298427582
-0.28554290533065796
0.024975543841719627
0.13663311302661896
-0.1621776968240738
-0.14617174863815308
-0.004380862694233656
-0.250942200422287
-0.543278157711029
-0.8915327191352844
0.5250588655471802
0.47111499309539795
-0.6037781238555908
-0.1355423480272293
-0.49433693289756775
0.2979101538658142
1.0603485107421875
-0.28105396032333374
-0.7374269366264343
-0.14691738784313202
-0.08452168107032776
0.43298017978668213
0.33715713024139404
-1.5270289182662964
-0.23774506151676178
0.34288448095321655
-1.3451025485992432
-0.6806237101554871
0.928176760673523
-0.029382314532995224
-0.06315358728170395
0.10821552574634552
0.6889340281486511
-0.7171124815940857
-0.1588924676179886
-0.5172240734100342
0.03440702334046364
1.1802148818969727
0.06090233474969864
-0.25861990451812744
-0.04961162060499191
-0.7814928889274597
0.30052173137664795
0.14940309524536133
0.116444431245327
0.5786417722702026
-0.05406090244650841
0.07134193927049637
-0.13680101931095123
-0.03291833773255348
-0.33349233865737915
-0.5596356987953186
-0.36334627866744995
0.1480521410703659
-0.6413242220878601
-0.2427237629890442
-0.08647443354129791
0.6754167079925537
0.024199597537517548
-0.36473265290260315
-0.5372784733772278
-1.0040620565414429
0.06321591138839722
0.5854785442352295
0.20126767456531525
-0.9185322523117065
0.058695562183856964
-0.5374512672424316
-0.7065191268920898
0.0011516778031364083
0.20584923028945923
0.6231403946876526
-0.3930891454219818
0.6021184325218201
-0.21801939606666565
-0.3038102388381958
-0.15280091762542725
-0.7972943186759949
-0.5919699668884277
-0.39721545577049255
-0.07109115272760391
0.5564635992050171
0.26716744899749756
0.8493087887763977
-0.11202920228242874
-0.5573731660842896
-0.3754848539829254
0.007126438897103071
-0.94868004322052
-0.2853524088859558
-0.4551968276500702
-0.0806455910205841
-0.3163490295410156
0.18736082315444946
0.5253485441207886
0.34248679876327515
0.3699936270713806
-0.1368231177330017
0.21653366088867188
0.16904693841934204
0.04633388668298721
0.12787121534347534
-0.35962337255477905
0.11482876539230347
-0.8514600992202759
-0.2247357815504074
0.030216675251722336
-0.15054850280284882
-0.40348488092422485
0.10549109429121017
0.4214281439781189
0.4086834490299225
0.32495957612991333
-0.16185538470745087
0.18454651534557343
0.5324134230613708
0.8846963047981262
0.656242311000824
-0.36902910470962524
0.502098798751831
-0.893994927406311
-0.842857301235199
0.23945052921772003
-0.8589903116226196
-0.14222502708435059
-1.2715349197387695
1.1455456018447876
0.5267296433448792
-0.12282636016607285
-0.3895036280155182
0.9104236364364624
0.2638333737850189
-0.6509957313537598
0.01233026385307312
0.35149142146110535
0.3602079153060913
0.0524340383708477
-0.3614331781864166
-0.25211450457572937
-0.21119703352451324
-0.27180323004722595
-0.033424410969018936
-0.6851530075073242
0.5853466987609863
0.18318119645118713
0.2511942684650421
0.5526843667030334
0.581816554069519
0.8785703778266907
-0.6470794081687927
-0.26840850710868835
-0.07562489062547684
-0.601316511631012
-0.6711741089820862
0.04957476630806923
0.09389176219701767
0.20750199258327484
-0.38278722763061523
-0.4151618182659149
-0.7479074001312256
0.30850163102149963
-0.5384674668312073
-0.17305152118206024
0.055341944098472595
0.290669322013855
0.08325601369142532
0.42287611961364746
-0.7048686146736145
-0.8994351625442505
0.45356494188308716
0.6935850977897644
0.6733480095863342
-0.38573893904685974
0.3285609185695648
-0.24806664884090424
0.5368950366973877
0.006191443186253309
0.6387326717376709
0.18286019563674927
0.6053486466407776
1.12327241897583
0.1396598517894745
-0.26374998688697815
-0.6655907034873962
0.15484492480754852
-0.2633005380630493
-0.24968843162059784
-0.013443402014672756
-0.8340120911598206
0.5944258570671082
-0.023272238671779633
-0.13434088230133057
-0.28512218594551086
-0.41107556223869324
-0.09033333510160446
-0.4113330841064453
-0.6420066952705383
0.14263850450515747
0.47456279397010803
-1.262111783027649
0.1835009604692459
0.4496418237686157
-0.30841919779777527
0.3658697307109833
-0.16303913295269012
-0.1998419612646103
0.881640613079071
0.27510467171669006
0.1317874938249588
0.24959877133369446
-0.3788256347179413
-1.5857900381088257
-0.16329580545425415
-0.19357210397720337
-0.05024418607354164
-0.40629398822784424
-0.4400271475315094
-0.8265905380249023
0.07922518253326416
-0.36586248874664307
0.21026764810085297
-0.21982498466968536
0.6910789608955383
-0.14400078356266022
1.2301357984542847
-0.18993672728538513
-0.8794929385185242
-0.4848649799823761
-0.7683002352714539
-0.048709649592638016
0.5622172355651855
0.9115622639656067
-0.8738690614700317
0.1271256059408188
-0.022837376222014427
-0.23405008018016815
-0.08120932430028915
-1.4024717807769775
0.7169184684753418
0.2735726833343506
-0.48678699135780334
-0.0021242995280772448
0.1356702744960785
-0.12133833765983582
-0.1839592456817627
-0.37601691484451294
-0.041726645082235336
-0.02704104222357273
0.21801769733428955
1.6821352243423462
0.3629123568534851
-0.25833481550216675
-0.27123939990997314
-0.3901934325695038
0.022103117778897285
0.3053564131259918
0.5775323510169983
-0.8096314072608948
0.9574142098426819
0.3098452687263489
-0.6843118071556091
-0.48047736287117004
-0.4130534827709198
0.49867215752601624
0.19333712756633759
0.2825082540512085
0.5869086980819702
-0.4951229989528656
0.4425866901874542
-0.24044464528560638
-0.10805119574069977
0.24211707711219788
-0.31768736243247986
0.5217245817184448
1.0696884393692017
1.0970399379730225
0.08530645817518234
-2.447092294692993
0.49553045630455017
0.0060937730595469475
-0.09207870811223984
0.04037235304713249
0.5120470523834229
-0.7193498611450195
-0.9184184074401855
-0.54091477394104
-0.17501531541347504
-0.5241497159004211
0.08723535388708115
0.1957271695137024
0.05936894938349724
-0.27249258756637573
1.346137285232544
0.2883084714412689
-0.3944927752017975
0.0026922174729406834
-0.4500558078289032
-0.525595486164093
0.72215735912323
-0.07221294939517975
0.34099867939949036
-0.5196475386619568
0.08453813940286636
0.09609197825193405
0.611301064491272
0.6919087171554565
0.4416806399822235
0.0871267095208168
-0.7260023951530457
0.6663757562637329
-0.00964274164289236
0.012003876268863678
-0.18163898587226868
0.6894193887710571
-0.03751165047287941
0.24948620796203613
-0.22292006015777588
-1.2233085632324219
0.7632802724838257
0.11058011651039124
1.1386553049087524
-0.052166447043418884
0.38047850131988525
-0.1704789698123932
-0.11766516417264938
0.6653827428817749
0.16017542779445648
0.28619450330734253
0.5819291472434998
0.4067278504371643
0.21088960766792297
0.40714412927627563
0.2810211479663849
0.32895180583000183
-0.6695396304130554
1.029355764389038
0.01759672351181507
-0.14939771592617035
-0.678506076335907
0.14907266199588776
0.3261067569255829
-0.6494418382644653
0.3125821053981781
0.07331643998622894
0.20046593248844147
-0.9480323791503906
0.6638472676277161
-0.23484928905963898
0.1400424987077713
0.194489523768425
-0.017549477517604828
0.03957702964544296
-0.2781493067741394
-0.2914639413356781
-0.07465004920959473
0.5335555672645569
0.41910701990127563
-0.7302396297454834
-0.580680787563324
-0.318624347448349
0.3832832872867584
-0.22334882616996765
0.47444596886634827
0.4152757227420807
0.3767319917678833
1.117837905883789
-0.38016074895858765
-0.6214860081672668
0.14784635603427887
-1.5524126291275024
-0.23648816347122192
0.0691380575299263
0.6373380422592163
0.27252721786499023
-0.9259085655212402
0.004275911953300238
-0.357795774936676
-0.3275718092918396
-0.7520730495452881
-0.5028072595596313
0.2516953945159912
-0.20603474974632263
0.9012629389762878
0.4253378212451935
-1.0717506408691406
1.178964614868164
0.3714311420917511
-0.19454532861709595
-0.4252222180366516
0.2853794991970062
0.4037046730518341
0.5524582266807556
0.1701466590166092
0.736042857170105
-0.8859719038009644
0.22568002343177795
-0.42536312341690063
0.6592758297920227
-1.7277624607086182
0.2447936236858368
0.47063666582107544
-0.056553132832050323
-0.7038717269897461
-0.882836639881134
0.33576327562332153
-0.2398974746465683
-0.6408658623695374
-0.5235069394111633
-0.1641993224620819
-0.7790613174438477
-0.7809025049209595
0.155086487531662
0.7171555757522583
0.5427854657173157
-0.4752463102340698
-0.18150460720062256
-0.09044121205806732
0.13077974319458008
0.6013989448547363
1.4538077116012573
-0.3939230442047119
0.30636999011039734
-0.04584497958421707
-0.9419281482696533
-0.1604738086462021
-0.28930002450942993
0.27837270498275757
0.3314744234085083
0.19072169065475464
-0.5988882780075073
-0.5527768135070801
0.12327806651592255
0.08218389749526978
-0.03722969442605972
-0.4157223403453827
-1.0876274108886719
0.07559720426797867
-0.030507944524288177
-0.5623512864112854
0.0568259172141552
0.9169389605522156
-0.1868704855442047
-0.32435718178749084
-1.338470220565796
-0.14016233384609222
0.7002995610237122
0.0738157257437706
0.06018564850091934
-0.0996021255850792
-0.7127578854560852
0.2299376130104065
0.5723333954811096
-0.5587003231048584
-0.17625531554222107
0.6105867624282837
-0.43475624918937683
1.2630388736724854
0.49111953377723694
0.06860681623220444
-0.14602917432785034
0.07043273746967316
0.26856729388237
0.39122700691223145
-0.3861292004585266
0.487863153219223
0.3094400465488434
-0.1092928946018219
-1.237905502319336
0.6157287955284119
0.16334135830402374
-0.08675577491521835
-0.5222358703613281
-0.2580697536468506
0.3648378252983093
-0.09411739557981491
0.19743852317333221
0.12685032188892365
1.0942260026931763
0.917499303817749
-0.07145905494689941
-0.08455769717693329
0.5405834317207336
-0.29686492681503296
-0.10661911964416504
0.9175387024879456
-0.3208773732185364
0.07348713278770447
-0.060020145028829575
0.002972221001982689
-0.022636480629444122
0.00818581786006689
-1.2946147918701172
-0.0936283990740776
0.9360561966896057
-0.6281240582466125
0.35256844758987427
-0.5337850451469421
-0.20353180170059204
-0.763206958770752
0.6752816438674927
1.3835896253585815
0.14260898530483246
-0.39513859152793884
0.3622574508190155
0.2088661789894104
0.5254225134849548
-0.06558594852685928
-0.24863353371620178
0.19348706305027008
-1.1395148038864136
1.3195286989212036
-0.004679027479141951
-0.3632129728794098
0.8525990843772888
0.8301529288291931
0.11598169803619385
-0.2015600949525833
0.9923942685127258
0.3827734887599945
0.23427851498126984
0.7048501968383789
-0.2945837378501892
-0.2693648338317871
0.7356915473937988
0.7572473287582397
-0.3292587995529175
0.2941782474517822
-0.39666128158569336
-0.43291136622428894
-0.4073374271392822
0.05980134755373001
-0.45340707898139954
0.24982985854148865
-0.9397943615913391
-1.1898622512817383
-0.4387020766735077
-0.07940730452537537
1.185445785522461
-0.6593217253684998
0.974445641040802
0.02766176126897335
-0.0012366885785013437
-0.8518824577331543
0.4577069580554962
0.5999670028686523
0.5547882318496704
-0.28263214230537415
-0.015669887885451317
0.40860065817832947
1.2366994619369507
0.26223641633987427
0.4157041311264038
0.12709307670593262
0.42098793387413025
0.6062833070755005
0.06465180963277817
0.4938446581363678
-0.2474476397037506
-0.19695134460926056
-0.14070647954940796
-0.490876704454422
0.3907838463783264
-0.2672804594039917
-0.8847640752792358
-0.21931543946266174
-0.023742932826280594
-0.862263023853302
-0.9680097103118896
-0.21628643572330475
-0.4513762593269348
0.47746196389198303
0.11929868161678314
-0.5849295854568481
-0.5425308346748352
-0.970790684223175
-0.8495453000068665
0.6122010946273804
-0.08976642787456512
-0.020836662501096725
0.21950916945934296
-0.5967487692832947
0.8624581098556519
0.21606884896755219
0.5591930150985718
-0.15438894927501678
0.9446135759353638
0.04822332784533501
-0.0036137045826762915
-0.1645973026752472
0.702006459236145
-1.153957486152649
-0.014490140601992607
-0.2617627680301666
-0.39020615816116333
0.5828074812889099
1.046303153038025
0.5353734493255615
-0.012941764667630196
-0.4896470308303833
-0.2549019455909729
-0.35541224479675293
-0.2215041220188141
0.6579979062080383
-0.2278480976819992
-0.4543733298778534
0.6043034195899963
0.15217751264572144
0.20439894497394562
0.0807240754365921
-0.4318336546421051
-0.7795581221580505
0.48076698184013367
0.2451760321855545
0.32837966084480286
0.465579628944397
-1.1239266395568848
0.602030873298645
0.14951220154762268
-0.6260792016983032
0.6783690452575684
-0.41023194789886475
0.45038431882858276
0.09832504391670227
0.5516563057899475
0.97324138879776
-0.1130337342619896
0.20149603486061096
-0.30201148986816406
-0.22586336731910706
0.6447813510894775
-0.6038222312927246
-0.3882162570953369
0.5688287019729614
-0.20747023820877075
0.003443856490775943
-0.14329281449317932
-1.695465326309204
0.2685028910636902
-0.21869464218616486
-0.2945404350757599
0.07602562755346298
-0.08030430972576141
0.2988298237323761
-0.46790197491645813
-0.531208872795105
-0.11544916778802872
0.19975192844867706
-0.4643018841743469
0.23665234446525574
0.5552856922149658
0.18352849781513214
-0.32487019896507263
-0.327879935503006
-0.437810480594635
0.3413412570953369
0.07551417499780655
0.23593950271606445
0.16944436728954315
-0.12785711884498596
-0.18271803855895996
0.3951801061630249
0.5412191152572632
-0.0964328870177269
-0.31018006801605225
0.03389317914843559
-0.9602929949760437
-0.0899691954255104
-0.2850489318370819
0.21115030348300934
0.4017806351184845
0.33308154344558716
-0.009754474274814129
1.4359456300735474
-0.8420113921165466
0.09953561425209045
0.6946545839309692
-0.9509612321853638
0.4405311644077301
-0.5275242924690247
-1.4358270168304443
0.7049264311790466
0.24306561052799225
-0.3055097758769989
0.725530207157135
-0.5432761311531067
0.4138486385345459
0.14217796921730042
1.0534411668777466
-0.010874985717236996
-0.22993788123130798
-0.433571457862854
0.09469025582075119
0.33158978819847107
0.3693245053291321
-0.24555526673793793
-1.33821702003479
0.113160640001297
-0.37237972021102905
0.307758629322052
-0.13807453215122223
0.42823103070259094
0.3807734251022339
-0.48127323389053345
-0.5455604195594788
-0.4450860023498535
0.2428111881017685
-0.04235135763883591
0.79939204454422
-0.467037558555603
-0.008996933698654175
-0.2736167907714844
0.2536972463130951
0.08615833520889282
0.4686029851436615
-0.8570506572723389
-0.2723826467990875
-0.47209787368774414
0.6017246842384338
0.09476936608552933
0.10015850514173508
-0.2719799876213074
0.11011744290590286
0.3319362998008728
0.11818572133779526
-0.6059136986732483
0.030790384858846664
1.2227287292480469
-0.6289904117584229
-0.305403470993042
-1.279094934463501
0.12925587594509125
0.5972182750701904
-0.0286781657487154
-0.013297805562615395
0.898699939250946
-0.6434411406517029
0.09081702679395676
0.34747982025146484
0.8897627592086792
0.04219628497958183
-0.3637820780277252
-0.2208942472934723
0.30716633796691895
-0.1279633790254593
-0.8772844076156616
0.5007731914520264
-0.08398377895355225
0.3622846305370331
-0.149605393409729
-0.43099433183670044
0.24514076113700867
0.3110927939414978
0.0015498080756515265
-0.12417667359113693
0.14539772272109985
0.3066296875476837
0.6292447447776794
0.3146892488002777
0.29831093549728394
0.1017468199133873
-0.04339107498526573
-0.03030671738088131
1.1709871292114258
-0.2473398894071579
0.05012984946370125
0.4127056300640106
-0.9099439978599548
-0.2452719807624817
0.4218236804008484
0.09866641461849213
-0.14668908715248108
0.03384285792708397
-0.06365721672773361
-0.5846251845359802
0.3071402907371521
-0.22332462668418884
0.814953088760376
0.1540437787771225
-1.0743129253387451
-0.07847511768341064
-0.035132184624671936
0.3492283821105957
-0.20097646117210388
-0.25052759051322937
-0.6478957533836365
0.8646220564842224
0.2397681325674057
-0.1851518303155899
2.0786948204040527
-0.5339978933334351
1.2293072938919067
-0.01936090551316738
0.020015206187963486
-0.26000627875328064
0.41919824481010437
0.09286289662122726
-0.26376739144325256
-0.44670259952545166
-0.2520814538002014
-0.2784299850463867
0.45149287581443787
-0.2438073605298996
0.19605743885040283
-0.8025854825973511
0.11376805603504181
-0.054002031683921814
-0.30984991788864136
0.07781855762004852
0.14999864995479584
-0.17816908657550812
-0.49112948775291443
0.712858259677887
0.7880442142486572
0.3244781792163849
-0.1575317531824112
-0.377167671918869
0.21349558234214783
-1.124038577079773
-0.46258822083473206
0.2742844521999359
0.9352979063987732
0.5345740914344788
-0.6903228759765625
-0.4996243119239807
-0.7660738825798035
-0.7272725105285645
-0.1888725459575653
-0.8379915952682495
-0.094986192882061
0.7127972841262817
-0.13116629421710968
0.1519344449043274
-0.45002481341362
-0.6986875534057617
0.13561315834522247
0.2269776314496994
-0.3547528088092804
0.5589695572853088
0.26046788692474365
0.45947718620300293
0.35022270679473877
0.42567139863967896
-0.3719896078109741
-0.1762014925479889
-0.4662386476993561
0.7676724195480347
-0.35119515657424927
-0.408399760723114
-0.1704031527042389
0.3467240631580353
-0.08444858342409134
-0.1423065960407257
-0.30168449878692627
0.34915101528167725
-0.3130650222301483
-0.04055275395512581
-0.4177999496459961
0.517047643661499
0.3006681203842163
0.640259325504303
0.819599449634552
-0.10178294777870178
-0.9871945381164551
-0.47925904393196106
-0.4987373650074005
-0.5182716250419617
-0.017410365864634514
-0.3629476726055145
0.7583658695220947
0.19512996077537537
0.248086616396904
0.26048600673675537
0.44542625546455383
-0.4386783242225647
0.4345192313194275
0.04146494343876839
0.5498354434967041
-0.2892909049987793
0.0038915814366191626
-0.7732261419296265
-0.43207666277885437
0.2707526683807373
0.037811022251844406
0.24457108974456787
0.06797465682029724
-0.6045461893081665
-0.13601553440093994
-0.5335829257965088
-0.061449602246284485
0.6857215166091919
-0.4582151770591736
-0.7628771662712097
-0.2905709743499756
-1.0708143711090088
0.321014404296875
-0.638795793056488
0.7547726035118103
-1.6505178213119507
0.22836866974830627
-0.20801424980163574
-0.12292620539665222
0.7902413606643677
0.04076989367604256
0.008285271003842354
-0.19106709957122803
0.11286401003599167
0.243612602353096
-0.21599742770195007
0.3028407394886017
0.47157448530197144
0.15956000983715057
-0.2326163947582245
-0.8050414323806763
-0.23731449246406555
0.7340266108512878
2.139761209487915
0.12417904287576675
0.5471787452697754
-0.48876312375068665
0.1729586273431778
-0.4145635664463043
-0.45841848850250244
0.06603384017944336
-0.021297913044691086
-0.043147455900907516
0.5354130864143372
0.17497947812080383
0.06039299815893173
1.1306507587432861
0.04722624644637108
0.6667925119400024
-0.8094696402549744
0.10558092594146729
0.2156718671321869
0.4696955680847168
0.7709445357322693
-1.2938917875289917
0.03391943499445915
-0.1505216360092163
-0.47318679094314575
0.3716719150543213
-0.455459862947464
-1.00264310836792
-0.6885162591934204
-0.42270413041114807
0.37652379274368286
0.42666369676589966
0.48265016078948975
-0.14469702541828156
-0.07653729617595673
-0.11736661195755005
0.4101802706718445
-0.9165079593658447
0.8658241033554077
0.14893563091754913
0.8078908324241638
0.831844687461853
-0.7547153234481812
0.00152343709487468
-0.32710111141204834
0.8387370705604553
0.33126309514045715
0.22041334211826324
0.8134926557540894
-0.18651509284973145
0.36996951699256897
-0.8507097363471985
0.2468026578426361
0.012868310324847698
0.573424756526947
0.25212597846984863
0.04012713208794594
0.8165702223777771
-0.5629611611366272
-0.37485480308532715
0.1417084038257599
-0.4107615053653717
0.3314470946788788
1.4814493656158447
0.0509103424847126
0.4522867500782013
-0.4647507071495056
-0.09084589779376984
-0.5813880562782288
0.2549836337566376
0.6007834076881409
0.14503711462020874
-0.6991428732872009
-1.6200870275497437
-0.684074342250824
-0.6042627096176147
0.39343494176864624
0.22484464943408966
-0.6470339298248291
-0.057885974645614624
-0.15560239553451538
-0.5832874178886414
0.03379571810364723
0.032438717782497406
-0.06518485397100449
1.508048176765442
-0.05300633981823921
-0.265720933675766
0.38088327646255493
0.8701885938644409
-1.3943694829940796
0.24792572855949402
-0.5176485776901245
-0.2183283567428589
0.6043699979782104
0.1654149740934372
0.20877650380134583
-0.7195626497268677
0.24677398800849915
0.09013020992279053
0.029726402834057808
0.3679177761077881
0.6984220743179321
1.2357394695281982
-0.47824805974960327
0.0901293084025383
-0.8889093399047852
0.038315121084451675
-0.010105480439960957
1.8855379819869995
-0.8866228461265564
0.9388718008995056
-0.15948772430419922
-0.5244706869125366
-0.42627808451652527
-0.6715807318687439
0.7363239526748657
-1.0638221502304077
-0.8655024170875549
0.3156876564025879
-0.2432411164045334
0.022182688117027283
0.27262139320373535
-0.040897827595472336
-1.0254333019256592
-0.9004623293876648
1.074750304222107
0.05948257073760033
1.4788970947265625
-0.19032663106918335
0.1454007476568222
1.1990361213684082
-0.1674940139055252
-0.6404508352279663
0.1772339642047882
0.4770531952381134
0.08855578303337097
0.03743147477507591
0.3659137189388275
-0.03812602907419205
0.2739463746547699
0.43449491262435913
-1.3280904293060303
-0.13026303052902222
0.00996866263449192
-0.4453202486038208
1.098838448524475
-0.7980743646621704
-0.08478184789419174
0.3082902133464813
-0.5649704337120056
0.24408340454101562
0.9601337909698486
0.5103104710578918
-0.054495248943567276
0.04917348176240921
0.1729268580675125
-0.07461526244878769
-0.047968100756406784
-0.036178454756736755
0.039033640176057816
0.1115136593580246
-0.3879263997077942
-1.1052206754684448
0.13265857100486755
0.6078842282295227
0.3092299997806549
-0.015717577189207077
-0.32358184456825256
0.28186526894569397
0.4047027826309204
0.31994807720184326
0.3502218723297119
0.2851121723651886
-1.3034476041793823
-0.2616318464279175
-0.9932975769042969
-1.291883111000061
-0.14612285792827606
0.8143369555473328
0.8810768127441406
-0.23282574117183685
-0.15466643869876862
0.052565183490514755
-0.8881510496139526
-0.42237430810928345
0.19950178265571594
0.4267527759075165
0.4699072241783142
-0.6375914216041565
0.5664206147193909
0.1293206810951233
0.9236354827880859
0.5692640542984009
-1.4192819595336914
0.07702168822288513
0.49647122621536255
-0.6259509921073914
0.08093833178281784
0.45593950152397156
0.42386701703071594
0.10016133636236191
0.4706733822822571
0.645291268825531
0.15863721072673798
-0.12304142862558365
-0.8708128333091736
0.22383274137973785
0.07853943109512329
-0.6027268171310425
0.553126871585846
0.3054669201374054
-0.006341598927974701
1.0573574304580688
0.6187033653259277
-0.785402774810791
0.7073662877082825
-0.5331048965454102
0.18019449710845947
1.0411369800567627
0.6419799327850342
-0.2796021103858948
-1.1193939447402954
0.07514245808124542
-0.602496862411499
-0.1761496663093567
-0.1922634392976761
-0.6175684332847595
0.06368527561426163
-0.04212991148233414
-1.0556902885437012
0.0971483364701271
-0.8647322654724121
-0.3153483271598816
0.39588043093681335
-0.7843868136405945
-0.2532650828361511
0.033808670938014984
-1.3401732444763184
0.24979692697525024
-0.16208849847316742
-0.25753840804100037
-0.6270597577095032
0.3548177480697632
0.8599168658256531
-1.0200755596160889
-0.4243480861186981
1.174322247505188
-0.13010096549987793
0.3258020281791687
-0.3062303364276886
-0.5045932531356812
-0.20435844361782074
0.6592537760734558
0.6613438129425049
0.09382113814353943
0.0361805334687233
0.03881436586380005
-0.048053983598947525
0.8980294466018677
-0.6331884264945984
0.5033137202262878
0.02411133423447609
-0.25729668140411377
-0.14312544465065002
-1.2359391450881958
0.27551576495170593
-0.3235395550727844
0.01514989323914051
0.2280506044626236
0.39233389496803284
-0.0072075738571584225
0.08538362383842468
0.595414936542511
-0.29245299100875854
-0.6241291165351868
-0.08410785347223282
-0.6324114203453064
0.36658111214637756
-0.22168275713920593
-0.11393614858388901
0.11657775938510895
0.20551952719688416
-0.250980943441391
-0.1552826166152954
0.059472911059856415
0.19585858285427094
-0.1994360387325287
-0.16652916371822357
-0.14213807880878448
-0.19037498533725739
-0.3626597225666046
-0.13747499883174896
-0.6908851265907288
-0.4092121124267578
-0.09742941707372665
-1.2213478088378906
-0.12972082197666168
-0.44805917143821716
-0.18876181542873383
1.0909762382507324
-0.13909085094928741
0.12852045893669128
0.03337699547410011
0.17869500815868378
0.0746220126748085
1.1011090278625488
0.08760489523410797
0.08901344239711761
-0.4203871786594391
-0.015089832246303558
0.6594351530075073
0.4043101668357849
-0.30696842074394226
0.08667955547571182
-0.3293188214302063
-0.7804043292999268
-0.491796612739563
0.36694425344467163
-0.4952053129673004
0.2561073899269104
0.1976086050271988
-0.09988412261009216
-0.37404561042785645
0.61455237865448
0.1377461701631546
0.2914319932460785
-0.18509261310100555
0.3142712116241455
0.2713862657546997
0.09439706057310104
-0.09457547217607498
-0.5568238496780396
1.5686777830123901
-0.2123473882675171
-0.15874698758125305
-0.03932027891278267
-0.4333954453468323
0.11246827989816666
-0.8578566312789917
0.47727683186531067
-0.33209261298179626
-1.5915530920028687
0.43701717257499695
-1.0358608961105347
-0.02481668069958687
-0.21290451288223267
-1.192820429801941
0.6216356158256531
0.2536526024341583
1.3090547323226929
0.033515915274620056
-0.3432369530200958
-0.1280982792377472
-0.5221498012542725
0.23341725766658783
1.126326084136963
-0.7583779692649841
0.3218415677547455
-0.2230275422334671
-0.03727313503623009
0.8458073139190674
-0.6780705451965332
0.2946409285068512
0.7066136002540588
0.43015360832214355
-0.8634388446807861
-0.31479164958000183
0.068990558385849
0.004938263446092606
0.41279059648513794
-0.5454021692276001
-0.4731198251247406
0.6817166209220886
0.8375394344329834
-0.5027731657028198
-0.09998834133148193
-0.3405637741088867
0.5141261219978333
1.1201246976852417
-0.43917569518089294
0.2089974284172058
-0.059804219752550125
-0.2519737780094147
0.30493834614753723
-0.0009317728108726442
-1.3460232019424438
-0.4093678295612335
0.4080832302570343
-0.18047429621219635
0.3871041536331177
-0.8813179731369019
0.27157145738601685
0.08201748132705688
0.3829750120639801
0.610844612121582
0.6311773657798767
0.618029773235321
-0.4449998736381531
0.38447660207748413
-0.0466584712266922
0.8035911917686462
1.0231720209121704
-0.4066672623157501
0.04027833044528961
-0.41706809401512146
0.6279257535934448
1.5245081186294556
0.24621111154556274
-0.23881562054157257
0.8297795057296753
0.7221686840057373
0.26995980739593506
0.4992009401321411
0.08065321296453476
-0.10690253973007202
0.28134477138519287
-0.40304166078567505
0.363166481256485
-0.8159089088439941
-0.43587788939476013
0.31285351514816284
0.4881800711154938
-0.7544580101966858
-0.8338510990142822
-0.19228540360927582
0.02890721522271633
0.3838633894920349
0.09444091469049454
-0.12236784398555756
-0.8519861698150635
-0.6950423717498779
-0.7505881786346436
-1.2874590158462524
-0.003100395668298006
1.1091772317886353
0.8481118083000183
0.6172441840171814
-0.3606454133987427
-0.23405712842941284
-0.37751972675323486
-0.261331707239151
0.5003511905670166
-0.4483376741409302
1.4398396015167236
0.36237284541130066
-0.20153440535068512
-0.9483432173728943
1.7657406330108643
-0.27446720004081726
-0.5752632021903992
-0.058309439569711685
0.23855242133140564
-0.701288640499115
-0.5751706957817078
-0.7237482666969299
0.13749444484710693
0.5025712251663208
-0.17856253683567047
0.45187222957611084
-0.5631155967712402
0.5525530576705933
-0.24765180051326752
-0.6923717260360718
-0.03728802502155304
0.33282023668289185
0.0918169915676117
-0.7594801783561707
-0.3664059340953827
-0.23816700279712677
0.3009742796421051
-0.955119252204895
0.9991296529769897
0.25843074917793274
-0.7625476121902466
0.8530573844909668
0.5277516841888428
-0.505344033241272
-0.23767060041427612
-0.26794448494911194
-0.6967606544494629
-0.5362230539321899
0.1100129559636116
-0.05987723544239998
0.10878562927246094
0.34351974725723267
0.037398308515548706
-0.1696580946445465
-0.5696485638618469
0.34348222613334656
-0.6715141534805298
0.007643504999577999
-0.42172980308532715
0.36467069387435913
0.18894654512405396
0.31122899055480957
-0.9964879155158997
-0.6380208134651184
-0.9054995775222778
-0.3724402189254761
0.22899630665779114
0.0598706491291523
0.37666618824005127
0.07500209659337997
-0.25390395522117615
0.6609794497489929
-0.11481865495443344
-1.4013233184814453
1.1939606666564941
0.32845765352249146
1.1364713907241821
0.5237853527069092
-0.7743239402770996
0.7209059596061707
-2.5189857482910156
0.7359344959259033
-0.31476709246635437
-0.3546839654445648
-0.14741241931915283
0.5761961340904236
-0.18879517912864685
-1.225500464439392
0.16016991436481476
0.2022627741098404
0.08930663764476776
-0.20345643162727356
-0.6503044962882996
0.5078737735748291
-0.011956723406910896
-0.1948658972978592
0.122222401201725
0.5629194974899292
-0.5802778005599976
0.6500929594039917
0.5980421900749207
-0.9793241024017334
1.3578423261642456
-0.5184659957885742
-0.03922857344150543
0.5273613929748535
-0.15003739297389984
0.46494805812835693
0.020693419501185417
-0.6097710728645325
-1.0470858812332153
0.2082846313714981
0.1713837832212448
-1.218123435974121
-0.9468000531196594
0.43147188425064087
-1.0178135633468628
-0.1332983523607254
0.0032653752714395523
-0.49528369307518005
0.011068996042013168
-0.6403710842132568
0.3901335299015045
0.17618319392204285
0.03130330517888069
0.9677746891975403
0.5102137327194214
-0.8453062176704407
0.23531435430049896
-0.6426251530647278
0.3143778443336487
-0.0605120025575161
0.09095940738916397
-0.7220395803451538
0.5832323431968689
-0.9451891183853149
-0.24853035807609558
0.44950419664382935
-0.6259805560112
-0.28767919540405273
0.5875075459480286
0.09335789829492569
-0.14341604709625244
-0.26580217480659485
-0.45346885919570923
0.4670921862125397
-0.335907518863678
-0.21832823753356934
0.012129198759794235
-0.3365213871002197
0.6063975691795349
0.10288051515817642
0.12618356943130493
-0.015212382189929485
0.7922911643981934
-0.13159169256687164
-0.10864610224962234
-0.11045496165752411
-0.3981187045574188
0.31839028000831604
-0.164661705493927
0.25265878438949585
-0.1091901957988739
-0.4321848750114441
0.7882190942764282
0.2850332260131836
0.07007041573524475
0.3973829746246338
-0.8652815818786621
0.21642738580703735
-0.02523476630449295
-0.2994043529033661
0.8863145112991333
0.2900710999965668
1.107471227645874
-0.11873655766248703
-0.1871900111436844
-0.46352773904800415
-0.04722660034894943
-0.06327968090772629
-0.1897895783185959
0.04986158013343811
-0.159067302942276
0.24597656726837158
-0.4104098379611969
0.7103431224822998
0.4706994295120239
0.20207026600837708
0.3886934518814087
0.10029525309801102
-0.16280891001224518
-0.6035652160644531
0.3974403142929077
-0.30884701013565063
0.41338756680488586
-0.276974618434906
-0.4025622606277466
0.1362464874982834
-0.7889502048492432
0.5167227387428284
0.23452366888523102
0.552263617515564
-1.5251917839050293
0.07696069031953812
0.5153766870498657
0.39659321308135986
-0.34388789534568787
0.7546476125717163
-0.009784041903913021
-0.9032478928565979
0.17796647548675537
0.42470502853393555
0.08925580978393555
0.12792278826236725
-0.6805697679519653
-0.05291120707988739
-0.6561550498008728
-0.18283182382583618
0.3505081832408905
0.5094488263130188
-0.806068480014801
0.4081778824329376
0.2800559103488922
-0.7660061120986938
0.4896739423274994
-1.1595003604888916
-0.01738913729786873
-0.1873774230480194
0.5350658297538757
0.29271116852760315
0.4148183763027191
0.5778961181640625
-0.5607033967971802
0.08568000793457031
0.0036940963473170996
0.14433205127716064
-0.2500162422657013
-0.7281556725502014
-0.8871771097183228
0.229293093085289
0.10334432125091553
-1.4493013620376587
-0.3341435492038727
0.700187087059021
1.0524652004241943
0.16301383078098297
-0.41469132900238037
0.3179302513599396
-0.846613883972168
0.451125830411911
0.04351561889052391
0.7101406455039978
0.48634204268455505
0.39555540680885315
0.4498698115348816
-0.3662616014480591
0.35333675146102905
-0.29303523898124695
0.5678643584251404
0.15720140933990479
0.7577065229415894
-0.7390893697738647
-0.41113734245300293
0.11698964238166809
-0.7396048307418823
-0.7417736649513245
0.09493162482976913
-0.3271843194961548
0.11667657643556595
0.1725912243127823
-0.13702620565891266
0.42889633774757385
-1.3227555751800537
0.08335679024457932
-0.9227614998817444
-1.203033685684204
-0.5116425156593323
-0.09322318434715271
0.48959845304489136
-0.28684064745903015
0.47689464688301086
0.2899882197380066
0.6977072358131409
-0.09348855912685394
-0.1642102599143982
0.06032882258296013
0.677282989025116
0.10685475170612335
-0.2648177742958069
0.7949285507202148
-1.2269445657730103
1.0604337453842163
-0.4426930248737335
-0.06196945905685425
0.8391385078430176
-1.0911095142364502
-0.21661467850208282
0.45950210094451904
0.6334806680679321
-0.5868951082229614
-0.5553639531135559
-0.5467125177383423
-0.8359062671661377
-0.8703163266181946
0.49352195858955383
-0.2623736262321472
-0.7126508355140686
0.3958032429218292
-0.7642936706542969
0.1456589698791504
-1.0479680299758911
-0.8806217312812805
-0.11968667805194855
0.4327069818973541
-0.26542314887046814
0.31536027789115906
0.20416273176670074
-0.0314074382185936
-0.8217496275901794
-0.3731815218925476
-1.1307710409164429
-0.05822824314236641
0.03980441763997078
0.2684374153614044
0.23469507694244385
-0.6304559707641602
0.31660130620002747
-0.1741534322500229
-0.38194429874420166
0.38727012276649475
0.29543620347976685
-0.731925368309021
-0.4009134769439697
0.1310347616672516
-0.1797470897436142
0.057818781584501266
0.5084457993507385
-0.16992612183094025
0.0857626274228096
0.06622486561536789
0.15164715051651
0.49113762378692627
0.24604687094688416
0.5467603802680969
0.26794394850730896
0.366420179605484
0.22439509630203247
0.03243954852223396
0.23133940994739532
0.5013185739517212
-0.016592584550380707
-0.3010528087615967
-0.40441906452178955
0.22967244684696198
-0.9651198387145996
-0.8902400135993958
0.10202761739492416
0.24520455300807953
0.45064660906791687
0.11829779297113419
0.17391915619373322
-0.5145888924598694
-1.660808801651001
0.25509756803512573
-0.43503716588020325
-0.4556555449962616
-0.3718426525592804
1.762111783027649
-1.646702527999878
-0.18619020283222198
0.2788291275501251
-0.15060074627399445
1.0887494087219238
0.15323296189308167
0.7546535134315491
0.17714449763298035
1.1859835386276245
0.019519256427884102
-0.41216880083084106
-0.22043809294700623
0.7176126837730408
0.9626016616821289
-0.1679416000843048
0.28980401158332825
-0.6433971524238586
-0.19951777160167694
-0.9066400527954102
0.6702926158905029
1.0927079916000366
-0.39847901463508606
0.16890369355678558
0.46936070919036865
-0.46708840131759644
-1.3541326522827148
0.43945544958114624
0.0537785105407238
-0.4428989887237549
0.24498656392097473
-1.7752538919448853
-0.22715318202972412
-0.2723900377750397
0.6079789400100708
-0.39487597346305847
0.7908655405044556
-0.9715502262115479
-0.16984006762504578
-1.1151355504989624
-0.19202177226543427
0.15964007377624512
-0.059410642832517624
-0.09832098335027695
-0.03588111326098442
0.10141977667808533
0.4295245409011841
-0.4233677089214325
0.6051135063171387
-0.13884657621383667
0.09632684290409088
-0.7825961709022522
-0.41141971945762634
0.42672574520111084
-0.2987114191055298
-0.09315090626478195
-0.08676428347826004
0.19191475212574005
-0.7027266621589661
-0.37064236402511597
-0.04459010437130928
-0.8097642660140991
0.0371834896504879
-0.28367307782173157
-0.3772695064544678
-0.3849528729915619
-0.3796829283237457
-0.551819920539856
0.9456230401992798
0.3757832646369934
-0.703216016292572
0.1448734700679779
0.3393777310848236
0.18546323478221893
0.33028167486190796
0.4649693965911865
0.1951393485069275
0.21116386353969574
0.48447686433792114
0.11152653396129608
-0.010046263225376606
1.0950181484222412
-0.9615213871002197
-0.5287635922431946
0.13397198915481567
0.4921421408653259
-0.24849967658519745
0.17789442837238312
-0.5849360823631287
-0.05551936849951744
0.8534132242202759
-0.008148010820150375
0.04918559640645981
-0.5557664632797241
0.09290940314531326
0.23000387847423553
-0.28177696466445923
0.15883658826351166
0.07785014063119888
0.019223444163799286
0.7271460294723511
0.4631151854991913
-0.21889597177505493
0.2205066978931427
0.13769136369228363
0.05715947598218918
-0.39755287766456604
0.10032514482736588
-0.12800337374210358
-0.021461306139826775
0.12499462813138962
-0.2443460375070572
-0.08518431335687637
0.17097130417823792
0.006600021384656429
0.6408466696739197
1.4245654344558716
0.24640516936779022
0.4296343922615051
0.24876804649829865
0.8584370017051697
-0.053164005279541016
0.4503417909145355
0.06324037909507751
-0.24302467703819275
0.018738914281129837
0.05850432068109512
0.05029964819550514
-0.5926684141159058
-0.0014977987157180905
-0.7646094560623169
0.5265616774559021
1.3568761348724365
-0.523620069026947
0.74892258644104
-0.2743237316608429
-0.6462490558624268
0.24591323733329773
-0.561010479927063
0.20500443875789642
0.23926658928394318
0.0778740718960762
0.6206923723220825
-0.005926299840211868
-0.6707255244255066
-0.2231956571340561
0.18747706711292267
-0.1694280505180359
0.10372082144021988
0.4040479063987732
-0.14049947261810303
0.15791456401348114
-0.3092019259929657
-0.5321294665336609
-0.7808303236961365
0.05085962265729904
-0.12497799098491669
0.24704724550247192
-0.09284649044275284
0.6556715369224548
0.5621383786201477
0.36291196942329407
0.5825649499893188
1.119593858718872
-0.04399591684341431
-0.4769749343395233
-0.14960096776485443
0.8041173219680786
0.3379705250263214
-0.3095429837703705
0.30005943775177
0.32744041085243225
-0.5482470989227295
0.2659442722797394
-0.46187102794647217
-0.05167097598314285
-0.25877341628074646
-0.9456179141998291
0.3236520290374756
0.7893627285957336
-0.36543506383895874
0.11788874119520187
0.42069798707962036
-0.32681000232696533
0.4210185408592224
-0.7008047699928284
2.4228315353393555
0.7103753685951233
-0.22191479802131653
0.1232130378484726
0.8359664082527161
1.1927168369293213
0.1339300274848938
-0.33274784684181213
0.6239974498748779
1.14725661277771
-0.42154330015182495
0.1128944382071495
0.4484318792819977
-0.08376124501228333
-0.5133981704711914
-0.13197988271713257
0.3989521861076355
-0.24582327902317047
0.8388208150863647
0.8304175734519958
-1.4648882150650024
-0.3967769145965576
-0.12609994411468506
0.18211443722248077
0.11214156448841095
1.430439829826355
-0.2357843667268753
-0.03405945748090744
0.25338801741600037
-0.04780217260122299
0.016215099021792412
1.1390708684921265
-0.40900859236717224
-0.20611971616744995
0.8871282339096069
-0.03723086789250374
0.4336172938346863
0.8451049327850342
0.2816990315914154
-0.12177187949419022
-0.08177120238542557
0.9564867615699768
-0.1866789162158966
0.30577367544174194
-0.6239441633224487
-1.2192438840866089
-0.644347608089447
-0.33572667837142944
-0.380238801240921
0.23115259408950806
0.9345515370368958
-0.6024773120880127
0.8297091126441956
-0.49230632185935974
-0.08985412120819092
0.29320091009140015
-0.9749225974082947
0.5351006984710693
-0.7847331762313843
0.4973702132701874
0.3049473762512207
1.0430744886398315
0.2917601466178894
-0.16017210483551025
-0.7163050174713135
-0.5079872608184814
-0.5843144059181213
0.4464857578277588
0.011332020163536072
-0.5721345543861389
0.7532397508621216
-0.2834964990615845
-0.671301007270813
-0.5528618693351746
-0.4341624081134796
0.3453722894191742
-0.16451939940452576
0.8581668138504028
0.575553834438324
-0.1283809393644333
0.14892646670341492
1.608156681060791
0.7132098078727722
0.3595518469810486
0.6014013290405273
0.6477541923522949
-0.06668480485677719
-0.6087133884429932
0.03542054817080498
-0.4655364751815796
0.32214272022247314
-0.29863443970680237
-0.6374480724334717
-0.27074936032295227
0.6935060620307922
-0.1415306180715561
0.34143155813217163
0.3084704279899597
-0.2016763985157013
-0.1582089364528656
0.21995976567268372
-0.0691545307636261
0.23684047162532806
0.48937997221946716
1.3972584009170532
-0.12657293677330017
-0.7215859293937683
-0.3182426393032074
-0.04104074835777283
-0.3872048556804657
0.20622918009757996
0.5519780516624451
-0.5098643898963928
-0.4489519000053406
1.1963790655136108
-0.26235833764076233
0.18954025208950043
0.1441529244184494
-0.3984823524951935
0.8096157908439636
-0.6524764895439148
-0.1808372437953949
-0.7447354197502136
-0.5143231749534607
0.715994119644165
0.12150556594133377
-0.9398466348648071
0.4366663992404938
-0.5800045132637024
1.0669306516647339
-0.33756622672080994
1.2942153215408325
-0.22930185496807098
-0.5590134859085083
0.49540776014328003
-0.015466613695025444
0.748519241809845
0.5160462260246277
-0.7764096260070801
0.6572476029396057
-0.1258150339126587
-0.08876383304595947
-0.17488978803157806
-0.3141333758831024
0.2786098122596741
1.3600590229034424
-0.17284949123859406
0.3808674216270447
0.02039509266614914
0.592917799949646
0.11086006462574005
0.1051538810133934
-1.1093440055847168
-0.8225741386413574
0.6271927356719971
-0.22297661006450653
-0.15909823775291443
-0.06189143657684326
0.5730303525924683
-0.4462742507457733
0.13807383179664612
0.03223465383052826
-0.09854907542467117
0.8895814418792725
-0.08007122576236725
0.0793929472565651
-0.08060894161462784
-0.4392942786216736
0.10496706515550613
-0.6562728881835938
-0.6728160977363586
0.02029453217983246
0.03299696743488312
-0.3572600781917572
-0.3852232098579407
-0.0015203639632090926
0.3904127776622772
1.001468539237976
-0.7158503532409668
-0.5100765824317932
-0.7430124282836914
0.0011466367868706584
0.35743123292922974
-0.7801851034164429
0.1337231695652008
0.193938210606575
-0.22454789280891418
-0.12935490906238556
-0.24045008420944214
0.6387050747871399
-0.17949773371219635
0.5980361104011536
1.1934351921081543
-0.4835641086101532
-0.05082392692565918
-2.145906686782837
-0.14985230565071106
-0.432210236787796
-0.3574521243572235
0.5432620048522949
-0.2827260196208954
-0.7557170987129211
-0.318742573261261
-1.2228960990905762
0.29127538204193115
-0.33344021439552307
-0.06054368615150452
0.361777126789093
0.28876540064811707
-0.3277937173843384
-0.122700035572052
-0.11704001575708389
0.34557849168777466
-0.369154155254364
-0.3365670144557953
-1.4006242752075195
-0.2977345883846283
0.04603428393602371
-0.35672640800476074
0.32323750853538513
-0.334798663854599
-0.13202831149101257
-0.5963045358657837
-0.38422656059265137
-0.6399859189987183
0.7108446359634399
0.0678427666425705
-0.13963279128074646
0.06081893667578697
0.41436338424682617
-1.2725671529769897
-0.35549283027648926
-0.10660239309072495
1.1175280809402466
0.05145503580570221
0.8542360067367554
-0.028352584689855576
-0.2308223396539688
-1.0628899335861206
-0.4128926992416382
-1.0264432430267334
0.005396334454417229
0.7050616145133972
-0.32289832830429077
0.7101504802703857
0.037115853279829025
0.20089155435562134
0.8093301653862
0.552829384803772
0.20789474248886108
0.8679158091545105
-0.1371554136276245
-0.03550201281905174
0.014253725297749043
-0.04442789405584335
-0.7427091002464294
0.6360648274421692
0.04030728340148926
-0.429274320602417
-0.1812634915113449
0.07697536796331406
-0.9123261570930481
-0.784475564956665
0.3153096139431
0.30909278988838196
-0.36013123393058777
0.3583919107913971
-1.3277790546417236
1.2116398811340332
-0.618904173374176
-1.1310869455337524
0.6463475227355957
-0.5801138877868652
0.49918532371520996
-0.027722172439098358
-0.7082176804542542
1.399282693862915
0.7796635627746582
-0.22566837072372437
-0.32641273736953735
0.4512399435043335
0.6881054043769836
-0.8458300828933716
-0.9911928772926331
0.7657608985900879
0.17979614436626434
0.15378820896148682
-0.6007221341133118
0.3765178918838501
0.3159954249858856
-0.2076903134584427
-0.0701744332909584
0.5322272777557373
0.16075415909290314
0.028827957808971405
0.6656211018562317
1.107362151145935
-0.2639964520931244
0.0710110142827034
-0.2858467996120453
0.9781249165534973
0.5580961108207703
0.8404262065887451
-0.40693479776382446
0.45037129521369934
-0.013805328868329525
-0.8623786568641663
0.1801747977733612
0.3255360722541809
-0.002811410930007696
0.6367887854576111
0.34184715151786804
-0.20475533604621887
-0.542005181312561
-1.0086417198181152
0.41556137800216675
0.4817744791507721
0.4586948752403259
-0.8689013719558716
0.38843992352485657
-0.2687045931816101
0.3894549310207367
0.4347474277019501
-0.44591662287712097
-0.7735133171081543
0.2500058114528656
0.05937973037362099
0.40687277913093567
-0.5992457866668701
-0.19345198571681976
0.5326036214828491
-0.1477983295917511
-0.1961742341518402
-0.25708290934562683
-0.2730792462825775
-0.215908944606781
-0.7014243602752686
-1.25194251537323
0.23370563983917236
-0.7774653434753418
0.5226636528968811
-0.32100772857666016
-0.9232301712036133
-0.44413551688194275
0.34015950560569763
-0.07173369079828262
0.33195844292640686
-0.028758198022842407
0.24516615271568298
-0.24789641797542572
0.2922886610031128
-0.43090808391571045
0.0023557431995868683
0.28651198744773865
-0.6488771438598633
0.398176372051239
-0.575459361076355
-0.3051966726779938
0.12755754590034485
-1.7142101526260376
0.43446171283721924
0.1128455251455307
-0.2203902006149292
-0.4040099084377289
-0.3464844226837158
-0.40562009811401367
-0.39111632108688354
0.06867998093366623
0.16946077346801758
-0.8073902726173401
0.18489117920398712
0.45800793170928955
-0.05529385432600975
0.07929238677024841
0.0632019117474556
0.24601489305496216
0.3540087938308716
-0.2640352249145508
0.7457113862037659
0.4570862948894501
-0.00048248906387016177
-0.18518859148025513
-0.048845697194337845
-0.03214748576283455
1.4375386238098145
-0.15827062726020813
0.1497727334499359
0.25895819067955017
-0.6378445029258728
0.6835963726043701
-1.2586710453033447
0.5703025460243225
0.42747762799263
-0.30969035625457764
0.8637923002243042
0.8105937242507935
0.23869995772838593
0.11639253795146942
-0.11688487231731415
-0.030835574492812157
-0.9674472212791443
-0.9906242489814758
0.34155532717704773
-0.1918773651123047
-0.6848470568656921
0.5982150435447693
0.09328538179397583
0.38562461733818054
0.21654924750328064
0.20424921810626984
1.2401561737060547
0.487760454416275
-0.3263280391693115
0.36064034700393677
0.15975837409496307
0.6789078116416931
1.5060276985168457
-0.07551111280918121
-0.33535921573638916
-0.3914424479007721
0.4816417992115021
0.5087973475456238
0.3197862505912781
-0.2871386408805847
0.43980127573013306
0.963335394859314
-0.44325050711631775
-0.6844969391822815
-0.06906862556934357
0.4928806722164154
-0.5407024621963501
0.4755004942417145
0.6170186400413513
0.20885513722896576
0.2588598132133484
-0.13475023210048676
0.09260480105876923
-0.2981451451778412
0.011747187934815884
-0.15171432495117188
-0.32437407970428467
1.1033166646957397
-0.017381791025400162
0.28974488377571106
0.32086601853370667
0.36089858412742615
-0.4593409597873688
-0.10079773515462875
-0.5329192280769348
-0.5060436129570007
0.03988353908061981
0.46107879281044006
-0.2292395979166031
0.12323573231697083
-0.4418022334575653
0.2081979513168335
0.09600844234228134
-0.004138081334531307
-1.158846378326416
-0.30224600434303284
-0.25954121351242065
1.435699701309204
0.7398536205291748
0.242605060338974
0.3298385441303253
-0.4122949242591858
0.43284666538238525
0.19291819632053375
0.18860884010791779
0.17231237888336182
0.23744021356105804
1.0297585725784302
-0.786263644695282
-0.748527467250824
1.135915994644165
0.39575886726379395
-0.7630058526992798
0.1926443725824356
0.1900670826435089
0.7324455976486206
1.2005506753921509
0.2113357037305832
-0.08012907952070236
-0.5360421538352966
-0.11431202292442322
0.47427600622177124
-0.12628944218158722
0.0620022676885128
0.49667230248451233
-0.24182648956775665
-0.28188079595565796
0.36336591839790344
-0.09967544674873352
-0.808569073677063
-0.20453543961048126
-0.23589207231998444
-0.6235678195953369
-0.46448442339897156
-1.03709876537323
0.22933116555213928
-1.0861010551452637
-0.8168026804924011
0.4443455934524536
0.2808721363544464
1.4478999376296997
0.012182011269032955
-0.12022780627012253
0.12611909210681915
-0.5482654571533203
-0.5578821897506714
-0.9968848824501038
-0.09967313706874847
-0.6501098275184631
-0.8811615109443665
-0.5444069504737854
-0.6751887798309326
0.14212852716445923
-0.2552664875984192
0.45581886172294617
-0.8606064319610596
0.5132278203964233
-0.18008014559745789
0.5925301313400269
0.1551736742258072
-0.10754206776618958
-0.27862054109573364
0.16443967819213867
-0.39358168840408325
-0.38423994183540344
-1.948984980583191
0.17194226384162903
0.7298393249511719
-0.07876329123973846
-0.23948168754577637
0.4787973463535309
0.7523409724235535
-0.14288747310638428
-0.1260197013616562
-0.27641746401786804
0.06327787786722183
0.8968891501426697
0.9059275984764099
1.0032867193222046
0.16639652848243713
0.028065843507647514
-0.6333932876586914
-0.09332834929227829
-0.1297932118177414
-0.07434244453907013
0.36762377619743347
-0.7271853089332581
-0.3694036900997162
0.3110446333885193
-0.4698522984981537
-0.1796364188194275
0.9884431958198547
-0.21706914901733398
0.09886348992586136
-0.21450971066951752
0.1421128511428833
-0.4786807596683502
-0.12576644122600555
0.19710694253444672
-1.1888327598571777
0.43538698554039
0.34850209951400757
-0.48893600702285767
0.3812115788459778
-0.6482934355735779
-0.5011755228042603
1.0406782627105713
-0.6454782485961914
-0.5669870972633362
-0.10742265731096268
0.18242645263671875
0.073346346616745
0.5120115280151367
0.15645736455917358
-0.49900078773498535
0.20836055278778076
-0.9559214115142822
-0.23875758051872253
-0.46038079261779785
0.07304594665765762
0.014774111099541187
-0.34954726696014404
0.4472465217113495
0.0484209768474102
0.38046321272850037
-0.3971518576145172
-0.32478654384613037
0.8966271281242371
-0.04895453527569771
-0.5543162822723389
-0.18852530419826508
-0.4198705852031708
-0.07072288542985916
0.18811406195163727
-0.6296965479850769
0.06146851181983948
0.05395929887890816
0.04345841705799103
-0.24072334170341492
-0.204207181930542
-1.0095769166946411
-0.4537736475467682
-0.37952208518981934
-0.3118257224559784
0.2340249866247177
-0.3176875412464142
-0.16968533396720886
0.360625296831131
0.17452426254749298
0.28685522079467773
0.07493144273757935
-0.35830211639404297
-0.055192720144987106
-0.1662028282880783
0.16207830607891083
-0.43112659454345703
-0.0022177803330123425
0.06629812717437744
0.3156109154224396
0.318354070186615
0.7967047691345215
-0.1728203296661377
-0.218845933675766
0.06644264608621597
-0.17982779443264008
-0.36787497997283936
0.19616028666496277
-0.21683025360107422
0.1300889551639557
-0.12149062007665634
0.381194531917572
-0.1251748949289322
-0.0929991751909256
-0.4323310852050781
-0.005123477894812822
-0.10259639471769333
-0.5321434140205383
-0.7120127081871033
-0.2727009654045105
-0.37202492356300354
-0.3363564908504486
-0.5395712852478027
-0.3353697955608368
-0.2251013219356537
4.5682092604693025e-05
-0.20090754330158234
0.04944860562682152
0.4587772488594055
0.026272524148225784
0.5899593234062195
0.18002170324325562
0.6495839357376099
-0.6016852855682373
0.33707281947135925
-0.03534616902470589
-0.528566300868988
0.7884593605995178
-0.5707225799560547
0.353817880153656
0.6666107773780823
0.04174287989735603
0.060013871639966965
-1.0935146808624268
0.6354485750198364
-0.14374089241027832
0.9084902405738831
-0.1549995392560959
-0.26797422766685486
0.8244124054908752
0.6011960506439209
0.3935217261314392
-0.3364577889442444
0.06293052434921265
-0.41437679529190063
-0.25463324785232544
0.5096268057823181
0.9017127752304077
-0.22474588453769684
0.7625530958175659
-0.2593725323677063
0.04929431527853012
-0.12063018232584
0.1244700476527214
-0.06505269557237625
0.1060275062918663
0.5154127478599548
-0.04164253920316696
-0.5615174770355225
0.19408801198005676
0.15650194883346558
1.1420854330062866
-0.13808181881904602
-0.34676477313041687
0.3761630654335022
0.4004289507865906
0.18398211896419525
-0.29296666383743286
1.1514991521835327
-0.014897034503519535
1.5670831203460693
1.3543676137924194
0.3167397677898407
-0.022647133097052574
-0.8711745738983154
-0.06598398089408875
0.2326676845550537
-0.16720499098300934
0.035512328147888184
0.21246618032455444
0.662560760974884
-0.440192312002182
-0.8499009013175964
0.13278768956661224
-0.7898463606834412
0.18781466782093048
0.2952564060688019
0.5044700503349304
0.042585499584674835
-0.8277863264083862
-0.2166615128517151
-0.5931767225265503
-0.8737190961837769
-0.8519755601882935
-1.0837101936340332
0.665753185749054
0.5608047246932983
-0.06789404153823853
-0.15191636979579926
-0.013487866148352623
-0.8060390949249268
0.007822909392416477
1.025671362876892
-1.1426175832748413
0.53624027967453
0.4285317659378052
0.707701563835144
-0.4010812044143677
0.7814602255821228
-0.17504563927650452
-0.3707005977630615
-0.10443142801523209
-0.3848992884159088
-0.49482643604278564
-0.026176396757364273
-0.919395923614502
0.22675015032291412
0.1990681290626526
0.04694472625851631
0.07323046028614044
0.17137250304222107
-0.5075857043266296
-0.27614840865135193
0.7880524396896362
0.10757122933864594
-0.19298236072063446
0.5698197484016418
-0.015750078484416008
-0.5454399585723877
1.770474910736084
0.02736012451350689
0.7729811668395996
-0.19618511199951172
0.8814101815223694
0.3324596583843231
0.4263495206832886
-0.33279430866241455
-0.265178918838501
0.18162889778614044
0.18597100675106049
-0.14944399893283844
-0.9229084253311157
-0.02077852003276348
-0.4410255253314972
-0.7000417709350586
-0.07128797471523285
-0.7638908624649048
-0.24425379931926727
-0.743047297000885
0.18160143494606018
-0.5602324604988098
-0.1265774667263031
-0.5419876575469971
0.0169355571269989
0.22059355676174164
-0.22457820177078247
-0.889677107334137
0.16142062842845917
-1.0477280616760254
1.1571650505065918
0.6186718344688416
-0.9607805609703064
-1.4735426902770996
0.9473318457603455
0.2020600438117981
-0.8526081442832947
0.17298570275306702
-0.014835028909146786
-0.053483135998249054
0.32918813824653625
-0.20397818088531494
-0.6229590177536011
1.2488718032836914
-0.26857805252075195
-0.39532795548439026
-0.11142580956220627
-0.1546705663204193
0.1506229192018509
0.06101095303893089
-0.47298696637153625
0.9886462688446045
0.4441700577735901
0.6683239340782166
-0.13016261160373688
0.005943313241004944
0.06897253543138504
-0.30627912282943726
0.6563014984130859
1.0170841217041016
0.0006634710007347167
-0.08203284442424774
0.555296778678894
0.22728048264980316
0.0026308970991522074
0.047669172286987305
-0.19308198988437653
-0.1760854423046112
0.09902495890855789
-0.30847612023353577
-0.3441585898399353
-0.38027364015579224
-0.5218607187271118
0.4185676872730255
-0.12850390374660492
-0.022987576201558113
0.6687812805175781
-1.1764882802963257
-0.10857073962688446
-0.5027387142181396
-1.1875131130218506
0.196104496717453
0.38658908009529114
0.03168022260069847
1.1493076086044312
-0.07158364355564117
0.222987562417984
-1.378490924835205
0.31501060724258423
0.48681265115737915
0.7870802283287048
1.233335018157959
-0.02015414647758007
-0.3352559208869934
1.0375006198883057
-0.09997688233852386
0.5850048661231995
-0.6572778224945068
-0.6478031277656555
0.008853196166455746
-0.5063705444335938
-0.1467539668083191
-1.2213419675827026
-0.24665984511375427
0.4377923607826233
-0.08943162858486176
0.2137385755777359
-0.5399895310401917
0.49497878551483154
-0.09941721707582474
0.11854442209005356
-0.1610192209482193
0.18362215161323547
-0.8919169306755066
0.1618489921092987
0.08158659189939499
-0.20431667566299438
0.2486150711774826
0.30850374698638916
-0.5772994756698608
0.31472867727279663
-0.4973505437374115
-0.37086883187294006
0.15020261704921722
-0.3881779909133911
-0.04208409786224365
-1.0715900659561157
-0.17009051144123077
0.44124850630760193
-0.4225274920463562
-0.7225464582443237
0.45366907119750977
-0.13840621709823608
0.6505056023597717
-0.030521586537361145
-0.04395538195967674
0.042797014117240906
-0.038438841700553894
-0.30332282185554504
-0.9747990965843201
-0.5841089487075806
0.6029949188232422
0.463667094707489
-0.4059765636920929
-0.2634578347206116
0.5706055164337158
-0.15073570609092712
0.5467484593391418
-0.7486399412155151
-0.7118555307388306
0.7403496503829956
0.6677649021148682
-0.39789265394210815
0.3799659013748169
0.9966530799865723
0.3282677233219147
-0.7374375462532043
-0.9506461024284363
-0.9577157497406006
-0.5781696438789368
0.4699650704860687
0.19523978233337402
-0.4113578796386719
-0.662808358669281
-0.030051730573177338
-0.4830324053764343
0.31134161353111267
-0.28327858448028564
-1.0208197832107544
0.02100672945380211
0.8479943871498108
-0.9588187336921692
0.09585496783256531
-0.3087514340877533
0.9778206944465637
-0.7171200513839722
-0.8759288787841797
0.46456533670425415
0.9055632948875427
-0.3202948272228241
-0.9684960246086121
0.0618002749979496
0.22429631650447845
-0.7763495445251465
-0.4286540448665619
0.0010231005726382136
-0.09996174275875092
-0.4787796139717102
0.6809540390968323
-0.8048309087753296
-0.5492445230484009
0.534998893737793
-0.5476349592208862
-0.1713000237941742
0.19182713329792023
-0.832268238067627
-0.28824034333229065
-0.07769621908664703
0.017412204295396805
-0.450344979763031
-0.06826558709144592
0.09225502610206604
-0.16368982195854187
0.07965484261512756
0.20622892677783966
-0.20382647216320038
0.008755004964768887
-0.23201394081115723
0.20377515256404877
0.9072030186653137
-0.0011987586040049791
0.026248080655932426
-0.23656150698661804
1.1201317310333252
0.5884143710136414
0.19834035634994507
-0.11793055385351181
0.07128925621509552
0.04377612844109535
0.10991925001144409
-0.26119640469551086
0.35231348872184753
-0.08683095872402191
0.20308734476566315
0.26492854952812195
0.09178554266691208
0.1843709796667099
0.22638095915317535
-0.4472232162952423
0.3199670612812042
-1.0734785795211792
0.06987205892801285
0.024136481806635857
0.6888793110847473
0.08485963195562363
-1.1706472635269165
-0.057007573544979095
-1.645263910293579
-0.65180903673172
0.3038460314273834
0.8350298404693604
0.4278534948825836
0.343350887298584
-0.7920123934745789
-0.3740417957305908
-0.7989042401313782
-0.5470925569534302
-0.35819756984710693
0.3730069696903229
-0.414900004863739
0.005631625652313232
-0.02310270257294178
0.3972150683403015
-0.1830327808856964
-0.2781471014022827
-0.1439264416694641
1.3364818096160889
-0.33511221408843994
0.5570544004440308
0.18481463193893433
-0.11425606906414032
0.2305324226617813
0.2005748748779297
0.6831123232841492
0.27801865339279175
0.7737486958503723
-0.7698782086372375
-0.12987594306468964
0.6228729486465454
0.460959792137146
-0.21664033830165863
-0.6235765218734741
0.403842568397522
-0.5965821146965027
0.41321489214897156
0.02248186059296131
0.13023555278778076
-0.9165153503417969
0.20409858226776123
0.14350861310958862
-0.8185697793960571
-0.5203838348388672
0.9737336039543152
-0.9108165502548218
0.0891132727265358
0.4865277409553528
0.09193773567676544
0.7612273097038269
-0.09607983380556107
-0.8521976470947266
0.39693862199783325
0.6513639092445374
-0.0074328831396996975
-0.10027407854795456
-0.12133043259382248
0.8912782073020935
0.025416139513254166
0.009388240985572338
-0.19476667046546936
0.8848406672477722
0.1577155441045761
-0.743796169757843
0.7155245542526245
1.1592164039611816
-0.17663639783859253
-0.8911502957344055
-0.018766485154628754
0.973834753036499
0.7640814185142517
0.006332019343972206
0.6084786653518677
0.6657351851463318
-0.14795857667922974
-0.02908422239124775
-0.054498061537742615
0.0012616380117833614
-0.07294614613056183
-0.11124003678560257
1.289758563041687
0.060712117701768875
-1.3299453258514404
0.2541271150112152
-0.236918106675148
-0.35252106189727783
0.47298213839530945
-0.18419159948825836
-0.013447491452097893
-0.8570626974105835
-0.40867865085601807
-0.38579651713371277
-0.1278253048658371
-0.5230664610862732
-0.38964325189590454
-0.7955975532531738
0.3266522288322449
0.6968382000923157
-1.0276603698730469
-0.3991585969924927
0.0026390377897769213
-0.21754944324493408
0.41213342547416687
0.5880795121192932
-0.32652515172958374
-0.20559027791023254
0.4370993375778198
-0.3355019986629486
0.04168594256043434
-0.10866515338420868
0.033850833773612976
0.012392132543027401
-0.2519840598106384
-0.3320677876472473
0.23872819542884827
-0.3497543931007385
0.4357747435569763
-0.08195565640926361
0.6824949383735657
0.3465424180030823
-0.4625107944011688
-0.33640673756599426
0.27572542428970337
-0.23516373336315155
0.3584730625152588
-0.08513353019952774
0.11435924470424652
-0.24767354130744934
0.18555374443531036
-0.8696070909500122
-0.19362615048885345
0.05689309164881706
0.04091088846325874
-1.3873445987701416
-0.2245941311120987
-0.5365031957626343
-0.13253222405910492
-0.17382065951824188
0.7434351444244385
-0.2760060727596283
0.22710874676704407
-1.1792442798614502
0.23748622834682465
0.12389001995325089
-0.043582119047641754
-0.001027645543217659
0.1794121265411377
-0.07806053757667542
-0.10743506252765656
-0.03885824978351593
1.2320345640182495
-0.299670547246933
0.8400331139564514
0.07869924604892731
0.4872727394104004
-0.045061707496643066
0.4309238791465759
0.059965409338474274
-0.21516916155815125
0.058966875076293945
0.5026623606681824
-0.2532029151916504
0.8449068069458008
0.10408196598291397
-0.1945817768573761
-0.11476797610521317
-0.6375937461853027
1.4159133434295654
0.11860223114490509
0.7226245403289795
0.04183614253997803
0.194912850856781
-0.5407525897026062
0.12458177655935287
-0.2440861016511917
0.06027267873287201
-0.8117928504943848
-0.6598491668701172
0.4739115238189697
1.455839991569519
0.24460917711257935
0.10376651585102081
-0.5573383569717407
0.9729259610176086
1.0711969137191772
-0.08304964751005173
-0.3462928831577301
0.6011309027671814
0.07101600617170334
0.6195854544639587
-0.33959531784057617
-0.09483551234006882
0.03747976943850517
0.1803562045097351
-0.10327980667352676
0.5101752281188965
0.7105093598365784
-0.3923890292644501
0.18352504074573517
-0.525725245475769
-0.8549673557281494
0.3812137842178345
0.40650591254234314
-0.13695108890533447
0.11092372983694077
0.006340133026242256
0.0868634432554245
0.5905511975288391
-0.683776319026947
-0.7777458429336548
1.8165428638458252
-0.8023155331611633
0.8083580732345581
0.024653956294059753
-0.34274202585220337
-0.5641218423843384
0.31904837489128113
0.3005114495754242
-0.39892008900642395
0.19819492101669312
-0.7332538962364197
-1.1202657222747803
-1.0843713283538818
0.5510179400444031
-0.5004220008850098
-0.5279572010040283
0.8795072436332703
-0.2719336152076721
0.048344358801841736
-0.2746449410915375
0.11512641608715057
-0.4058700501918793
-0.4908216595649719
-0.020890239626169205
0.1640094816684723
-0.48685887455940247
-0.8872520923614502
-0.12445393949747086
-0.6301255822181702
-0.542878270149231
0.7591751217842102
0.5545427203178406
0.18125401437282562
0.23877599835395813
-0.036064308136701584
-0.5109739303588867
-0.7337932586669922
0.12122885137796402
0.5276981592178345
-0.30303820967674255
-0.580931544303894
0.09863536804914474
0.36020156741142273
-0.2616485357284546
0.01377367228269577
0.12807665765285492
-0.05725248530507088
1.587409257888794
-0.640016496181488
-0.25690436363220215
-0.03668275848031044
-0.522007942199707
0.4200398623943329
1.2277898788452148
-0.015031762421131134
0.42565199732780457
-1.3314450979232788
0.2795639932155609
-0.3255997598171234
-0.23238234221935272
0.6479624509811401
-0.3360574543476105
0.1682390570640564
-0.031318094581365585
0.10183124244213104
-0.31613001227378845
0.6523340344429016
-0.33152493834495544
0.277978777885437
0.7403446435928345
-0.19245223701000214
-0.28268149495124817
-0.1697533279657364
-0.057316526770591736
0.7684256434440613
0.026671679690480232
-0.23684465885162354
-0.4272367060184479
1.1491289138793945
0.8996664881706238
-0.8706157207489014
0.4576248824596405
0.06038084253668785
0.2008369415998459
0.10703302174806595
0.0715876892209053
0.12657137215137482
-1.0486807823181152
-0.05527906119823456
0.32908809185028076
-0.3590978980064392
-0.41092801094055176
1.2561920881271362
0.04868850111961365
0.34541481733322144
0.20981375873088837
-0.49219265580177307
-0.18473175168037415
0.6107182502746582
0.505348265171051
0.8279261589050293
-0.44609034061431885
-0.2346733957529068
-0.5756406188011169
-0.10390908271074295
0.08053174614906311
0.34479400515556335
0.46973857283592224
-0.3126184046268463
0.1184592992067337
-0.20306211709976196
0.32628071308135986
0.021133292466402054
0.0959131270647049
-0.4255649745464325
-0.3102737069129944
0.3739129900932312
0.5794515609741211
-0.130516916513443
0.27503329515457153
-0.9682451486587524
-0.7703865766525269
-0.7520161271095276
-0.044009655714035034
-0.13451752066612244
-0.033630821853876114
0.41490793228149414
-0.30101582407951355
-1.1713151931762695
-0.5155794620513916
0.8243255019187927
0.2734423577785492
-0.11003442853689194
0.13733023405075073
0.6816154718399048
0.14780588448047638
0.35726386308670044
-0.16326627135276794
-0.25726553797721863
0.16416582465171814
0.24812449514865875
0.16292046010494232
-0.14938384294509888
0.8756237626075745
0.24161112308502197
0.2282661348581314
0.28830552101135254
-0.9351770281791687
-0.5909882187843323
-0.04273942857980728
-0.16269104182720184
-1.0883663892745972
-0.27151891589164734
0.5527049899101257
-0.4549660086631775
-0.18738630414009094
-0.23493218421936035
1.2957319021224976
-0.2733161449432373
-0.6972050666809082
-0.18290840089321136
1.281997799873352
-0.3636426627635956
0.4024119973182678
-0.5116840600967407
0.6392751336097717
1.7763336896896362
-0.012530741281807423
-0.26298248767852783
-0.5566704273223877
0.7683441638946533
-0.618793249130249
0.08041509240865707
-0.6988378763198853
-0.3395155668258667
0.13245651125907898
0.15710364282131195
0.27471309900283813
0.07240918278694153
-0.373550146818161
0.04800901561975479
-0.47836631536483765
-0.5035786628723145
-0.08042006194591522
0.05822227895259857
-0.3092495799064636
0.6830163598060608
0.2417202591896057
0.024713590741157532
0.7382233142852783
0.02175026573240757
-0.6773948669433594
0.8401520848274231
0.11072561889886856
-0.21862508356571198
0.21638421714305878
-0.2934013903141022
-0.002461871597915888
-0.4538774788379669
0.21948546171188354
-0.08454347401857376
-0.02943437360227108
-0.8996941447257996
-0.938591718673706
-0.6979312896728516
0.659839391708374
-0.529863178730011
-0.8351730704307556
0.5162256360054016
0.1379426270723343
0.8043462634086609
-0.3247855305671692
-0.6276385188102722
0.6748234629631042
-0.1734628528356552
-1.1777759790420532
-0.9194318056106567
0.0170426145195961
0.030383294448256493
0.24872200191020966
-0.7335468530654907
-0.21209456026554108
0.39828458428382874
-0.19362962245941162
0.07755798101425171
0.15074509382247925
-0.5495292544364929
-0.15053629875183105
-0.09816935658454895
-1.115514874458313
0.27132150530815125
0.3802125155925751
-0.08515871316194534
0.2853047251701355
-0.2115214467048645
-0.15099380910396576
0.35982877016067505
-0.49902570247650146
-0.3513997197151184
-0.12180700898170471
-0.6571098566055298
-0.3418819308280945
-0.4393879473209381
0.9695006608963013
0.137336865067482
0.3875507116317749
0.18174688518047333
-0.26897162199020386
-0.4197184443473816
-0.10605741292238235
0.6477025747299194
0.4325205385684967
0.4464159309864044
-0.2902463674545288
0.22045613825321198
0.03554845228791237
-0.11385267972946167
-0.6589168310165405
-0.4581347703933716
0.5373448133468628
0.29006680846214294
1.1118937730789185
-0.5085602402687073
0.1470893770456314
0.35324010252952576
-0.1376950889825821
0.24335068464279175
-0.2614118158817291
0.5994278192520142
-1.0114471912384033
0.5091707110404968
0.10748661309480667
-1.96331787109375
-1.3671058416366577
0.18118436634540558
-0.17447249591350555
1.3289891481399536
0.14660410583019257
-0.09316707402467728
-0.5583541393280029
-0.7121295928955078
0.06762640178203583
0.1974496692419052
-0.47009944915771484
1.3849120140075684
0.7398391366004944
0.7503032088279724
-0.24542316794395447
0.6519683599472046
-0.6856638193130493
0.7233681082725525
0.4843009114265442
0.30596214532852173
0.6286046504974365
-0.4729856848716736
-0.12384732812643051
0.08356261253356934
0.35778453946113586
-1.0720771551132202
-0.043706268072128296
-0.7491673231124878
0.0645742416381836
-0.057336047291755676
-0.11275791376829147
0.7315541505813599
-0.061725717037916183
-0.6245921850204468
-0.7162159085273743
0.14374229311943054
-0.004924878012388945
-0.226548433303833
0.05934898555278778
0.365007221698761
-0.16928647458553314
0.528068482875824
0.3620932102203369
0.028362983837723732
-0.015877528116106987
-0.19224663078784943
-0.9056944847106934
-0.17706242203712463
-0.6262696981430054
0.3325377106666565
-0.11573605984449387
-0.2785680592060089
-0.42538774013519287
-0.2568240761756897
0.2522267997264862
0.9768916964530945
0.1324889063835144
-0.08174173533916473
0.35920119285583496
0.37611454725265503
0.48708048462867737
0.151140496134758
-0.07121618837118149
0.6920005083084106
0.35798749327659607
0.058001209050416946
0.2182123064994812
-0.0002775323227979243
0.8160538673400879
-0.4641967713832855
0.7785061597824097
-0.5066304802894592
0.7216798067092896
0.1579473316669464
1.2456727027893066
-0.2595563530921936
0.5505765676498413
0.5242332220077515
-0.08128571510314941
0.7922222018241882
0.6393457651138306
-0.9903255701065063
-0.5413436889648438
-0.6273258924484253
1.0944569110870361
1.1529337167739868
-0.25595393776893616
-0.8583737015724182
-0.23538604378700256
-0.6411758661270142
-0.44200778007507324
0.3947920501232147
0.6094643473625183
0.2570439875125885
0.013513240963220596
-0.07214900851249695
0.35445189476013184
-0.643810510635376
-0.19201934337615967
0.08623602986335754
-0.14711874723434448
0.9980884194374084
0.5980148315429688
-1.048597812652588
0.4435161054134369
0.44176000356674194
0.5843299627304077
0.858083188533783
-1.1437045335769653
0.1531928926706314
-0.6006346344947815
0.7646251916885376
0.578146755695343
-0.10742804408073425
-0.4476191997528076
-0.15930387377738953
1.4209260940551758
0.20785854756832123
-0.08820284903049469
0.8084003329277039
-0.9330506920814514
0.03691336140036583
-0.18681320548057556
-0.3716334402561188
0.35786694288253784
0.39078253507614136
-0.19871176779270172
0.5415835380554199
-1.7925432920455933
0.15931250154972076
-0.834235668182373
-0.2677258551120758
0.8956879377365112
-0.7103292942047119
0.3210359215736389
-1.0622140169143677
-0.03181136026978493
0.11727334558963776
-0.4411036968231201
0.5560694336891174
0.3702281415462494
0.6696367263793945
-0.2788064479827881
-0.05596412345767021
-0.12472936511039734
0.06184596195816994
0.6060484647750854
-0.14771059155464172
-0.3259655237197876
0.092796191573143
0.8603257536888123
0.09424509853124619
0.009766588918864727
-0.011517176404595375
-0.4541490972042084
0.1631910502910614
0.6992051005363464
-0.4570960998535156
-0.5245965123176575
0.5894119739532471
0.3733935058116913
-0.3926096558570862
0.8464415669441223
0.3943783640861511
0.8579821586608887
0.3164493441581726
