(128, 1)
2000
1D00
2000
2000
1C00
1E00
1E00
1E00
1F00
2000
2100
1E00
2100
2000
1C00
1D00
1B00
1C00
1C00
1C00
1D00
1D00
1C00
1A00
1400
1700
1600
1800
1700
1600
1600
1600
2B00
2B00
2B00
2C00
2900
2A00
2B00
2A00
1900
1C00
1C00
1C00
1B00
1900
1A00
1B00
1F00
2000
1F00
2000
1F00
2300
2200
2000
1D00
1F00
1E00
1D00
1C00
1B00
2000
1C00
2500
2300
2400
2100
2100
2500
2300
2400
2600
2600
2600
2600
2500
2600
2600
2700
1B00
1A00
1A00
1800
1800
1A00
1900
1900
1B00
1A00
1900
1900
1A00
1A00
1B00
1800
1500
1300
1500
1200
1500
1400
1400
1400
1700
1800
1700
1900
1600
1A00
1900
1700
1700
1600
1900
1800
1700
1700
1700
1700
2100
2300
2200
2200
2100
2100
2300
2200
