(128, 1)
0042
0049
0047
0047
0045
0041
0044
0044
0050
004F
0050
0053
0051
0050
004E
004C
0056
0056
0058
0055
0056
0054
0056
0056
0021
0024
0020
0022
0021
0023
0024
0021
0046
004A
0047
0046
0047
0046
004A
0044
004B
004A
004D
004A
0048
0049
004B
004A
0055
0052
0055
0055
0056
0058
0056
0056
002D
0032
002D
002D
0031
002F
0029
002E
0048
0047
0045
0044
0045
0049
004B
0048
005E
0060
005E
0060
0062
0060
0062
005F
0043
0040
0043
003F
0042
0040
0042
0040
0040
003D
0040
003E
003F
003E
003F
003E
0047
0048
0043
004B
0048
0049
0045
0045
0049
004F
004E
004B
004A
0049
004D
004B
0062
0064
0062
0064
0061
0064
0064
0060
0038
0038
0034
0038
003A
0037
0038
0039
