(128, 1)
0047
0043
0043
0044
0048
0047
0047
0045
0051
004F
0052
0050
004F
004F
0051
004F
0057
0053
0054
0054
0057
0054
0056
0056
0022
0024
0023
0022
0024
0023
0024
001E
0046
0049
004B
0049
0048
0048
0046
0047
004E
004A
004A
004D
0044
004C
004A
004D
0056
0057
0059
0057
0056
0057
0057
0056
002C
0031
002D
0030
0031
0032
002E
002E
0049
0047
0049
0048
0049
0048
0047
0045
005F
0061
0060
0061
005F
005E
0061
005F
0042
003D
0040
003F
0042
0043
0041
003F
003C
003F
003C
0041
003E
003F
003F
003D
0046
004B
0048
0047
0047
0049
0042
0048
004A
004B
004A
0051
004A
004B
004E
004E
0062
0064
0065
0062
0063
0062
0064
0062
0038
0038
0034
0034
0038
0034
0034
0033
