(128, 1)
2200
1D00
1E00
2200
1E00
1E00
1D00
1E00
2100
2200
2100
1D00
2100
2100
1E00
1C00
1B00
1C00
1C00
1B00
1E00
1D00
1B00
1B00
1400
1700
1400
1700
1700
1500
1600
1700
2A00
2B00
2900
2D00
2A00
2900
2A00
2A00
1B00
1D00
1A00
1D00
1C00
1900
1B00
1A00
1F00
2000
1E00
2100
1F00
2300
1F00
2000
1D00
1F00
1F00
1B00
1D00
1B00
1E00
1C00
2500
2200
2500
2000
2000
2400
2200
2300
2600
2600
2600
2600
2600
2600
2600
2700
1B00
1A00
1B00
1A00
1800
1A00
1900
1800
1900
1A00
1A00
1900
1900
1900
1B00
1800
1500
1200
1500
1100
1800
1400
1300
1400
1600
1800
1600
1900
1500
1900
1900
1800
1700
1600
1800
1500
1700
1700
1700
1700
2100
2300
2400
2400
2100
2300
2400
2200
