(128, 1)
0042
0049
0048
0048
0045
0042
0044
0045
0050
004F
004F
0053
0051
004F
004E
004C
0056
0056
0058
0056
0056
0055
0056
0056
0021
0025
0020
0021
0021
0023
0024
0022
0046
004B
0046
0044
0047
0046
004A
0044
004A
004A
004E
004B
0048
0047
004C
004A
0055
0053
0055
0054
0057
0058
0056
0056
002E
0031
002C
002C
002F
002F
002A
002E
0048
0047
0045
0045
0044
0049
004C
0047
005F
0061
005E
0061
0062
0060
0062
005F
0043
0041
0042
003F
0042
0040
0042
0040
0040
003B
0040
003F
003F
003E
003F
003F
0047
0047
0042
004B
0048
0049
0045
0043
004A
0050
004F
004B
004A
0048
004D
004B
0062
0064
0062
0065
0061
0064
0065
0060
0038
0037
0034
0039
003A
0038
0039
0038
