(128, 1)
0042
0049
0047
004A
0045
0041
0044
0043
0051
004F
004E
0053
0051
0050
004F
004C
0056
0055
0057
0055
0056
0054
0056
0055
0020
0026
0020
0022
0021
0023
0024
0023
0046
004C
0046
0045
0047
0046
004B
0044
004B
004B
004E
004A
0048
0049
004B
004B
0056
0053
0055
0054
0056
0057
0055
0056
002E
0030
002C
002C
002F
002F
002A
002D
0048
0047
0044
0044
0044
0049
004D
0048
005F
0060
005F
0060
0062
0061
0062
005F
0042
0040
0042
003F
0042
003F
0042
0040
0041
003B
0040
003F
003F
003F
0040
003F
0046
0047
0042
004B
0046
0049
0045
0044
004B
0050
004F
004B
004B
0049
004E
004C
0062
0064
0062
0066
0060
0064
0064
0060
0037
0037
0034
0039
0039
0038
003A
0038
