(128, 1)
0046
0044
0043
0044
0048
0046
0045
0046
0051
004E
0051
0050
0050
004F
0051
004E
0056
0055
0055
0055
0057
0054
0056
0056
0022
0024
0023
0022
0023
0023
0024
001E
0046
0049
004B
0048
0048
0048
0046
0047
004E
004A
0049
004D
0045
004B
0049
004D
0056
0056
0059
0056
0056
0058
0057
0056
002C
0032
002D
0030
0032
0031
002D
002F
0049
0047
0048
0047
0048
0048
0048
0045
005F
0061
005F
0061
0060
005E
0061
005F
0043
003E
0040
003F
0043
0043
0041
003F
003C
003F
003E
003F
003E
003F
003F
003D
0046
0049
0047
0048
0046
0049
0041
0047
0049
004B
004A
0050
0049
004A
004E
004E
0062
0064
0064
0062
0064
0063
0064
0062
0038
0038
0034
0036
0039
0034
0034
0035
