(128, 1)
2000
1D00
2000
1E00
1A00
1F00
2000
2000
1E00
1F00
2100
1D00
2000
1E00
1B00
1E00
1C00
1C00
1C00
1D00
1C00
1D00
1D00
1900
1500
1600
1800
1800
1600
1900
1700
1500
2A00
2D00
2D00
2C00
2A00
2B00
2B00
2C00
1900
1B00
1C00
1C00
1B00
1A00
1A00
1C00
1F00
2000
1F00
2200
1E00
2100
2100
1F00
2000
2100
1D00
1F00
1A00
1B00
2100
1D00
2500
2600
2400
2200
2100
2500
2500
2500
2700
2500
2600
2600
2600
2600
2600
2600
1A00
1700
1B00
1800
1800
1900
1800
1B00
1B00
1B00
1700
1900
1C00
1B00
1A00
1A00
1700
1500
1400
1200
1400
1400
1600
1400
1900
1900
1600
1800
1600
1A00
1900
1500
1700
1600
1900
1800
1700
1600
1600
1600
2200
2300
2000
2000
2000
1F00
2500
2200
