(128, 1)
0041
004A
0047
0049
0044
0040
0044
0044
0050
004F
004F
0052
0051
0050
004D
004C
0056
0056
0059
0056
0056
0055
0056
0056
0021
0025
0020
0022
0021
0023
0024
0023
0046
004B
0044
0044
0047
0046
004A
0042
004A
004A
004E
004B
0048
0048
004C
004A
0055
0052
0054
0054
0056
0057
0055
0056
002E
0032
002C
002B
002F
002F
0029
002E
0048
0047
0044
0044
0044
0049
004C
0048
005F
0061
005E
0061
0062
0061
0062
005F
0042
0040
0042
003F
0042
003F
0042
0040
0041
003B
0040
003F
003F
003F
003F
003F
0046
0048
0041
004C
0048
0048
0046
0044
0049
0050
0050
004A
004B
0048
004D
004B
0062
0064
0061
0065
0060
0064
0064
0060
0038
0037
0033
0039
0039
0038
0039
003A
