(128, 1)
0046
0044
0043
0044
0048
0046
0047
0045
0051
004F
0052
0050
004F
0050
0051
004F
0057
0054
0055
0054
0057
0054
0055
0056
0022
0024
0023
0022
0024
0023
0024
001F
0046
0049
004A
0049
0047
0047
0046
0047
004E
004A
0049
004E
0044
004C
004A
004D
0056
0056
0058
0057
0056
0057
0056
0056
002C
0031
002D
0030
0031
0031
002D
002E
0049
0047
0048
0047
0048
0048
0048
0045
005F
0061
005F
0061
005F
005E
0061
005F
0042
003E
003F
003F
0042
0043
0040
003F
003D
003F
003D
0040
003E
003F
003F
003D
0047
004B
0047
0047
0046
0049
0042
0048
0049
004C
004B
004F
004A
004B
004F
004E
0062
0064
0064
0062
0063
0063
0064
0062
0038
0038
0034
0035
0038
0034
0035
0034
