(128, 1)
2200
1D00
1E00
2200
1D00
1E00
1D00
1E00
2100
2400
2100
1D00
2100
2100
1F00
1C00
1900
1C00
1C00
1C00
1E00
1D00
1B00
1C00
1400
1700
1400
1700
1600
1400
1600
1700
2B00
2A00
2A00
2D00
2900
2900
2900
2900
1A00
1C00
1900
1D00
1D00
1700
1B00
1A00
1F00
2000
1D00
2100
1F00
2500
2000
2000
1C00
1E00
1F00
1B00
1E00
1B00
1E00
1C00
2300
2300
2600
2000
2000
2400
2100
2200
2700
2600
2600
2600
2700
2600
2600
2700
1B00
1A00
1B00
1A00
1800
1B00
1800
1700
1900
1A00
1B00
1900
1800
1800
1B00
1800
1300
1200
1500
1100
1700
1400
1200
1400
1600
1800
1700
1B00
1500
1800
1900
1800
1700
1600
1800
1500
1700
1700
1700
1700
2200
2200
2600
2500
2100
2400
2300
2200
