(128, 1)
0042
0049
0047
0049
0044
0041
0044
0044
0050
004F
004F
0052
0051
0050
004E
004C
0056
0056
0057
0055
0056
0054
0056
0055
0020
0025
0020
0022
0020
0023
0024
0023
0046
004B
0045
0044
0047
0046
004B
0043
004A
004A
004F
004A
0048
0049
004C
004A
0056
0052
0055
0054
0056
0057
0055
0056
002E
0031
002C
002C
002F
002F
0029
002D
0048
0047
0045
0044
0044
0049
004C
0048
005E
0060
005E
0060
0062
0060
0062
005F
0042
0041
0042
003F
0042
003F
0043
0040
0041
003B
0041
003F
003F
003E
0040
003E
0046
0048
0043
004B
0047
0048
0045
0044
004A
0050
004F
004B
004B
0049
004D
004C
0062
0064
0062
0066
0060
0064
0064
0060
0038
0038
0034
0038
0039
0037
003A
0039
