(128, 1)
0046
0045
0043
0045
0047
0045
0046
0044
0051
004E
0051
0051
004F
004F
0051
004E
0056
0054
0054
0054
0057
0054
0056
0055
0022
0024
0023
0023
0023
0023
0024
0020
0046
0049
004A
0047
0047
0047
0048
0045
004D
004B
004A
004C
0045
004B
004A
004D
0056
0056
0058
0057
0056
0056
0056
0056
002C
0030
002C
002F
0031
0031
002E
002E
0049
0046
0048
0047
0048
0049
0048
0046
005F
0060
005F
0060
0060
005F
0061
005F
0041
003D
0040
003F
0043
0041
0041
003F
003E
003E
003E
0040
003F
003F
0040
003D
0046
0049
0046
0048
0046
0049
0043
0047
004A
004C
004B
004F
004A
004B
004E
004E
0063
0064
0064
0062
0062
0063
0063
0062
0037
0039
0034
0035
0038
0036
0035
0034
