(128, 1)
0046
0044
0043
0043
0048
0045
0046
0045
0051
004F
0052
0050
004F
004F
0051
004F
0057
0054
0055
0054
0057
0054
0055
0056
0022
0024
0023
0023
0024
0023
0024
001F
0046
0049
004A
0048
0048
0047
0046
0047
004E
004A
0049
004E
0045
004C
0049
004E
0056
0056
0059
0057
0056
0057
0057
0056
002C
0031
002D
0030
0032
0031
002E
002F
0049
0047
0049
0047
0048
0048
0048
0046
005F
0061
005F
0060
005F
005E
0061
005F
0043
003E
0040
003F
0042
0043
0041
003F
003D
003F
003D
0040
003E
003F
003F
003D
0045
004A
0046
0047
0046
0049
0041
0047
0049
004A
004A
004F
0049
004A
004D
004E
0062
0063
0064
0062
0063
0063
0063
0062
0038
0039
0034
0036
0039
0035
0035
0035
