(128, 1)
1F00
1D00
2000
1F00
1B00
1F00
2000
2000
1E00
2000
2100
1E00
2000
1F00
1D00
1E00
1C00
1C00
1C00
1C00
1C00
1D00
1E00
1900
1500
1700
1800
1700
1600
1800
1700
1600
2A00
2D00
2D00
2C00
2A00
2B00
2A00
2B00
1800
1B00
1C00
1B00
1B00
1A00
1A00
1B00
1F00
2200
1F00
2100
1F00
2100
2100
2000
1F00
2200
1E00
1E00
1A00
1B00
2100
1D00
2500
2600
2400
2300
2100
2500
2500
2500
2700
2400
2700
2600
2600
2600
2600
2700
1A00
1700
1C00
1800
1800
1800
1700
1A00
1B00
1B00
1800
1900
1C00
1A00
1900
1900
1600
1500
1500
1200
1400
1400
1500
1400
1800
1A00
1600
1800
1600
1C00
1900
1500
1700
1600
1800
1700
1700
1600
1600
1800
2200
2400
2000
2000
2000
1F00
2400
2300
