(128, 1)
2000
1E00
1F00
2100
1D00
1E00
1E00
1F00
1F00
2200
2100
1D00
2000
2100
1D00
1D00
1A00
1C00
1C00
1C00
1E00
1D00
1D00
1A00
1300
1700
1500
1700
1600
1400
1600
1700
2A00
2B00
2B00
2C00
2A00
2A00
2A00
2A00
1900
1D00
1A00
1D00
1C00
1900
1A00
1B00
1F00
2000
1E00
2000
1F00
2400
2000
2000
1C00
1E00
1E00
1C00
1D00
1B00
1E00
1C00
2500
2400
2500
2100
2200
2500
2200
2300
2600
2600
2700
2600
2600
2700
2600
2700
1B00
1900
1B00
1900
1800
1A00
1900
1800
1A00
1B00
1B00
1900
1A00
1900
1A00
1800
1500
1300
1500
1100
1700
1400
1400
1400
1700
1800
1600
1900
1500
1900
1900
1700
1700
1600
1800
1600
1700
1600
1700
1800
2100
2200
2400
2400
2100
2200
2300
2200
