(128, 1)
0048
0044
0043
0043
0049
0047
0047
0045
0051
004E
0052
004F
004E
004F
0052
004F
0056
0052
0053
0053
0058
0054
0056
0056
0021
0023
0024
0023
0023
0023
0023
001E
0046
0048
004C
0049
0047
0047
0047
0048
004F
004A
0048
004D
0045
004D
0049
004F
0056
0057
0059
0057
0055
0057
0058
0057
002B
0031
002C
0030
0032
0032
002F
002E
0049
0047
004A
0047
0049
0048
0047
0045
005F
0061
0060
0060
005F
005D
0060
005F
0041
003D
003F
003F
0043
0042
0041
003F
003B
0040
003D
0041
003F
003F
003F
003C
0046
004B
0048
0046
0046
0049
0040
0048
004A
004B
004A
0050
0049
004D
004E
0050
0062
0064
0064
0062
0064
0062
0063
0063
0038
0039
0034
0034
0037
0033
0035
0034
