(128, 1)
0044
0046
0046
0046
0047
0044
0044
0045
0050
004F
0051
0051
0050
004F
004F
004D
0056
0055
0056
0055
0057
0055
0056
0056
0021
0024
0021
0022
0022
0023
0024
0020
0047
004A
0049
0047
0048
0046
0048
0045
004C
004B
004C
004C
0047
0049
004B
004B
0055
0055
0056
0056
0056
0059
0056
0055
002D
0032
002D
002D
0030
0030
002B
002E
0048
0047
0047
0046
0046
0049
004A
0046
005F
0061
005F
0060
0061
005F
0062
005F
0043
003F
0041
0040
0042
0041
0042
0040
003F
003E
003F
003F
003F
003E
003F
003E
0047
0049
0045
0049
0048
0049
0044
0046
0049
004E
004D
004E
004A
0049
004D
004D
0062
0064
0063
0064
0062
0064
0064
0061
0037
0037
0034
0038
0039
0036
0036
0037
