(128, 1)
0041
0049
0047
0049
0045
0041
0044
0044
0050
004F
0050
0053
0051
0050
004E
004B
0056
0056
0058
0056
0056
0055
0056
0055
0021
0025
0020
0022
0021
0023
0024
0023
0046
004B
0045
0044
0047
0046
004A
0044
004A
004B
004E
004B
0048
0048
004C
004B
0055
0052
0055
0054
0057
0058
0055
0056
002E
0031
002D
002C
002F
002E
0029
002E
0048
0047
0045
0044
0044
0049
004C
0048
005F
0061
005E
0060
0062
0060
0062
005F
0043
0041
0042
003F
0042
003F
0042
0040
0041
003B
0041
003E
003F
003E
003F
003F
0046
0047
0043
004B
0047
0048
0045
0044
0049
0050
004F
004B
004B
0048
004D
004C
0062
0064
0062
0065
0062
0064
0064
0060
0038
0037
0034
0038
003A
0038
0039
0038
