(128, 1)
0046
0044
0043
0044
0048
0046
0045
0046
0051
004E
0052
0050
004F
0050
0051
004E
0057
0054
0055
0054
0057
0054
0056
0056
0022
0024
0023
0023
0023
0023
0024
001F
0046
0049
004A
0049
0047
0047
0048
0047
004E
004B
0049
004D
0045
004B
004A
004D
0056
0056
0058
0057
0056
0057
0057
0056
002C
0031
002D
002F
0031
0030
002D
002E
0049
0048
0049
0047
0048
0048
0048
0046
005F
0061
005F
0061
0060
005E
0061
005F
0042
003E
0040
003F
0042
0042
0041
003F
003D
003F
003D
003F
003E
003F
003F
003D
0046
004A
0047
0047
0046
0049
0042
0048
0049
004C
004A
004F
004A
004B
004E
004E
0062
0064
0064
0062
0063
0063
0064
0062
0038
0038
0034
0035
0038
0035
0035
0034
