(128, 1)
0043
0048
0046
0048
0045
0042
0045
0044
0050
004F
0050
0051
0050
0050
004E
004D
0056
0055
0056
0055
0056
0055
0056
0055
0020
0024
0021
0023
0022
0023
0024
0022
0045
004A
0047
0045
0047
0046
0049
0044
004B
004A
004D
004B
0047
0049
004B
004B
0056
0053
0056
0055
0056
0057
0056
0056
002D
0032
002C
002D
0030
0030
002A
002D
0048
0046
0046
0045
0045
0049
004B
0047
005E
0061
005F
0060
0061
0060
0062
005F
0042
003F
0041
003F
0042
0040
0042
0040
0040
003C
0040
003F
003F
003F
003F
003D
0046
0048
0044
004A
0047
0048
0045
0045
004A
004F
004E
004C
004B
004A
004D
004C
0062
0064
0062
0064
0060
0064
0064
0061
0037
0038
0034
0037
0038
0037
0039
0038
