(128, 1)
2000
1E00
2000
1F00
1B00
1F00
2000
2000
1E00
1F00
2100
1D00
2100
2000
1C00
1E00
1C00
1C00
1B00
1C00
1E00
1D00
1D00
1900
1500
1600
1800
1700
1600
1800
1700
1500
2A00
2C00
2C00
2B00
2B00
2C00
2B00
2B00
1800
1C00
1C00
1C00
1B00
1A00
1B00
1D00
1F00
2100
1E00
2100
1E00
2100
2200
2000
2000
2100
1D00
1E00
1A00
1B00
2100
1D00
2500
2600
2300
2200
2100
2600
2500
2400
2700
2500
2700
2600
2600
2800
2600
2700
1B00
1800
1A00
1800
1800
1900
1800
1A00
1B00
1B00
1800
1900
1C00
1A00
1A00
1A00
1700
1400
1400
1200
1400
1400
1500
1400
1800
1A00
1600
1800
1600
1B00
1900
1600
1700
1600
1900
1800
1700
1600
1700
1800
2200
2200
2000
2000
2100
2000
2400
2200
