(128, 1)
1800
1600
1800
1700
1400
1700
1700
1600
1600
1800
1800
1500
1700
1600
1500
1500
1400
1600
1600
1600
1600
1700
1600
1400
1600
1600
1700
1600
1600
1600
1600
1700
1900
1B00
1900
1B00
1A00
1A00
1900
1900
1400
1600
1600
1700
1600
1400
1500
1400
1600
1600
1500
1600
1500
1700
1600
1600
1800
1900
1800
1800
1600
1600
1A00
1700
1800
1800
1800
1700
1600
1800
1700
1900
1700
1600
1700
1600
1600
1600
1600
1800
1600
1500
1600
1500
1400
1600
1300
1500
1600
1700
1600
1600
1600
1500
1600
1400
1500
1400
1500
1400
1600
1400
1400
1400
1500
1500
1400
1600
1400
1600
1600
1400
1300
1300
1300
1400
1300
1300
1300
1300
1700
1900
1800
1800
1700
1800
1900
1800
