(128, 1)
2000
1D00
2000
1E00
1A00
1F00
2000
2000
1E00
1F00
2100
1E00
2000
1F00
1B00
1E00
1C00
1C00
1C00
1C00
1C00
1E00
1D00
1900
1600
1500
1800
1700
1600
1900
1700
1500
2A00
2C00
2D00
2C00
2A00
2C00
2B00
2C00
1900
1B00
1D00
1C00
1B00
1A00
1A00
1C00
1F00
2100
1E00
2100
1E00
2100
2100
1F00
2000
2100
1D00
1F00
1900
1A00
2100
1D00
2500
2600
2400
2300
2100
2400
2500
2500
2700
2500
2600
2600
2600
2700
2600
2600
1A00
1800
1A00
1800
1800
1900
1700
1900
1B00
1B00
1700
1900
1C00
1B00
1A00
1A00
1700
1500
1400
1200
1400
1500
1600
1400
1900
1A00
1600
1800
1600
1A00
1900
1500
1700
1600
1800
1800
1700
1600
1600
1600
2200
2400
2000
2000
2000
1F00
2400
2300
