(128, 1)
0041
0049
0048
0048
0044
0040
0044
0044
0051
004F
004F
0053
0051
0050
004D
004B
0056
0056
0059
0056
0056
0055
0056
0056
0020
0025
0020
0021
0021
0023
0024
0022
0046
004B
0045
0044
0047
0047
0049
0043
004A
004A
004E
004A
0048
0048
004B
0049
0056
0052
0054
0053
0056
0058
0055
0056
002E
0032
002D
002B
002F
002F
0029
002E
0048
0047
0044
0044
0044
0048
004C
0047
005E
0060
005E
0060
0062
0061
0062
005F
0043
0041
0042
003F
0043
0040
0042
0040
0041
003C
0041
003E
003F
003E
003F
003F
0047
0047
0042
004C
0047
0048
0045
0044
004A
0050
0050
004B
004A
0048
004D
004A
0062
0064
0060
0065
0060
0064
0065
0060
0038
0038
0034
0039
003A
0038
0039
003A
