(128, 1)
0043
0047
0047
0047
0045
0043
0045
0044
0050
004F
0050
0051
0050
0050
004F
004D
0056
0055
0057
0055
0056
0055
0056
0056
0021
0024
0021
0022
0022
0023
0024
0021
0046
004A
0047
0045
0048
0047
0048
0045
004B
004A
004D
004B
0047
0049
004B
004C
0055
0053
0056
0055
0056
0058
0056
0056
002D
0032
002C
002E
0030
0030
002A
002E
0048
0047
0046
0045
0045
0049
004B
0047
005E
0061
005F
0060
0061
005F
0062
005F
0042
0040
0041
003F
0042
0041
0042
0040
003F
003D
0040
003F
003F
003F
003F
003E
0047
0049
0044
004A
0047
0048
0043
0044
004A
004E
004D
004D
004A
0048
004D
004C
0062
0064
0062
0064
0062
0064
0064
0061
0038
0037
0034
0038
0039
0037
0038
0038
