(128, 1)
0041
0049
0048
0048
0044
0041
0043
0044
0050
004F
004F
0053
0051
0050
004E
004C
0056
0056
0057
0056
0056
0055
0056
0056
0021
0024
0020
0022
0021
0023
0024
0022
0046
004B
0045
0045
0048
0047
0049
0044
004A
004A
004D
004A
0048
0048
004C
004A
0055
0053
0055
0053
0056
0058
0056
0056
002E
0032
002D
002D
0030
002F
0029
002E
0048
0047
0045
0045
0044
0049
004C
0047
005F
0061
005E
0060
0062
0060
0062
005F
0043
0041
0042
0040
0043
0040
0042
0040
0041
003C
0041
003E
003F
003D
003F
003E
0047
0048
0044
004C
0048
0048
0045
0044
004A
004F
004F
004C
004A
0048
004D
004B
0062
0064
0062
0065
0061
0064
0065
0060
0038
0038
0034
0039
003A
0038
0039
0039
