(128, 1)
0045
0045
0044
0046
0047
0045
0046
0045
0051
004E
0051
0051
004F
0050
0051
004E
0056
0054
0055
0054
0057
0054
0056
0055
0021
0024
0022
0023
0023
0023
0023
0020
0046
0049
0049
0047
0047
0048
0047
0046
004D
004A
004B
004C
0045
004B
004A
004D
0056
0056
0057
0056
0056
0056
0056
0056
002C
0030
002D
002E
0031
0031
002D
002E
0049
0046
0047
0046
0046
0048
0049
0046
005F
0061
005F
0060
0060
005F
0061
005F
0041
003F
0040
003F
0042
0041
0041
003F
003E
003F
003E
003F
003F
003F
003F
003D
0045
004A
0045
0049
0046
0049
0043
0047
004A
004D
004C
004E
004A
004B
004F
004E
0063
0064
0064
0063
0062
0062
0064
0062
0038
0039
0034
0035
0038
0035
0037
0035
