(128, 1)
0048
0042
0042
0044
0049
0047
0047
0045
0050
004E
0053
004E
004E
0050
0052
0050
0056
0053
0052
0053
0057
0052
0055
0056
0021
0023
0024
0022
0024
0023
0022
001E
0046
0048
004C
0049
0047
0049
0045
0048
004F
004B
0049
004F
0044
004D
0049
004F
0056
0058
005A
0058
0056
0056
0057
0056
002B
0030
002D
0031
0032
0032
002F
002E
0049
0047
004A
0048
004A
0047
0046
0045
005F
0061
0060
0060
005F
005D
0060
005F
0042
003C
003E
003F
0042
0044
0041
003F
003B
0040
003B
0041
003E
0040
003F
003C
0046
004C
0049
0046
0045
0049
0041
0049
004A
004B
0049
0051
004A
004C
004E
0050
0064
0063
0066
0061
0064
0062
0063
0063
0037
0039
0034
0033
0037
0033
0034
0033
