(128, 1)
0046
0046
0044
0046
0047
0044
0046
0045
0051
004E
0051
0050
004F
0050
0051
004F
0056
0053
0055
0054
0057
0054
0056
0055
0021
0024
0023
0023
0023
0023
0023
0021
0045
0049
004A
0047
0047
0048
0048
0046
004E
004A
004B
004C
0046
004B
004A
004D
0056
0055
0057
0056
0055
0056
0056
0057
002C
0030
002D
002E
0031
0032
002E
002E
0049
0046
0047
0046
0047
0048
0049
0046
005F
0061
005F
0060
0060
005E
0061
005F
0041
003F
0040
003F
0042
0041
0042
003F
003D
003E
003E
0040
003F
003F
003F
003D
0045
004A
0045
0049
0046
0049
0043
0047
004A
004D
004C
004E
004A
004C
004E
004E
0063
0064
0064
0063
0062
0063
0063
0062
0037
0039
0034
0036
0038
0035
0037
0035
