(128, 1)
1F00
1D00
1D00
1F00
1C00
1E00
1D00
1D00
1E00
1F00
1F00
1B00
1E00
1E00
1B00
1B00
1900
1C00
1A00
1B00
1C00
1C00
1B00
1900
1500
1700
1700
1800
1700
1700
1700
1700
2700
2800
2600
2900
2700
2700
2600
2600
1900
1B00
1A00
1C00
1C00
1800
1A00
1A00
1D00
1E00
1C00
1E00
1D00
1F00
1D00
1D00
1D00
1F00
1D00
1C00
1C00
1A00
1F00
1C00
2200
2200
2300
1E00
1F00
2100
2100
2200
2000
1D00
1F00
2000
1D00
2000
1E00
2000
1A00
1900
1B00
1900
1800
1900
1700
1800
1B00
1B00
1900
1900
1900
1900
1A00
1800
1600
1300
1600
1200
1600
1400
1500
1500
1800
1800
1700
1900
1600
1900
1800
1700
1600
1600
1800
1700
1600
1500
1600
1600
1F00
2100
2100
2100
1E00
2000
2200
2000
