(128, 1)
0041
0049
0047
0048
0044
0040
0044
0044
0050
004F
004F
0052
0051
004F
004D
004C
0056
0056
0059
0056
0057
0055
0056
0056
0021
0025
0020
0021
0021
0023
0024
0022
0046
004B
0046
0045
0048
0047
004A
0043
004B
004B
004E
004A
0048
0048
004C
004A
0055
0051
0054
0053
0056
0059
0056
0056
002E
0032
002D
002B
002F
002F
0029
002E
0049
0047
0044
0045
0044
0049
004C
0048
005F
0061
005E
0060
0062
0061
0062
005F
0043
0041
0043
0040
0042
0040
0041
003F
0041
003C
0041
003E
003F
003D
003F
003F
0047
0048
0042
004C
0048
0048
0046
0044
004A
0050
0050
004B
004A
0048
004D
004A
0062
0064
0061
0065
0061
0064
0065
0061
0038
0037
0034
0039
003A
0038
0039
003A
