(128, 1)
2000
1D00
1F00
2100
1C00
1F00
1D00
1D00
2000
2200
2100
1D00
2000
2100
1E00
1C00
1900
1C00
1D00
1C00
1F00
1D00
1D00
1B00
1400
1700
1400
1700
1600
1400
1600
1700
2A00
2B00
2A00
2D00
2A00
2900
2900
2900
1900
1B00
1A00
1D00
1D00
1800
1B00
1A00
1F00
2200
1D00
2100
2000
2300
2000
2000
1C00
1F00
1F00
1C00
1E00
1B00
1E00
1C00
2500
2500
2600
2000
2000
2400
2200
2300
2700
2500
2700
2600
2600
2600
2600
2700
1B00
1900
1B00
1A00
1800
1A00
1900
1700
1A00
1B00
1B00
1900
1900
1800
1B00
1800
1500
1300
1500
1100
1700
1400
1300
1400
1700
1800
1600
1900
1500
1900
1900
1700
1700
1600
1800
1500
1700
1600
1700
1800
2200
2300
2400
2500
2000
2200
2300
2200
