(128, 1)
0044
0046
0045
0047
0046
0043
0045
0044
0050
004F
0050
0052
0050
004F
0050
004D
0056
0054
0056
0054
0057
0054
0056
0055
0020
0024
0021
0022
0022
0023
0024
0021
0046
004A
0048
0046
0047
0046
0049
0045
004C
004B
004C
004B
0047
004B
004A
004C
0055
0054
0056
0056
0056
0058
0055
0056
002E
0031
002C
002D
0030
0030
002C
002E
0048
0046
0047
0045
0046
0049
004A
0047
005F
0060
005F
0060
0061
005F
0061
005F
0043
003F
0040
003F
0042
0040
0042
0041
003F
003D
003F
003F
003F
003F
0040
003E
0046
0048
0044
0049
0047
0049
0044
0046
004A
004E
004E
004D
004B
004A
004D
004D
0062
0064
0063
0064
0062
0064
0064
0061
0037
0038
0034
0037
0039
0037
0038
0037
