(128, 1)
2100
1D00
2000
2000
1C00
1E00
1F00
1E00
1F00
2100
2100
1D00
2100
2100
1D00
1E00
1C00
1C00
1B00
1C00
1D00
1D00
1D00
1B00
1500
1700
1600
1800
1600
1500
1600
1700
2B00
2C00
2C00
2D00
2900
2A00
2A00
2B00
1900
1B00
1A00
1C00
1C00
1900
1B00
1B00
1F00
2100
1D00
2100
1F00
2300
2200
2000
1E00
1F00
1E00
1D00
1D00
1A00
1F00
1C00
2500
2600
2400
2100
2200
2400
2300
2400
2600
2600
2600
2600
2600
2700
2600
2700
1B00
1900
1B00
1800
1800
1900
1900
1900
1A00
1B00
1800
1900
1A00
1A00
1A00
1800
1500
1200
1500
1200
1600
1500
1400
1400
1800
1900
1700
1900
1500
1A00
1900
1600
1700
1600
1800
1700
1700
1700
1700
1700
2100
2300
2300
2300
2100
2200
2500
2200
