(128, 1)
0048
0043
0043
0043
0049
0046
0047
0045
0051
004E
0052
004F
004E
004F
0052
004F
0056
0052
0053
0053
0057
0054
0056
0055
0021
0023
0024
0023
0024
0023
0023
001F
0046
0048
004D
0049
0047
0048
0046
0047
004E
004A
0049
004D
0044
004D
0049
004E
0056
0057
0059
0058
0055
0057
0058
0056
002B
0030
002C
002F
0032
0032
002F
002E
0049
0047
004A
0047
0049
0048
0046
0045
005F
0061
0060
0061
005F
005E
0060
005F
0041
003E
0040
003F
0042
0043
0041
003F
003B
0040
003C
0041
003E
0040
0040
003C
0046
004A
0048
0046
0046
0049
0041
0049
004A
004B
004A
0051
0049
004D
004E
004E
0062
0064
0064
0062
0063
0062
0063
0062
0038
0039
0034
0034
0037
0034
0035
0033
