(128, 1)
2100
1D00
1F00
2200
1D00
1F00
1D00
1F00
2000
2200
2100
1D00
2100
2100
1D00
1D00
1A00
1C00
1D00
1C00
1D00
1D00
1C00
1A00
1400
1700
1500
1700
1600
1400
1700
1700
2A00
2B00
2A00
2C00
2900
2A00
2A00
2900
1A00
1D00
1A00
1D00
1C00
1800
1B00
1A00
1F00
1F00
1E00
2100
1F00
2300
2100
2000
1D00
1E00
1E00
1B00
1D00
1B00
1E00
1C00
2500
2300
2500
2000
2000
2400
2300
2400
2600
2600
2600
2600
2600
2600
2600
2700
1B00
1900
1B00
1A00
1800
1B00
1800
1800
1A00
1A00
1A00
1900
1900
1800
1B00
1800
1500
1200
1600
1100
1800
1400
1400
1300
1700
1800
1700
1900
1500
1900
1900
1800
1700
1600
1900
1600
1700
1700
1700
1800
2100
2200
2300
2400
2100
2200
2300
2200
