(128, 1)
2080
2000
2380
2180
2A80
2780
1F80
2480
1E80
1D00
1A80
1980
1E00
1A00
1780
1B80
0880
0B00
0980
0B80
0C80
0D00
0900
0C00
2A00
2900
2800
2480
2780
2680
2A00
2300
1880
1500
1380
1080
1500
1A80
1A00
1900
1100
1300
1400
1700
1680
1700
1080
1900
2180
1A80
1C80
1980
1D80
1900
1D00
1E80
1A00
1900
1B00
2000
1B00
1800
1B80
2100
0C00
0880
0600
0600
0900
0680
0780
0580
3480
3700
3580
3380
3200
3700
3400
3580
0800
0980
0780
0C00
0D00
0780
0B00
0B00
3000
3280
3200
3500
3180
3380
3100
3300
1D80
1600
1400
1B00
1900
1400
1800
1600
0580
0700
0780
0580
0700
0480
0480
0580
1E00
1880
1B00
1780
1E00
1A80
1C80
2100
2980
2780
2D80
3000
2980
2980
2C80
2880
