(128, 1)
0036
0036
0038
0042
003A
003D
002D
0036
0026
0025
001F
0022
0025
0021
001F
002A
0008
0009
000A
0008
000C
000A
0004
000C
003A
0037
0036
0030
0030
0034
0034
002A
0017
0016
0013
0012
0014
0016
001B
0020
0006
0009
000D
000A
000C
000B
0007
000B
0022
0026
001B
0024
0021
001F
0026
001E
0009
000A
000B
000B
0009
000A
0009
000D
000D
0009
0008
0008
0009
0008
0006
0005
0038
0041
0037
0032
002E
003E
0037
003E
0002
0001
0001
0001
0003
0001
0002
0002
004A
0048
0047
004E
004D
004A
0045
0050
0025
0021
001F
0025
0025
001C
0029
0026
0006
0009
0008
0007
0007
0008
0005
0006
0006
0004
0006
0004
0006
0004
0005
0006
000E
000F
0014
0016
0010
0011
0015
0012
