(128, 1)
0035
0035
0035
0040
0043
003B
0030
0039
0027
0027
0020
0023
0028
0021
0021
0028
0008
000A
000A
0008
000C
0009
0005
000B
003F
0030
002F
002F
002D
0036
0038
0031
0016
0013
0013
0013
0014
0015
0018
001B
0007
000A
000C
000C
000A
000C
0009
000B
0024
0021
001E
001E
0023
001F
0023
001F
0009
0009
000B
000D
0009
0008
0009
000C
000C
0009
0007
0008
0009
0008
0007
0005
0038
0040
0033
0033
0030
003D
0039
003B
0001
0002
0001
0002
0002
0001
0002
0002
004A
0046
0048
004E
0050
0049
0043
004D
0027
0021
001F
0022
0022
001A
0026
0025
0007
0009
000A
0006
0008
0006
0007
0008
0006
0005
0006
0004
0007
0004
0005
0005
000D
000F
0013
0015
0011
0012
0014
0016
