(128, 1)
0037
0034
0036
003C
0039
003E
002E
0037
0027
0024
0020
0021
0024
0021
001E
0027
0009
0009
0009
0009
000B
000C
0005
000B
0038
0039
0037
0031
0033
0032
0033
002A
0017
0016
0013
0012
0015
0017
001D
001F
0006
000A
000C
000B
000D
000D
0008
000C
0022
0024
001D
0023
001F
001D
0024
001E
0009
000A
000A
000A
0009
000A
0009
000D
000D
0009
0007
0007
0009
0007
0007
0006
0034
0040
0039
0032
002F
003C
0035
0040
0002
0001
0002
0001
0003
0001
0002
0002
0048
0047
0047
004E
004B
004A
0047
004F
0027
001F
001E
0026
0026
001E
0025
0023
0006
0009
0008
0008
0008
0008
0005
0007
0006
0004
0006
0004
0006
0005
0006
0006
000F
0011
0013
0016
000F
0010
0014
0011
