(128, 1)
0009
0007
0008
0009
0008
0008
0006
000B
001F
002B
001D
0021
0029
0022
0020
0025
0006
0006
0007
0009
0009
0009
0004
000A
0006
0007
000A
0008
0007
0005
0006
0005
001E
0018
0018
0014
0018
001B
001E
001E
000A
000A
0013
000C
0015
000F
000D
0010
0010
0011
000B
0013
0012
0012
0014
0011
000C
000F
0014
0019
000F
000F
000E
0012
000C
000A
0009
0008
0009
0009
0006
0006
003D
003D
003D
003F
0033
0041
003F
003D
0008
0006
0005
0008
000D
0005
0009
0007
002B
002D
002C
0031
002A
0032
002B
0035
0018
0014
0014
0017
0017
0010
0017
0018
0002
0003
0004
0003
0003
0003
0003
0002
0012
0010
001C
0018
0014
0011
0015
0018
001F
0018
0022
0026
0019
001C
0021
001B
