(128, 1)
0009
0008
0009
0008
0009
0007
0007
000A
0024
0029
0020
0021
0027
0023
0021
001F
0007
0008
0007
0009
0009
000A
0005
000A
0007
0007
0007
0006
0007
0005
0007
0004
001B
0018
0017
0014
0017
0019
001C
001F
000B
000C
0010
000D
0012
0011
000C
0014
0011
0010
000C
0014
0011
0010
0012
0011
000B
000C
000F
0015
000E
000F
000C
0011
000C
000A
0007
0008
000B
0007
0007
0006
0039
003E
0040
0038
0036
0039
0042
003E
0006
0007
0006
0009
000C
0005
000A
0009
002B
002D
002F
002B
0030
002F
002B
0032
0017
0015
0010
0019
0015
0010
0019
0014
0003
0004
0005
0004
0004
0002
0003
0004
0015
0013
0018
0017
0016
0017
0017
001D
0022
001B
001C
0024
001A
001D
0023
001B
