(128, 1)
1F00
2000
2480
2180
2D00
2780
2000
2680
1E00
1D00
1B00
1980
1E80
1900
1800
1A80
0880
0C00
0980
0C80
0C00
0D80
0A00
0B00
2C00
2680
2680
2280
2780
2900
2B80
2680
1880
1600
1380
1000
1500
1A80
1900
1880
1200
1400
1400
1700
1580
1800
1000
1A00
2300
1800
1E00
1980
1C80
1700
1C80
1F00
1A80
1980
1A00
1F80
1A80
1700
1B80
2100
0B00
0880
0580
0700
0880
0680
0780
0580
3480
3700
3580
3480
3280
3700
3400
3580
0700
0980
0800
0C80
0C00
0700
0D00
0C00
2F80
3300
3280
3580
3280
3400
3180
3200
1E80
1600
1400
1A00
1880
1300
1700
1600
0600
0700
0900
0580
0800
0400
0480
0580
1F00
1800
1A00
1680
1D00
1C80
1C80
2180
2900
2800
2B00
2F00
2B00
2880
2C00
2680
