(128, 1)
006F
0071
0070
006F
006F
0073
0070
006C
0035
0021
002F
002B
0027
0029
0029
002E
0055
0056
0056
0049
0054
0053
004E
004E
0075
0074
006E
0071
0073
0076
0074
0074
002B
0031
0031
0034
0033
0032
0034
003C
004D
0052
0043
0055
004B
0059
0049
0051
005B
005F
005E
0057
0057
0056
0056
005A
005F
005C
0056
0053
005B
005F
005B
005D
0035
0030
0039
002F
003B
002F
0038
002C
0035
0037
0037
002D
0039
0033
0030
0035
0049
004C
0049
0046
0044
0047
0041
004B
0046
0045
0047
0041
0048
0042
0043
003E
0046
0051
0045
0047
0047
004F
004D
0040
0057
0056
0050
0050
0056
0058
0048
0058
0056
004E
0046
0049
0053
004F
004E
0049
0050
0056
0052
004C
0053
0052
0052
0055
