(128, 1)
0035
0035
0034
0043
0041
003C
002F
0037
0026
0027
0020
0023
0028
0022
0021
0029
0008
0009
000A
0008
000C
0009
0004
000B
003C
0032
0031
002F
002C
0036
0037
0030
0016
0013
0014
0014
0013
0015
0019
001D
0007
0009
000D
000C
000A
000C
0009
000B
0024
0023
001C
001F
0023
001F
0026
001E
0009
0009
000B
000D
000A
0008
000A
000C
000C
0009
0007
0008
0009
0008
0007
0005
0038
0040
0033
0034
002E
003F
003A
003A
0002
0001
0001
0002
0003
0001
0002
0002
004B
0047
0049
004D
0050
0049
0043
004E
0026
0021
0022
0022
0022
001B
0027
0026
0006
0008
0009
0006
0008
0007
0006
0008
0005
0005
0006
0004
0007
0003
0005
0005
000D
000E
0013
0015
0011
0012
0015
0015
