(128, 1)
0034
0037
003E
003D
0051
0045
0039
0042
0018
0012
0017
0012
0014
0012
0011
0013
000A
0010
000B
0010
000F
0011
000E
000C
0051
0046
0045
0040
0046
004F
0050
0048
0015
0012
0011
000C
0012
001C
0016
0012
001A
001C
0018
0021
0018
001E
0015
0021
0033
0020
0030
001E
0028
001D
0028
002C
002A
0025
0026
0029
0026
001F
002A
0031
000A
0008
0004
0004
0006
0006
0008
0006
002E
0032
002B
002F
0030
0035
0026
002E
0008
000B
0009
0010
000C
0009
0010
000F
0033
0039
0034
003F
0036
0038
0039
0032
0027
0017
0018
001A
001D
0016
0015
0018
0009
000A
000C
0007
000C
0006
0007
0009
0029
001F
001B
0015
0026
0023
0022
0028
0030
0036
0039
003B
003D
0033
0034
0035
