(128, 1)
0037
0036
0037
003C
0038
003E
002E
0036
0027
0023
0020
0022
0024
0022
001D
0028
0009
0009
000A
0009
000C
000B
0005
000C
0037
003C
0039
0030
0034
0031
0032
002A
0017
0017
0013
0011
0015
0017
001E
0020
0006
000A
000C
000A
000D
000C
0007
000C
0020
0026
001D
0024
001F
001D
0025
001D
0009
000A
000B
000A
0009
000B
000A
000E
000D
0008
0009
0007
000A
0008
0007
0006
0035
003F
003B
0033
002D
003C
0036
0041
0002
0001
0002
0001
0003
0001
0002
0002
0047
0047
0046
004D
0049
0049
0047
0050
0025
001E
001E
0025
0027
001D
0026
0022
0006
0009
0008
0008
0008
0008
0005
0006
0006
0004
0006
0004
0006
0005
0006
0007
0010
0011
0014
0016
000F
000F
0014
0011
