(128, 1)
2000
1F00
2380
1E80
2D80
2780
2180
2680
1E80
1D80
1A80
1980
1E80
1A00
1780
1880
0800
0B80
0900
0C80
0B80
0D80
0B80
0B00
2C00
2680
2780
2300
2900
2880
2C80
2580
1980
1580
1380
1080
1400
1B00
1A00
1780
1380
1500
1380
1880
1400
1700
1000
1B00
2380
1680
1E80
1800
1D00
1600
1C80
2100
1A80
1880
1780
1D80
1A80
1780
1A80
2100
0B80
0880
0580
0600
0880
0680
0780
0580
3400
3600
3500
3480
3280
3680
3380
3680
0700
0A00
0800
0D00
0C00
0800
0B80
0C00
2F80
3300
3280
3600
3200
3300
3080
3280
1F00
1500
1380
1A80
1880
1400
1500
1400
0580
0680
0900
0580
0800
0400
0500
0680
1E80
1980
1A00
1600
1E80
1D80
1C00
2380
2880
2780
2A80
2E80
2B80
2900
2C00
2700
