(128, 1)
2180
1F80
2200
2380
2900
2780
1E80
2500
1C80
1D80
1980
1A00
1E00
1980
1780
1B00
0880
0A80
0980
0C00
0C80
0D80
0880
0C00
2880
2B00
2980
2580
2680
2600
2880
2100
1880
1500
1400
1100
1500
1900
1A00
1A00
1080
1280
1500
1580
1800
1700
1100
1880
2100
1C00
1B00
1B80
1E00
1A80
1E80
1E80
1900
1A80
1B80
2180
1B00
1A00
1B80
2280
0B80
0880
0680
0680
0880
0700
0700
0580
3500
3700
3580
3300
3100
3780
3400
3600
0800
0900
0780
0B80
0D80
0700
0A80
0A80
3080
3300
3180
3480
3180
3400
3080
3380
1C80
1680
1500
1B80
1A00
1480
1880
1700
0500
0600
0800
0580
0680
0500
0400
0500
1D80
1780
1C00
1980
1E80
1A00
1D80
1F80
2A80
2780
2E00
3080
2880
2A00
2D80
2900
