(128, 1)
0030
0032
0037
0033
004C
003D
0035
003E
002A
0027
0024
0021
0029
0022
001F
0022
0007
000B
0008
000A
000B
000A
0007
000A
0042
002E
0033
002D
0030
0036
003D
0036
0018
0015
0011
0013
0013
0018
0019
0017
000A
000D
000A
000D
0008
000A
000A
000D
0029
0019
0025
0019
0021
001A
001E
0023
000A
0009
0008
000A
0009
0008
0008
000B
000D
0008
0006
0007
0008
0006
0008
0006
0034
003D
0032
0033
0031
003B
0035
003C
0001
0002
0001
0002
0002
0001
0002
0003
0049
0045
004A
0050
0050
0048
0045
004A
0028
001D
0019
0024
0020
0019
001F
001E
0009
000B
000D
0007
000C
0006
0007
0009
0005
0007
0005
0003
0007
0004
0005
0007
000B
0010
0010
0015
0011
0014
0013
0018
