(128, 1)
1E80
1F80
2480
2000
2E80
2780
2100
2700
1E80
1D80
1B80
1980
1E00
1A00
1780
1A00
0800
0C00
0980
0D00
0C00
0D80
0A80
0B80
2C80
2600
2680
2300
2780
2900
2C00
2780
1800
1500
1380
1080
1500
1B00
1980
1800
1300
1480
1300
1800
1480
1800
1080
1A80
2380
1600
1E80
1800
1D00
1600
1C80
2000
1A00
1800
1900
1E00
1A80
1780
1B00
2100
0B00
0880
0600
0680
0880
0680
0780
0600
3480
3680
3600
3400
3280
3700
3400
3680
0700
0980
0780
0C00
0C80
0780
0D00
0C00
2F00
3280
3200
3600
3280
3300
3100
3200
1F80
1600
1280
1A00
1880
1380
1600
1500
0600
0780
0900
0580
0880
0400
0500
0600
1F00
1900
1900
1600
1D80
1D00
1C00
2200
2900
2780
2B00
2F00
2B80
2800
2B80
2680
