(128, 1)
000B
0008
0009
0008
0009
0008
0007
000A
0023
0029
001E
0021
0029
0022
0022
0022
0007
0007
0008
000A
000B
0009
0004
000A
0007
0007
0007
0006
0006
0005
0007
0004
0019
0017
0018
0016
0017
0018
001C
0020
000B
000B
0010
000D
0013
0012
000C
0013
0010
0011
000B
0014
0011
0011
0012
0011
000B
000C
0011
0016
000F
0010
000D
0011
000C
0009
0009
0008
000C
0008
0007
0005
003B
003B
0040
0039
0035
0039
0041
003E
0007
0006
0005
0009
000C
0005
000A
0008
002B
002C
0030
002C
0030
0030
002A
0032
0017
0016
0012
0017
0015
0011
0019
0015
0003
0004
0004
0003
0003
0003
0003
0004
0015
0011
0019
0019
0014
0015
0017
001B
0023
001C
001D
0023
001A
001D
0024
001B
