(128, 1)
006F
0070
006F
006F
006F
0072
0070
006C
0035
0020
0030
002C
0027
0028
002A
002E
0054
0055
0056
0047
0054
0053
004E
004D
0075
0074
006E
0070
0072
0076
0074
0073
002B
0031
0032
0033
0034
0032
0034
003C
004D
0052
0043
0054
004B
0058
0049
0052
005B
005E
005F
0057
0058
0058
0056
0059
005F
005B
0056
0052
005B
005F
005E
005C
0035
002F
0037
002F
003A
002F
0039
002C
0036
0038
0037
002E
0039
0033
0030
0035
0049
004A
0048
0045
0045
0047
0042
004B
0046
0045
0046
0041
0049
0041
0044
003E
0046
004F
0046
0047
0047
0050
004C
0041
0058
0056
0050
0051
0056
0059
0047
0057
0056
004E
0045
0048
0054
004F
0050
004A
0051
0057
0051
004D
0052
0053
0053
0056
