(128, 1)
2080
1F80
2380
1F00
2B80
2800
1F80
2500
1D80
1D00
1A00
1A00
1E80
1A00
1680
1900
0800
0B00
0880
0B80
0B80
0D80
0A80
0B00
2A00
2880
2980
2380
2800
2700
2B00
2300
1A00
1680
1380
1080
1400
1A80
1A80
1800
1280
1480
1400
1800
1600
1680
1000
1980
2280
1900
1D00
1880
1D00
1880
1D00
1F80
1A00
1980
1880
1E00
1A00
1880
1A80
1F80
0C80
0880
0580
0600
0800
0680
0800
0580
3400
3600
3500
3480
3180
3680
3380
3580
0780
0B00
0880
0C00
0C80
0800
0B00
0B80
2F00
3380
3280
3500
3100
3300
3080
3280
1D00
1480
1300
1C00
1880
1480
1600
1500
0580
0600
0800
0680
0780
0480
0400
0600
1D80
1980
1A00
1600
1F00
1C00
1C80
2200
2900
2700
2C80
2E80
2880
2A00
2C00
2700
