(128, 1)
0070
0073
0071
006E
0070
0073
0071
006E
0034
0021
002C
002C
0027
0029
0029
002C
0055
0057
0057
0050
0056
0055
004E
0050
0075
0073
006E
0071
0073
0075
0076
0074
002C
0030
002D
0038
0032
0034
0032
003D
0050
0054
0043
0056
0048
005B
0048
0052
005B
005E
0059
0056
0055
0055
0053
005C
005E
005D
0056
0055
005B
005F
0059
005B
0039
0031
003D
0030
003D
002D
0038
0029
0036
0034
0039
002F
0036
0032
002E
0035
0044
004D
004B
0048
0045
0048
0040
004B
0047
0044
0048
0041
0049
0046
0040
003E
0043
0051
0044
0044
004A
004E
004E
003E
0057
0057
0052
0051
0056
0056
0049
005B
0056
0050
0049
004A
0051
0050
0048
0047
0052
0055
0054
004B
0053
0052
0055
0053
