(128, 1)
006F
0071
006F
006F
006F
0072
0070
006B
0035
0020
0030
002D
0027
0029
002A
002E
0054
0055
0056
0049
0054
0053
004E
004E
0075
0074
006E
0070
0072
0076
0074
0073
002A
0031
0031
0034
0034
0032
0034
003C
004D
0053
0043
0055
004B
0059
0049
0052
005B
005E
005F
0057
0057
0057
0056
0059
005F
005B
0056
0053
005B
005F
005B
005C
0035
002F
0039
002E
003B
002F
0038
002C
0036
0038
0037
002D
0039
0033
0030
0035
0049
004B
0048
0045
0045
0047
0041
004B
0046
0044
0046
0040
0048
0042
0044
003E
0046
0051
0046
0047
0047
0050
004D
0040
0058
0056
004F
0050
0056
0058
0047
0057
0056
004E
0045
0048
0054
004F
0050
004A
0050
0057
0051
004D
0052
0052
0053
0055
