(128, 1)
0035
0035
0037
0043
0041
003C
002F
0036
0028
0026
0020
0022
0026
0021
0020
0029
0008
0009
000B
0009
000D
000A
0005
000B
003C
0033
0033
0030
002D
0037
0037
002D
0016
0013
0014
0013
0015
0016
001A
001D
0007
000A
000D
000B
000B
000C
0009
000B
0023
0023
001C
0020
0023
001E
0025
001F
0009
0009
000B
000C
000A
0008
000A
000D
000C
0009
0007
0007
0009
0008
0007
0005
0039
003F
0034
0033
002F
003D
0039
003D
0001
0001
0001
0002
0003
0001
0002
0002
004B
0046
0048
004F
004E
0049
0044
004E
0026
0021
001F
0023
0023
001A
0027
0025
0006
0009
0009
0006
0008
0007
0006
0008
0006
0004
0006
0004
0007
0004
0006
0005
000E
000F
0013
0015
0011
0012
0015
0014
