(128, 1)
006E
006F
006E
0070
006F
0071
0070
006A
0034
0021
0031
002B
0028
0029
0029
0030
0052
0052
0053
0047
0051
0050
004E
004B
0074
0074
0070
0071
0073
0077
0073
0074
002D
0030
0035
0030
0034
0033
0036
0039
004B
0054
0045
0054
004E
0053
004B
0051
005D
005E
0060
0056
0058
0058
0058
0056
005F
005F
0058
0051
005C
005D
005F
005E
0035
0031
0036
002E
0035
0031
0038
002F
0037
0039
0035
002D
003A
0036
0032
0035
004D
0049
0047
0044
0043
0045
0045
004B
0047
0045
0043
0043
0047
0043
0046
003D
0048
004D
0047
0047
0047
004F
004A
0044
0058
0052
004E
0050
0056
0059
0047
0055
0055
004C
0045
0049
0054
004C
0052
0047
004E
0057
0052
004E
0052
0054
0050
0056
