(128, 1)
2080
2000
2380
2180
2A80
2880
2000
2500
1E00
1C80
1A00
1980
1E00
1A00
1780
1B00
0880
0B00
0900
0C00
0C80
0D80
0980
0B80
2A00
2900
2900
2380
2780
2700
2A00
2300
1880
1600
1380
1080
1500
1A00
1A00
1980
1100
1400
1400
1780
1680
1780
1000
1900
2200
1A00
1D80
1A00
1E00
1900
1D80
1F80
1A00
1A00
1A00
2000
1A80
1900
1A80
2080
0C00
0900
0600
0680
0800
0680
0700
0580
3500
3700
3580
3400
3180
3700
3380
3600
0780
0900
0780
0B80
0C80
0780
0B80
0B80
3000
3280
3200
3500
3180
3380
3100
3300
1E00
1600
1400
1B80
1980
1400
1780
1600
0500
0600
0800
0600
0780
0480
0500
0580
1E00
1900
1B00
1700
1E80
1B80
1D00
2180
2980
2780
2D00
2F80
2880
2A00
2C00
2800
