(128, 1)
0036
0036
0037
0038
0038
003D
002E
0036
0027
0024
001F
0021
0023
0022
001E
0027
0009
0009
000A
0009
000C
000B
0006
000C
0037
003D
003B
0031
0034
0030
0033
0029
0016
0017
0014
0010
0015
0018
001F
0020
0007
0009
000C
000B
000E
000C
0007
000D
0022
0025
001E
0025
001E
001D
0024
001D
0009
000A
000A
0009
000A
000C
0009
000E
000D
0008
0008
0007
000A
0007
0007
0006
0034
003D
003D
0032
002E
003B
0034
0042
0002
0001
0002
0001
0003
0001
0002
0002
0048
0046
0046
004E
0047
004B
0048
004F
0026
001D
001D
0025
0028
001D
0025
0021
0006
0009
0009
0007
0009
0008
0005
0006
0007
0004
0006
0004
0006
0005
0006
0008
0010
0011
0013
0015
0010
000F
0014
0010
