(128, 1)
006F
0072
0070
006F
0070
0073
0070
006E
0032
0023
002C
002C
0028
0028
002A
002F
0052
0055
0054
0050
0053
0052
004E
004F
0074
0073
0070
0072
0074
0076
0075
0075
002D
0031
002F
0036
0034
0037
0032
003A
004F
0054
0047
0054
004A
0058
004A
0050
005B
005D
005B
0055
0056
0056
0056
005C
005F
0060
0059
0057
005B
005C
005B
005C
0037
0033
003A
002E
0039
0030
0037
002B
0037
0035
0037
0033
0037
0036
002D
0034
0047
004B
0049
0049
0045
0046
0044
0049
0047
0045
0045
0044
0046
0046
0042
0040
0045
004D
0049
0042
004B
004D
004A
0042
0056
0055
0050
0051
0056
0056
004B
0057
0055
004E
004A
0048
0050
004C
0048
0043
0050
0053
0056
004D
0054
0051
0052
0053
