(128, 1)
2000
2000
2480
2080
2D00
2780
2100
2680
1E00
1D00
1A80
1980
1E00
1980
1680
1980
0880
0C00
0900
0C00
0B80
0D80
0B00
0B80
2C00
2680
2680
2300
2780
2900
2B80
2580
1900
1700
1300
1080
1480
1B00
1980
1880
1200
1480
1300
1880
1500
1600
1100
1A00
2380
1800
1F00
1880
1C80
1700
1C00
2000
1A80
1900
1980
1E80
1A00
1700
1A80
2180
0C00
0880
0580
0600
0880
0680
0780
0580
3480
3600
3480
3480
3180
3680
3300
3600
0780
0A00
0780
0C80
0C80
0800
0C00
0C00
2F00
3300
3280
3580
3100
3300
3180
3200
1E80
1580
1380
1B80
1780
1380
1680
1480
0600
0700
0900
0600
0800
0480
0480
0600
1E00
1980
1A00
1700
1E00
1C80
1C00
2280
2980
2800
2B00
2E00
2A00
2980
2C00
2780
