(128, 1)
0036
0038
003E
0038
0050
0048
0039
0043
0017
0012
0015
0012
0015
0011
0010
0015
000A
0010
000B
0010
000E
0011
000F
000D
0051
0046
0048
0040
004A
004D
0050
0047
0017
0014
000F
000D
0012
001C
0016
0012
001A
001D
0018
0022
0018
001E
0015
0020
0035
0020
002F
001D
0029
001D
0027
002F
002A
0025
0021
0029
0026
0020
0028
0031
000B
0008
0004
0004
0006
0005
0008
0006
002F
0030
002B
0031
002E
0035
0024
002E
0008
000D
000A
0010
000D
000A
000E
000E
0034
003A
0035
0040
0034
0039
0038
0033
0026
0016
0017
001C
001E
0017
0016
0016
0008
0009
000D
0008
000C
0006
0007
0008
0027
0020
001D
0016
0026
0022
0021
0026
0030
0034
0039
003A
003C
0034
0035
0033
