(128, 1)
0033
0033
0035
003D
0047
003B
0032
003A
0027
0027
0022
0022
0028
0022
0021
0025
0008
000A
000A
0008
000C
0009
0006
000A
0040
002E
0030
002E
002B
0037
003C
0033
0016
0013
0013
0014
0013
0016
0019
0019
0009
000B
000C
000D
0008
000B
000A
000C
0027
001E
0020
001B
0023
001C
0021
0020
0009
0009
000A
000C
000A
0008
0009
000C
000C
0008
0007
0007
0009
0007
0008
0006
0036
003F
0033
0033
0031
003D
0039
003B
0001
0002
0001
0002
0002
0001
0002
0003
004A
0045
0049
0050
0050
004A
0044
004C
0028
0020
001E
0023
0022
001A
0025
0021
0008
0009
000B
0006
0009
0006
0007
0008
0005
0006
0005
0004
0007
0004
0005
0006
000C
000F
0011
0014
0011
0014
0014
0018
