(128, 1)
006D
006F
006E
0071
006F
0072
006F
006B
0032
0022
0030
002C
0029
0028
002A
0031
0050
0051
0051
0047
0050
004E
004E
004B
0074
0074
0071
0072
0073
0077
0073
0075
002E
0032
0035
0030
0035
0036
0036
0038
004C
0052
0048
0053
004E
0052
004D
004F
005C
005D
0060
0055
0059
0057
0058
0058
0061
0060
005A
0053
005B
005B
005F
005F
0034
0033
0035
002B
0035
0032
0036
002F
0038
0038
0034
0031
0038
0037
0030
0035
004C
0048
0044
0046
0045
0043
0047
0049
0046
0045
0042
0045
0046
0043
0046
0040
0049
004B
004A
0044
0049
004E
0048
0046
0056
0051
004E
004F
0056
0058
0049
0054
0055
004A
0046
0046
0052
004A
0050
0046
004E
0056
0054
004F
0054
0052
0050
0056
