(128, 1)
2000
2000
2300
2200
2B80
2680
2080
2500
1D00
1D00
1A80
1A00
1E00
1A00
1800
1A00
0900
0B80
0A00
0C80
0C80
0D80
0A00
0C00
2C00
2800
2700
2400
2680
2900
2B80
2500
1800
1500
1400
1100
1480
1A00
1980
1900
1180
1380
1400
1680
1600
1700
1180
1980
2200
1900
1D00
1980
1D80
1800
1D00
1F00
1A00
1A00
1B80
1F00
1A80
1800
1C00
2300
0B80
0800
0580
0680
0900
0700
0700
0500
3480
3700
3600
3380
3180
3700
3400
3600
0780
0900
0780
0C80
0C80
0780
0C00
0B80
2F80
3300
3200
3580
3180
3380
3100
3280
1E80
1680
1400
1A80
1880
1400
1780
1500
0580
0680
0800
0580
0700
0480
0480
0580
1E80
1800
1B00
1880
1E00
1C00
1D00
2180
2A80
2800
2C00
2F00
2980
2980
2C80
2800
