(128, 1)
2280
2080
2300
2400
2680
2780
1D80
2300
1C80
1D80
1880
1A00
1E80
1980
1800
1C80
0880
0A80
0900
0B00
0C80
0D80
0800
0C80
2800
2C00
2A80
2500
2780
2400
2800
1F80
1880
1600
1380
1100
1400
1980
1A80
1A80
0F80
1280
1400
1480
1880
1600
1080
1780
2080
1E00
1A00
1C00
1F00
1C00
1E80
1F00
1980
1B80
1C80
2180
1A80
1B00
1B00
2080
0C00
0880
0680
0600
0880
0700
0700
0580
3580
3700
3500
3300
3080
3700
3400
3580
0880
0980
0780
0B00
0D80
0780
0A80
0A80
3100
3300
3280
3480
3080
3400
3080
3380
1C00
1800
1580
1C80
1980
1580
1A80
1780
0480
0680
0700
0600
0600
0500
0400
0500
1D00
1800
1D00
1980
1E80
1880
1D80
1F00
2A00
2700
2F80
3080
2700
2A80
2D80
2A00
