(128, 1)
0037
0036
0036
003A
003C
003E
002E
0037
0026
0024
0020
0020
0025
0022
001F
0027
0008
0009
0009
0009
000C
000B
0006
000B
003A
0038
0037
002E
0033
0031
0034
002B
0017
0016
0012
0011
0014
0017
001D
001E
0006
000A
000C
000B
000D
000C
0008
000C
0023
0024
001E
0022
0021
001F
0024
001F
0009
0009
000A
000A
0009
000A
0009
000D
000E
0008
0007
0007
0009
0007
0007
0005
0035
0040
0038
0032
002F
003D
0035
003F
0001
0001
0002
0001
0003
0001
0002
0002
004A
0046
0047
004E
004B
0049
0045
004E
0027
001F
001D
0026
0025
001D
0026
0022
0006
0009
0009
0008
0008
0008
0005
0007
0006
0004
0006
0004
0007
0005
0005
0006
000E
0010
0013
0016
0010
0012
0014
0013
