(128, 1)
0034
0033
0038
0041
0043
003B
0030
003A
0027
0026
0021
0023
0028
0022
0020
0028
0008
000A
000A
0008
000C
0009
0004
000A
003F
0030
0032
002F
002D
0036
0039
0030
0016
0013
0013
0013
0013
0015
0019
001B
0007
000A
000C
000C
000A
000B
0009
000C
0025
0021
001E
001D
0024
001E
0025
0020
0009
000A
000B
000C
0009
0008
0009
000C
000D
0009
0007
0007
0009
0007
0007
0004
0038
003F
0034
0033
002F
003D
0038
003B
0001
0001
0001
0002
0003
0001
0002
0002
004B
0047
0048
004F
0050
0049
0043
004E
0027
0021
001E
0023
0023
001A
0026
0024
0007
0009
000A
0007
0009
0006
0006
0007
0006
0005
0005
0004
0007
0004
0005
0005
000C
000E
0013
0015
0011
0013
0014
0016
