(128, 1)
2300
1F80
2400
2380
2680
2800
1D00
2380
1C80
1D80
1900
1980
1F00
1A00
1700
1C00
0880
0A80
0900
0B00
0D00
0D00
0880
0C80
2800
2C00
2B00
2500
2800
2500
2700
1E80
1900
1700
1400
1000
1480
1980
1B00
1B00
0F00
1280
1380
1480
1880
1680
1080
1700
2080
1D80
1980
1C80
1E80
1C00
1E80
1F80
1980
1D00
1B80
2200
1B00
1C00
1A80
2100
0C80
0880
0700
0600
0900
0680
0680
0580
3500
3680
3500
3300
3080
3780
3400
3500
0900
0900
0700
0A80
0E00
0700
0A00
0A80
3080
3380
3200
3400
3100
3400
3080
3380
1D00
1800
1500
1D00
1A80
1580
1A00
1780
0400
0680
0700
0600
0600
0580
0380
0500
1C80
1700
1E00
1A00
1E00
1800
1D00
1F00
2A80
2580
2F80
3180
2500
2A80
2D80
2A00
