(128, 1)
006E
0070
006E
0070
006F
0071
0070
006A
0034
0021
0030
002C
0027
0029
0029
002F
0052
0053
0054
0048
0052
0051
004E
004C
0074
0074
006F
0071
0072
0076
0074
0074
002B
0031
0035
0031
0035
0033
0035
003A
004B
0054
0045
0054
004D
0055
004B
0051
005C
005E
0060
0056
0059
0058
0058
0058
005F
005E
0058
0052
005B
005D
005E
005D
0035
0030
0037
002D
0038
0031
0038
002D
0036
0038
0035
002D
003A
0034
0032
0035
004B
0049
0046
0045
0044
0045
0044
004B
0046
0045
0045
0042
0047
0042
0045
003E
0047
004E
0047
0048
0047
0050
004B
0043
0057
0054
004F
0051
0055
0059
0047
0056
0056
004C
0045
0047
0054
004D
0052
0048
0050
0057
0052
004E
0053
0053
0051
0056
