(128, 1)
0036
0037
0037
0047
003C
003C
002C
0036
0025
0026
001E
0023
0028
0022
0020
002C
0008
0009
000A
0008
000D
0009
0004
000C
003C
0033
0033
002E
002B
0035
0035
002C
0015
0013
0015
0014
0013
0014
0019
001D
0006
0009
000E
000B
000B
000C
0009
000A
0023
0025
0019
0021
0025
0022
0027
001E
0009
000A
000C
000E
0009
0009
000A
000C
000C
000A
0008
0008
0009
0008
0006
0005
003A
0041
0033
0032
002E
0041
003B
0039
0002
0001
0001
0002
0003
0001
0002
0002
004C
0047
004A
004E
004F
0048
0041
004F
0026
0023
0021
0025
0024
001B
002B
0028
0006
0009
0009
0006
0008
0007
0006
0006
0005
0004
0006
0004
0007
0003
0006
0004
000C
000E
0015
0016
0011
0012
0015
0014
