(128, 1)
2500
2180
2200
2A00
2380
2680
1A80
2180
1B80
1D80
1700
1A00
1E80
1980
1980
1E00
0980
0980
0B00
0C00
0E00
0D00
0600
0D00
2700
2E00
2A00
2680
2500
2580
2400
1D00
1680
1400
1580
1180
1500
1780
1A00
1D00
0D00
1000
1500
1100
1C80
1780
1080
1580
1C00
2200
1600
1E80
1F00
1F80
2100
1D00
1880
1D80
2180
2580
1C00
1D00
1D80
2380
0B00
0880
0800
0680
0900
0780
0600
0500
3580
3780
3580
3180
3000
3700
3500
3500
0A00
0780
0680
0980
0F00
0600
0A80
0900
3100
3280
3100
3400
3180
3500
3080
3480
1C00
1B80
1780
1B80
1B00
1580
1E00
1B00
0380
0600
0600
0500
0480
0600
0380
0480
1C80
1400
2000
1D80
1D00
1580
1E80
1C00
2B80
2780
3080
3280
2480
2980
2E80
2B00
