(128, 1)
2480
2280
2200
2B00
2200
2580
1A80
2200
1B80
1D80
1680
1A00
1E80
1A00
1900
1F80
0A00
0A00
0B80
0B80
0E00
0C80
0600
0D80
2700
2D80
2900
2680
2400
2680
2380
1D00
1580
1480
1600
1180
1500
1700
1A00
1D00
0C00
0F80
1600
1100
1C80
1700
1180
1580
1B00
2280
1680
1E80
1E80
2000
2180
1D00
1880
1E80
2280
2500
1C00
1C00
1D80
2480
0B00
0880
0880
0680
0980
0700
0600
0500
3580
3800
3600
3100
2F80
3780
3480
3500
0A80
0780
0600
0980
0F80
0580
0B00
0880
3080
3200
3080
3400
3200
3580
3080
3400
1C00
1B80
1800
1B00
1B80
1580
1E00
1C00
0380
0600
0580
0480
0480
0580
0380
0480
1C00
1400
2000
1D80
1C80
1500
1F00
1A80
2B80
2800
3100
3280
2400
2900
2E80
2B80
