(128, 1)
006D
006F
006E
0071
006F
0071
006F
006A
0033
0023
0030
002B
0029
0028
002B
0032
0050
0050
0051
0046
004F
004E
004E
004A
0074
0074
0071
0071
0073
0077
0073
0075
002E
0031
0037
002F
0034
0035
0037
0037
004B
0052
0048
0053
004E
0051
004D
004E
005D
005D
0061
0054
0059
0058
0059
0056
0061
0061
005A
0052
005B
005B
005F
005F
0033
0034
0034
002C
0033
0033
0037
002F
0038
0039
0034
0030
0038
0038
0031
0035
004D
0047
0044
0045
0045
0043
0047
004A
0046
0045
0042
0045
0046
0043
0046
003E
0049
004B
0049
0046
0047
004D
0049
0047
0056
0050
004E
0050
0056
0059
0048
0053
0054
004A
0046
0046
0054
004A
0051
0046
004D
0056
0053
004F
0053
0053
004F
0056
