(128, 1)
000A
0008
0009
0008
000A
0007
0007
000A
0024
0029
0020
0021
0028
0023
0020
0020
0007
0008
0008
000A
000A
000A
0005
000A
0007
0007
0007
0006
0007
0005
0007
0004
001A
0017
0018
0015
0017
0019
001C
001F
000C
000B
0010
000E
0012
0012
000C
0013
0011
0010
000C
0013
0011
0011
0013
0011
000B
000C
0010
0015
000F
0010
000D
0012
000C
0009
0008
0008
000B
0007
0007
0005
003A
003E
0040
0038
0037
0037
0041
003E
0007
0006
0005
0009
000C
0006
000A
0009
002A
002C
0030
002B
002F
0030
002A
0032
0017
0016
0010
0018
0015
0010
0018
0014
0003
0004
0005
0003
0004
0002
0003
0003
0015
0012
0019
0017
0015
0017
0017
001D
0022
001C
001D
0024
001A
001E
0023
001B
