(128, 1)
2100
2080
2380
2800
2900
2580
1D80
2480
1C80
1D80
1980
1A80
1E80
1980
1900
1C80
0980
0B00
0B80
0C80
0D80
0C80
0700
0C00
2A80
2880
2700
2500
2580
2980
2880
2300
1600
1400
1600
1100
1480
1800
1900
1B00
0F80
1100
1500
1480
1900
1800
1100
1800
1F80
1D00
1A00
1B00
1E80
1B00
2000
1E80
1900
1D00
1F80
2200
1B00
1980
1D00
2400
0B00
0880
0700
0680
0980
0700
0680
0480
3580
3800
3600
3200
3180
3700
3400
3580
0900
0780
0600
0A80
0E80
0680
0D00
0A80
2F80
3280
3100
3500
3280
3500
3100
3300
1D80
1900
1580
1900
1A80
1400
1A80
1900
0500
0600
0700
0500
0680
0480
0400
0500
1E00
1500
1D80
1980
1D00
1A00
1D00
1E80
2B00
2880
2D80
3080
2900
2800
2E00
2980
