(128, 1)
0035
0034
0037
003A
003A
003D
002F
0037
0028
0025
0020
0021
0024
0022
001E
0027
0008
0009
0009
0009
000C
000B
0006
000C
0038
003A
0038
0031
0034
0032
0034
002B
0017
0018
0012
0010
0015
0018
001D
001F
0006
000A
000B
000A
000D
000C
0007
000C
0022
0022
001F
0023
001E
001D
0023
001F
0009
000A
000A
000A
000A
000B
0009
000E
000D
0008
0007
0007
0009
0007
0007
0005
0034
003E
003B
0032
0030
003B
0034
0042
0001
0001
0002
0001
0003
0001
0002
0002
0047
0046
0045
004E
0049
004A
0047
004F
0027
001E
001C
0024
0026
001B
0024
0021
0006
0008
0009
0008
0009
0007
0006
0006
0007
0004
0005
0004
0006
0005
0005
0007
0010
0011
0012
0015
0010
000F
0014
0011
