(128, 1)
2300
2080
2380
2300
2780
2780
1D80
2400
1C00
1D00
1900
1980
1E00
1980
1880
1B00
0800
0900
0800
0A80
0B80
0C80
0800
0B80
2A00
2D80
2C00
2800
2A00
2700
2A80
2200
1900
1680
1380
1180
1480
1900
1A80
1A00
1000
1380
1500
1580
1800
1680
1080
1800
2200
1F00
1C00
1D80
2100
1D80
2080
2080
1680
1880
1980
1F00
1880
1800
1880
1E00
0E00
0A00
0780
0880
0A80
0900
0880
0700
3100
3400
3200
2F00
2D00
3480
2F00
3200
0A80
0B00
0980
0D00
1000
0900
0C00
0C80
3000
3200
3180
3400
3100
3380
2F80
3280
1B00
1600
1400
1A80
1800
1400
1880
1500
0480
0680
0780
0600
0600
0600
0400
0580
1D00
1800
1D80
1A00
1E80
1A00
1E00
1F80
2A80
2700
2E80
3080
2700
2A00
2C80
2A80
