(128, 1)
2380
2180
2200
2980
2400
2680
1B80
2280
1B80
1D80
1780
1A00
1E80
1900
1980
1E00
0A00
0980
0B00
0B80
0D80
0D80
0700
0D00
2880
2C80
2980
2680
2500
2780
2500
1F00
1700
1580
1580
1100
1480
1780
1980
1C80
0D80
1080
1580
1280
1B80
1780
1100
1680
1D00
2080
1780
1E00
1E80
1E00
2000
1E00
1880
1E80
2100
2400
1A80
1C00
1C80
2300
0B80
0800
0780
0600
0980
0700
0600
0580
3580
3800
3600
3180
3000
3780
3480
3500
0A00
0800
0600
0A00
0E80
0680
0B80
0A00
3080
3300
3100
3400
3180
3580
3080
3400
1C00
1A80
1800
1A80
1B00
1580
1D00
1A80
0400
0680
0600
0500
0580
0580
0380
0480
1D00
1480
1F80
1C80
1D00
1700
1D80
1C80
2B00
2780
3080
3180
2580
2A00
2E80
2B00
