(128, 1)
006E
0071
0070
0070
0070
0073
006F
006E
002F
0024
002C
002D
0029
0027
002A
0032
0051
0052
0052
004F
0051
004F
004E
004D
0074
0073
0071
0072
0073
0075
0074
0076
0030
0032
0032
0035
0035
003A
0033
0039
0050
0053
0048
0053
004B
0056
004C
004D
005A
005B
005C
0052
0056
0054
0056
005C
0060
0062
005B
0058
005B
005B
005D
005D
0036
0035
0039
002C
0036
0032
0036
002E
0038
0036
0036
0035
0036
0039
002D
0034
0048
0048
0047
0049
0046
0043
0046
0048
0046
0046
0044
0046
0044
0047
0044
0040
0047
004B
004A
0040
004D
004A
0048
0044
0056
0052
0051
004F
0057
0056
004B
0055
0054
004B
004B
0046
004E
004B
0047
0041
004E
0053
0056
004E
0055
0050
0051
0053
