(128, 1)
0032
0032
0038
0036
004A
003C
0034
003C
002A
0027
0023
0021
0028
0022
001F
0023
0007
000A
0009
000A
000C
000A
0007
000A
0040
0030
0031
002D
0030
0037
003B
0033
0017
0015
0012
0013
0014
0018
001A
001A
000A
000B
000B
000C
0009
000B
000A
000E
0026
001B
0023
001B
0020
0019
001F
0021
0009
0009
0009
000B
0009
0008
0009
000C
000D
0008
0006
0007
0009
0007
0008
0006
0035
003C
0033
0033
0031
003B
0035
003D
0001
0001
0001
0002
0002
0001
0002
0002
0047
0045
0048
0051
004E
0049
0047
004A
0028
001D
001D
0022
0021
0019
0021
001F
0008
000A
000C
0007
000B
0006
0007
0009
0006
0006
0005
0004
0007
0005
0005
0007
000D
0011
0010
0015
0012
0012
0014
0017
