(128, 1)
006E
0072
0070
0070
0070
0073
006F
006F
002F
0024
002B
002D
0029
0027
002B
0032
0052
0053
0052
004F
0052
0050
004F
004D
0074
0073
0071
0072
0074
0075
0074
0076
0030
0033
0031
0035
0034
003A
0033
0038
0051
0052
0048
0054
004A
0056
004C
004D
005B
005B
005C
0053
0057
0055
0056
005D
0060
0062
005B
0058
005B
005B
005D
005D
0037
0035
0038
002B
0037
0031
0036
002D
0038
0035
0035
0036
0036
0039
002D
0034
0048
0048
0047
0049
0047
0043
0046
0048
0047
0046
0044
0047
0045
0047
0044
0040
0047
004B
004A
003F
004D
004A
0049
0044
0055
0052
0051
0050
0058
0056
004B
0056
0053
004B
004B
0046
004E
004A
0046
0041
004E
0052
0056
004D
0055
0050
0051
0053
