(128, 1)
0037
0036
0036
0046
0037
003C
0029
0035
0025
0025
001D
0023
0025
0022
0020
002D
0008
0009
000B
0008
000C
000A
0003
000C
0039
0037
0035
002F
002D
0033
0032
0029
0016
0014
0015
0012
0014
0015
001B
0021
0005
0008
000D
000A
000C
000B
0007
000A
0020
0028
0019
0024
0023
0021
0028
001D
0009
0009
000C
000D
0009
0009
000A
000D
000D
0009
0009
0008
0009
0008
0006
0005
003A
0041
0036
0032
002D
0041
003B
003C
0002
0001
0001
0001
0003
0001
0002
0002
004B
0047
0047
004D
004E
0049
0042
0050
0026
0023
0022
0025
0026
001C
002B
0028
0005
0008
0008
0006
0006
0007
0005
0006
0006
0003
0007
0004
0007
0003
0006
0004
000E
000F
0015
0016
0010
0011
0016
0012
