(128, 1)
0034
0035
0035
003D
0043
003D
0032
003A
0026
0026
0020
0023
0029
0022
001F
0027
0008
0009
0009
0008
000C
0009
0005
000A
003D
0030
0033
002E
002E
0036
0039
0030
0017
0015
0013
0013
0013
0014
0019
001B
0007
000A
000C
000C
000A
000C
0009
000C
0027
0020
001D
001E
0023
001F
0024
0020
0009
000A
000B
000C
0009
0008
0009
000C
000D
0009
0007
0007
0009
0007
0007
0005
0038
003F
0032
0034
002F
003D
0038
003A
0001
0002
0001
0002
0002
0001
0002
0002
004A
0047
0049
004F
004F
0049
0043
004E
0027
0020
001F
0024
0023
001B
0025
0023
0007
0009
000A
0007
0009
0006
0006
0008
0005
0005
0006
0004
0008
0004
0005
0005
000C
000F
0013
0015
0011
0014
0015
0016
