(128, 1)
0034
0038
003E
0039
0051
0048
003B
0044
0018
0011
0016
0012
0015
0011
0010
0013
000A
0010
000B
0010
000F
0011
0010
000D
0051
0046
0046
0040
004A
004F
0050
0048
0016
0013
0010
000C
0012
001C
0015
0012
001C
001D
0018
0022
0018
001D
0015
0021
0033
001F
0030
001E
0028
001D
0027
002F
002A
0027
0022
0028
0026
001F
002A
0031
000A
0008
0003
0004
0006
0005
0008
0005
002F
0030
002C
0031
002F
0037
0026
002F
0009
000C
0009
0010
000D
0009
0010
000F
0033
0039
0034
0040
0035
0037
0038
0033
0026
0016
0018
001C
001D
0017
0016
0016
0009
0009
000D
0008
000C
0006
0006
0009
0029
001F
001C
0017
0027
0023
0021
0028
0030
0034
0038
0038
003B
0032
0036
0034
