(128, 1)
2480
2180
2180
2880
2200
2680
1B80
2180
1A80
1D80
1780
1A00
1F00
1900
1800
1D80
0A00
0980
0A80
0B00
0D00
0D00
0680
0D00
2600
2D80
2A00
2700
2600
2580
2500
1D00
1800
1680
1500
1100
1500
1700
1A00
1C00
0D00
1100
1500
1280
1B00
1700
1180
1600
1D80
2100
1700
1E00
1F00
1F00
2000
1D80
1880
1F80
2000
2400
1B00
1C80
1D00
2280
0C00
0800
0800
0680
0900
0780
0600
0480
3500
3700
3500
3180
2E80
3780
3380
3580
0A00
0880
0680
0980
0F80
0680
0A80
0980
3080
3300
3180
3380
3100
3500
3080
3380
1B80
1980
1780
1C80
1A80
1700
1D00
1980
0400
0580
0600
0580
0580
0600
0380
0480
1B80
1480
1F00
1C80
1E80
1680
1E00
1C80
2B80
2700
3080
3100
2400
2B00
2E80
2B00
