(128, 1)
2180
2200
2280
2880
2880
2580
1D00
2400
1D00
1D80
1880
1A00
1E80
1A00
1900
1D80
0980
0B00
0B80
0C80
0D80
0C80
0700
0D00
2980
2A00
2580
2480
2480
2980
2800
2300
1580
1400
1580
1100
1580
1800
1900
1B00
0E00
1100
1580
1380
1980
1780
1100
1800
1E00
1E00
1A00
1B80
1D80
1C00
1F00
1E00
1900
1C00
2080
2380
1B80
1900
1D80
2380
0B00
0880
0700
0680
0980
0700
0680
0580
3580
3800
3600
3200
3180
3780
3480
3580
0900
0780
0600
0A80
0E80
0600
0D00
0A00
2F80
3200
3100
3480
3280
3480
3180
3380
1E00
1980
1700
1980
1A00
1480
1B00
1980
0500
0700
0700
0500
0600
0480
0400
0580
1D80
1500
1D80
1B00
1C00
1900
1E00
1D80
2A80
2880
2E00
3080
2800
2880
2E80
2900
