(128, 1)
1F80
1F00
2380
1E80
2C00
2780
2100
2580
1E00
1D80
1A80
1900
1E80
1A00
1780
1880
0780
0B80
0880
0B80
0C00
0D80
0A80
0B80
2B00
2780
2800
2380
2800
2700
2C00
2380
1A00
1580
1380
1080
1400
1B80
1A80
1800
1300
1500
1380
1880
1500
1680
1000
1A80
2380
1880
1E00
1880
1D00
1700
1C80
1F80
1B00
1900
1880
1E80
1B00
1780
1A80
2000
0C00
0800
0600
0600
0880
0680
0800
0600
3380
3680
3500
3480
3200
3700
3400
3600
0700
0A80
0880
0C80
0C80
0800
0B00
0C00
2F80
3300
3280
3580
3180
3300
3100
3200
1E80
1580
1300
1B80
1880
1480
1580
1480
0500
0600
0880
0600
0800
0480
0480
0600
1E00
1A80
1A00
1680
1E80
1D00
1C80
2300
2800
2780
2B80
2F00
2A00
2A00
2C00
2780
