(128, 1)
2580
2180
2200
2B00
2200
2680
1980
2200
1B80
1D80
1700
1A00
1E80
1980
1980
1F00
0A00
0A00
0B80
0B80
0E00
0C00
0600
0D00
2700
2E00
2980
2780
2400
2680
2280
1D00
1600
1400
1600
1180
1500
1700
1A00
1D00
0C80
1000
1580
1100
1C80
1700
1100
1500
1C00
2280
1580
1F80
1E80
1F80
2180
1C80
1800
1E80
2200
2580
1C00
1D00
1D80
2480
0B00
0900
0880
0680
0980
0700
0600
0500
3600
3800
3600
3080
3000
3780
3500
3500
0B00
0780
0600
0980
1000
0580
0B00
0880
3080
3300
3080
3400
3200
3600
3080
3400
1C00
1C00
1900
1A80
1B80
1600
1F00
1B00
0380
0600
0580
0480
0480
0580
0380
0480
1C80
1400
2080
1D80
1D00
1500
1F00
1B00
2C00
2780
3100
3280
2400
2980
2E80
2C00
