(128, 1)
000C
0008
0009
0008
0009
0008
0007
000B
0023
0029
001E
0022
0028
0023
0021
0022
0007
0007
0008
000A
000A
000A
0005
000A
0007
0008
0007
0007
0007
0005
0007
0004
001A
0017
0018
0016
0017
0019
001C
0020
000A
000B
0010
000D
0013
0011
000C
0012
000F
0011
000B
0014
0011
0011
0012
0012
000B
000C
0011
0018
000F
000F
000D
0012
000D
0009
0009
0008
000C
0008
0007
0005
003A
003C
0040
0037
0035
0038
0040
003D
0007
0007
0005
0009
000C
0006
0009
0008
002B
002C
0030
002C
002E
0030
002A
0032
0016
0018
0012
0017
0015
0011
001B
0015
0002
0004
0005
0003
0003
0003
0003
0003
0015
0011
001B
0019
0014
0015
0016
001A
0024
001C
001E
0024
001A
001D
0023
001B
