(128, 1)
000B
0008
0009
0008
0009
0007
0007
000A
0023
0028
0020
0021
0028
0022
0020
0021
0007
0008
0007
000A
000A
0009
0005
000A
0007
0007
0007
0006
0007
0005
0007
0004
001B
0019
0018
0014
0017
0019
001C
0020
000B
000C
0010
000E
0012
0012
000C
0013
0011
0010
000C
0014
0011
0011
0012
0011
000B
000B
0010
0016
000E
000F
000C
0011
000D
0009
0009
0008
000B
0008
0007
0005
003A
003E
0040
0038
0035
0039
0041
003D
0007
0007
0006
0009
000C
0006
000A
0009
002B
002C
0030
002B
002F
0030
002A
0032
0017
0016
0011
0019
0015
0010
0019
0013
0003
0005
0005
0003
0004
0002
0003
0004
0015
0012
0018
0019
0015
0017
0017
001C
0022
001C
001D
0024
001A
001D
0022
001B
