(128, 1)
0037
0038
0036
0044
0038
003C
002B
0034
0026
0025
001F
0021
0024
0022
001E
002B
0009
0009
000B
0009
000D
000A
0004
000D
0037
003A
0037
0031
002F
0035
0030
0029
0015
0014
0015
0011
0016
0016
001C
0022
0005
0008
000D
000A
000D
000C
0007
000B
001E
0028
0019
0026
0021
001F
0028
001D
0009
000A
000C
000B
000A
000A
000B
000E
000C
0009
0009
0008
000A
0008
0006
0005
0038
0040
003A
0033
002D
003E
0039
003E
0002
0001
0001
0001
0003
0001
0002
0002
0049
0046
0045
004E
004B
004B
0045
0050
0026
0021
0020
0024
0027
001C
0029
0026
0005
0009
0007
0006
0007
0008
0005
0005
0006
0003
0006
0004
0006
0004
0006
0006
0010
0010
0014
0016
0010
0010
0015
0011
