(128, 1)
0033
0033
0038
0032
0041
003D
0031
003A
0029
0025
0023
0020
0025
0022
001D
0023
0008
000A
0008
000A
000B
000C
0007
000B
003B
0038
0037
0030
0036
0034
0037
002E
0017
0017
0011
0011
0015
0019
001E
001C
0009
000B
000B
000C
000B
000C
0008
000E
0023
001F
0023
001E
001E
0019
0020
0020
0009
000A
0009
0009
0009
000B
0008
000D
000D
0008
0006
0006
0009
0007
0008
0006
0032
003D
0039
0032
0031
0039
0033
0041
0001
0002
0002
0002
0002
0001
0002
0002
0047
0046
0046
004E
004A
004A
004A
004C
0028
001C
0019
0024
0025
001C
001E
001D
0006
0009
000B
0008
000A
0007
0006
0007
0007
0005
0006
0004
0006
0006
0005
0008
000E
0012
0011
0014
0011
0010
0013
0014
