(128, 1)
1F80
1F80
2380
1E80
2D80
2880
2080
2600
1E00
1C80
1B00
1900
1E80
1980
1700
1900
0880
0C00
0900
0D00
0C00
0D80
0B80
0B00
2C80
2680
2680
2300
2880
2900
2C00
2580
1900
1580
1300
1080
1480
1A80
1A00
1780
1400
1500
1300
1880
1400
1700
1080
1A80
2380
1680
1E80
1880
1D00
1680
1C80
2000
1A80
1880
1780
1E00
1A80
1780
1A80
2000
0B80
0880
0580
0600
0880
0600
0800
0580
3400
3600
3500
3400
3200
3680
3300
3600
0700
0A80
0800
0D00
0C00
0780
0B80
0C00
2F80
3380
3200
3600
3180
3300
3100
3200
1F00
1500
1380
1A80
1780
1380
1580
1480
0600
0680
0900
0600
0800
0400
0500
0600
1E80
1900
1980
1580
1E00
1D80
1C80
2400
2900
2800
2A80
2D80
2A00
2900
2C00
2700
