(128, 1)
2300
2180
2280
2A00
2500
2580
1C00
2380
1B80
1D80
1880
1A00
1E80
1980
1880
1E00
0980
0A00
0B80
0C00
0D80
0D00
0600
0D00
2900
2B00
2880
2580
2480
2900
2680
2080
1600
1400
1600
1100
1580
1700
1980
1C00
0D80
1000
1580
1300
1B00
1800
1100
1700
1E00
2000
1800
1D80
1E80
1D80
2100
1D80
1A00
1E00
2180
2380
1C00
1B00
1D80
2400
0A80
0880
0800
0680
0900
0780
0600
0500
3600
3780
3580
3180
3080
3780
3480
3580
0A00
0780
0600
0A00
0E80
0600
0C00
0980
3000
3200
3100
3480
3180
3500
3080
3380
1D00
1A00
1700
1A00
1B00
1500
1C00
1A80
0480
0600
0680
0480
0580
0500
0400
0480
1D80
1400
1E80
1C00
1D80
1800
1E00
1C80
2B00
2880
3000
3100
2700
2880
2E80
2A00
