(128, 1)
2080
2080
2280
2700
2A80
2680
1E80
2500
1D00
1D80
1980
1A80
1F00
1980
1A00
1C00
0900
0A80
0B00
0C80
0D00
0C80
0800
0B80
2B80
2800
2700
2400
2580
2C00
2900
2500
1600
1400
1500
1200
1500
1880
1880
1980
0F80
1100
1580
1500
1780
1880
1180
1880
1F00
1C00
1B00
1A00
1D00
1A00
1F00
1E00
1980
1B00
1E00
2280
1B00
1880
1D00
2300
0B00
0880
0700
0700
0980
0780
0680
0500
3580
3700
3580
3200
3180
3700
3480
3580
0880
0780
0680
0B80
0D80
0680
0D00
0B00
2F00
3200
3100
3580
3200
3500
3100
3300
1E00
1900
1680
1880
1A00
1380
1980
1880
0580
0700
0780
0500
0700
0480
0480
0500
1E00
1580
1C00
1A00
1D80
1A80
1D80
1F00
2A80
2900
2C00
2F80
2A00
2800
2D80
2900
