(128, 1)
2180
2080
2280
2280
2900
2780
1F00
2500
1C80
1D00
1980
1980
1E80
1A80
1800
1B80
0900
0A80
0980
0C00
0C80
0D80
0880
0C00
2880
2A00
2900
2480
2680
2600
2980
2100
1880
1580
1400
1100
1500
1880
1A80
1A00
1080
1300
1380
1600
1780
1780
1000
1800
2100
1B80
1B00
1B00
1E00
1A80
1E80
1F00
1980
1B00
1B80
2080
1B00
1A00
1B80
2180
0B80
0800
0680
0600
0880
0680
0680
0580
3480
3700
3580
3380
3100
3700
3380
3580
0800
0980
0780
0B80
0D00
0700
0A80
0A80
3100
3300
3200
3480
3100
3400
3080
3380
1C80
1680
1500
1B80
1980
1500
1800
1680
0500
0600
0700
0580
0680
0500
0400
0500
1D00
1700
1C00
1980
1E80
1A80
1D80
2080
2A00
2780
2E00
3080
2780
2900
2D00
2900
