(128, 1)
1F80
2000
2300
2200
2C00
2680
1F00
2500
1E80
1D80
1A80
1980
1E80
1A00
1800
1B80
0900
0B80
0A00
0D00
0D00
0C80
0980
0C00
2B80
2880
2680
2380
2600
2900
2B00
2500
1780
1400
1400
1100
1580
1A00
1900
1900
1100
1280
1500
1700
1600
1700
1000
1980
2100
1900
1D00
1900
1D00
1780
1D80
1F00
1A00
1900
1C00
2080
1B00
1800
1C00
2200
0B00
0880
0600
0600
0900
0680
0780
0580
3500
3780
3600
3380
3280
3780
3400
3580
0800
0880
0700
0C00
0D00
0680
0C00
0B00
2F80
3280
3200
3580
3200
3380
3180
3280
1E80
1700
1480
1A80
1980
1380
1780
1680
0580
0700
0800
0500
0700
0400
0480
0600
1E80
1800
1A80
1780
1D80
1B80
1D00
2100
2980
2880
2C00
2F80
2A00
2900
2D00
2800
