(128, 1)
2300
2080
2280
2800
2500
2680
1C00
2300
1C00
1D80
1800
1A00
1E80
1A00
1880
1D80
0900
0A80
0A80
0B80
0D00
0D00
0680
0C00
2800
2D00
2A80
2500
2600
2580
2600
1F00
1700
1580
1580
1100
1480
1800
1A00
1C00
0E00
1100
1580
1300
1A80
1700
1080
1700
1E00
1F00
1880
1D80
1E80
1D80
2000
1E80
1980
1D00
1F80
2400
1B80
1C00
1C00
2280
0B80
0800
0700
0700
0880
0700
0680
0500
3600
3780
3580
3200
3080
3780
3400
3580
0980
0880
0680
0A00
0E00
0680
0B00
0980
3080
3300
3180
3400
3180
3500
3080
3380
1D00
1A80
1680
1B00
1B00
1580
1C80
1980
0480
0600
0680
0500
0580
0500
0380
0480
1D80
1500
1E80
1B80
1E00
1700
1E00
1D00
2A80
2780
2F80
3180
2600
2980
2D80
2A80
