(128, 1)
0007
0005
0007
0008
0009
0007
0006
0009
0022
002B
0020
0020
0029
0023
001F
0022
0005
0006
0005
0009
0008
0009
0006
0008
0006
0007
000A
0008
0007
0005
0005
0006
0020
001B
0018
0012
0018
001E
001F
0019
000B
000D
0013
000E
0013
000D
000E
0011
0013
000D
000F
0010
0012
0010
0013
0011
000D
000D
0010
0015
000F
000C
000F
0012
000E
0009
0006
0007
0008
0008
0008
0007
003C
0040
003A
0041
0037
0042
0040
003D
0007
0007
0006
0009
000B
0006
000B
0008
0029
002D
002B
0032
0029
002F
002E
0033
001C
000F
0012
0019
0015
000E
0012
0016
0002
0004
0005
0004
0004
0003
0003
0003
0012
0011
0017
0014
0014
0013
0018
001C
001D
0018
001F
0027
001B
001D
001D
001A
