(128, 1)
0035
0037
0040
0039
0051
0048
0039
0043
0018
0012
0015
0012
0016
0011
000F
0014
000A
0010
000B
0010
000E
0011
000E
000D
0051
0046
0048
0040
004A
004C
0050
0047
0017
0013
000F
000D
0012
001D
0016
0013
0019
001C
0018
0021
0018
001F
0015
0021
0033
0020
002F
001E
0029
001D
0027
002F
002A
0025
0023
0029
0026
0020
0028
0031
000A
0008
0004
0004
0006
0005
0007
0006
002F
0030
002C
0031
002E
0035
0024
002E
0008
000C
000A
0010
000D
0009
000F
000E
0034
0039
0035
0040
0034
0038
0038
0034
0026
0016
0018
001B
001E
0017
0015
0017
0008
0009
000D
0008
000C
0006
0007
0008
0028
0020
001E
0016
0026
0022
0021
0026
0030
0034
003B
003A
003C
0034
0036
0032
