(128, 1)
2180
1F80
2280
2180
2900
2780
1E80
2500
1D80
1D80
1980
1980
1E80
1A00
1780
1B80
0800
0B00
0900
0C00
0C80
0D80
0880
0B80
2A00
2A00
2900
2480
2680
2600
2880
2200
1880
1500
1400
1000
1400
1A80
1A80
1900
1080
1300
1380
1600
1780
1780
1080
1800
2100
1A80
1B00
1B00
1D80
1980
1E00
1F80
1980
1A00
1B00
2000
1A80
1900
1A80
2080
0B80
0800
0680
0600
0800
0680
0700
0580
3500
3680
3580
3380
3100
3700
3380
3580
0800
0900
0780
0B80
0C80
0700
0B00
0B00
3000
3280
3200
3480
3100
3400
3100
3300
1D00
1680
1480
1C00
1980
1480
1880
1700
0480
0680
0800
0580
0680
0500
0480
0500
1D00
1800
1C00
1780
1E80
1A80
1D00
2080
2980
2780
2D80
2F80
2780
2900
2C00
2800
