(128, 1)
0034
0034
0038
003F
0042
003D
0030
0039
0028
0026
0020
0022
0028
0022
0020
0028
0008
0009
0009
0008
000C
0009
0004
000A
003D
0032
0032
002E
002D
0036
0037
002F
0016
0014
0013
0013
0013
0015
0019
001C
0007
000A
000D
000C
000A
000C
0009
000C
0025
0021
001E
001F
0022
001E
0024
001F
0009
000A
000B
000C
0009
0008
0009
000C
000D
0009
0007
0008
0009
0007
0007
0005
0038
0040
0033
0034
002F
003F
0038
003A
0001
0002
0001
0002
0003
0001
0002
0002
004A
0047
0049
004F
0050
0049
0043
004E
0027
0020
001F
0024
0023
001A
0026
0025
0007
0009
000A
0007
0009
0006
0006
0008
0005
0005
0006
0004
0007
0004
0005
0005
000C
000F
0013
0015
0010
0013
0014
0015
