(128, 1)
1F80
2000
2480
2480
2C80
2580
1F00
2600
1E00
1D00
1A00
1A00
1F00
1A00
1900
1B00
0900
0C00
0A80
0D00
0C80
0D00
0900
0B80
2C00
2700
2600
2300
2600
2B00
2A80
2700
1680
1500
1480
1100
1500
1980
1900
1980
1100
1200
1480
1680
1600
1780
1080
1980
2080
1900
1D00
1980
1C80
1800
1D80
1E80
1A80
1980
1C00
2100
1A80
1780
1C80
2200
0B80
0900
0680
0700
0900
0700
0780
0500
3580
3700
3580
3300
3180
3700
3400
3580
0780
0880
0680
0C00
0D00
0680
0E00
0C00
2E80
3280
3180
3580
3280
3400
3180
3280
1E80
1780
1580
1800
1980
1300
1880
1680
0580
0700
0880
0500
0800
0400
0480
0600
1E80
1700
1B00
1880
1D80
1B80
1C80
2080
2A00
2900
2B80
2F00
2B00
2800
2C80
2700
