(128, 1)
1F80
1F80
2380
2100
2C00
2780
1F80
2580
1E80
1D80
1A00
1900
1E00
1980
1800
1A00
0800
0B80
0980
0C00
0C00
0D80
0980
0B80
2C00
2880
2780
2380
2780
2880
2A00
2500
1900
1480
1380
1100
1500
1B00
1980
1900
1200
1380
1400
1680
1600
1800
1000
1980
2200
1880
1D00
1980
1D00
1780
1D00
1F80
1980
1800
1A00
1F80
1B00
1780
1B80
2200
0B80
0900
0580
0580
0880
0700
0780
0580
3400
3680
3580
3400
3280
3700
3380
3600
0780
0980
0780
0C80
0C80
0780
0B80
0B00
2F00
3300
3180
3500
3200
3380
3180
3280
1E80
1680
1480
1A80
1880
1380
1680
1600
0500
0680
0800
0500
0700
0400
0480
0580
1E80
1880
1B00
1780
1E80
1C00
1D00
2200
2880
2800
2C00
2F80
2A00
2900
2C80
2780
