(128, 1)
2480
2180
2180
2B00
2300
2700
1A80
2200
1B00
1D80
1800
1A80
1E80
1980
1980
1E80
0980
0980
0B80
0B80
0E00
0D00
0580
0D80
2800
2D80
2A00
2780
2400
2680
2480
1E00
1600
1480
1680
1100
1480
1700
1980
1D00
0D00
0F80
1600
1200
1B80
1780
1100
1600
1C00
2180
1680
1E00
1F00
1F00
2200
1D80
1880
1F00
2280
2500
1B80
1C80
1D80
2500
0B00
0880
0880
0680
0980
0780
0580
0480
3580
3800
3600
3100
2F80
3780
3480
3500
0A80
0700
0600
0900
0F80
0580
0B80
0900
3080
3200
3080
3380
3200
3580
3100
3400
1C00
1B80
1800
1A80
1B00
1600
1E00
1B80
0400
0580
0580
0480
0500
0580
0380
0400
1C80
1380
2000
1D00
1D00
1600
1E80
1B00
2B80
2880
3100
3280
2500
2980
2F00
2C00
