(128, 1)
0070
0071
0070
006F
006F
0072
0071
006B
0036
0020
0030
002C
0027
0029
002A
002E
0055
0056
0057
0049
0055
0055
004E
004F
0076
0074
006E
0070
0072
0076
0075
0073
002B
0030
0032
0035
0034
0032
0034
003D
004D
0054
0043
0055
004B
0059
0049
0054
005B
005F
005D
0058
0058
0058
0056
0059
005F
005B
0056
0053
005B
005F
005C
005C
0037
002F
003A
0030
003C
002E
0039
002C
0036
0038
0038
002D
0039
0032
0031
0035
0049
004C
0049
0045
0044
0048
0041
004C
0047
0044
0047
0040
0049
0042
0044
003E
0046
0051
0046
0049
0047
0051
004E
0040
0059
0056
004F
0051
0056
0059
0048
0059
0056
004F
0045
004A
0055
004F
004F
004A
0051
0058
0052
004D
0052
0053
0054
0055
