(128, 1)
2280
2080
2280
2480
2680
2780
1D80
2300
1C00
1D80
1900
1A00
1E80
1A00
1880
1C00
0880
0A80
0980
0B80
0C80
0D80
0800
0C00
2800
2B80
2A00
2480
2680
2500
2700
1F80
1800
1580
1480
1100
1500
1900
1A80
1A00
0F80
1200
1500
1480
1880
1700
1080
1700
2000
1E00
1980
1B80
1E80
1C00
1F00
1E80
1900
1C00
1D00
2200
1C00
1B80
1C00
2180
0C00
0800
0680
0580
0900
0700
0680
0580
3500
3700
3580
3280
3080
3700
3400
3580
0880
0900
0780
0B00
0D80
0700
0A80
0A80
3000
3280
3180
3400
3180
3400
3080
3380
1D00
1800
1600
1B80
1A80
1580
1980
1800
0480
0600
0680
0580
0600
0500
0380
0500
1D80
1700
1D80
1980
1E00
1900
1D80
1F00
2980
2680
2F00
3080
2680
2980
2D00
2A00
