(128, 1)
0037
0035
0037
003A
0038
003E
002F
0036
0027
0024
0020
0021
0025
0022
001E
0026
0008
0008
0009
0009
000C
000B
0005
000D
0037
003B
0039
0030
0033
0030
0033
0028
0017
0016
0014
0010
0015
0018
001E
0020
0006
0009
000D
000B
000E
000C
0007
000C
0020
0025
001E
0024
001F
001C
0024
001E
0009
000A
000B
000A
000A
000C
0009
000E
000E
0008
0009
0007
000A
0008
0007
0006
0034
003F
003B
0032
002F
003C
0036
0041
0002
0001
0002
0001
0003
0001
0002
0002
0047
0047
0046
004D
0049
004A
0047
004F
0026
001E
001D
0025
0028
001E
0025
0021
0005
0008
0008
0008
0009
0008
0005
0006
0007
0004
0006
0004
0006
0005
0005
0007
0010
0011
0013
0015
000F
000F
0014
0012
