(128, 1)
000A
0007
0009
0007
000A
0007
0008
0009
0025
0029
0021
0020
0027
0023
001F
001F
0007
0008
0007
0009
0009
000A
0007
0009
0008
0007
0007
0006
0007
0005
0007
0004
001B
0016
0017
0015
0018
0019
001D
001E
000C
000D
0010
000F
0011
0011
000C
0014
0012
000F
000E
0013
0011
000F
0012
0010
000C
000A
000F
0014
000F
000F
000D
0012
000C
0009
0007
0007
000B
0007
0008
0006
0039
003D
003F
0037
0038
0038
0043
003D
0006
0007
0006
0009
000A
0006
000A
0009
002B
002C
0030
002B
0030
002D
002A
0032
0018
0014
0010
0019
0013
0011
0016
0013
0003
0005
0005
0003
0004
0002
0003
0004
0016
0013
0017
0016
0016
0018
0018
001F
0022
001D
001C
0023
001B
001E
0022
001A
