(128, 1)
0035
0033
0037
0035
003D
003E
002F
0038
0029
0024
0021
0020
0024
0022
001E
0024
0008
0009
0009
0009
000C
000C
0007
000C
0038
003A
0039
0030
0038
0032
0035
002B
0017
0018
0012
0010
0016
0019
001F
001F
0008
000A
000B
000B
000D
000C
0007
000D
0021
0021
0020
0023
001E
001B
0023
001F
0009
000A
000A
0009
000A
000C
0009
000E
000D
0008
0007
0006
000A
0007
0007
0006
0032
003D
003D
0033
0030
003A
0034
0043
0001
0001
0002
0001
0002
0001
0002
0002
0046
0045
0044
004E
0048
004B
0048
004E
0027
001D
001B
0024
0027
001C
0021
001F
0006
0009
0009
0008
0009
0008
0006
0006
0007
0004
0005
0004
0006
0006
0005
0008
0011
0012
0012
0016
0010
000F
0014
0013
