(128, 1)
1F80
1F80
2380
2080
2D00
2680
2100
2700
1E00
1D00
1A80
1900
1E80
1A00
1880
1A00
0880
0C00
0980
0D00
0C00
0D80
0A00
0B00
2C00
2680
2680
2300
2780
2900
2B80
2680
1880
1580
1400
1080
1400
1A80
1980
1880
1300
1480
1380
1880
1580
1780
1080
1A80
2380
1780
1E00
1880
1D00
1700
1C80
1F80
1A00
1800
1980
1E00
1A80
1780
1B80
2100
0B80
0880
0600
0600
0880
0680
0800
0580
3400
3680
3580
3480
3280
3680
3400
3600
0700
0A00
0800
0C80
0C80
0780
0C00
0C00
2F80
3280
3200
3580
3280
3380
3100
3280
1E80
1600
1400
1A80
1880
1400
1700
1480
0600
0680
0880
0600
0800
0400
0480
0680
1F00
1980
1A00
1600
1E00
1D00
1C00
2280
2900
2800
2A80
2F00
2A80
2880
2C00
2700
