(128, 1)
0034
0037
0040
0038
0051
0046
003D
0045
0018
0013
0015
0012
0016
0011
0010
0013
0009
0010
000B
0010
000F
0011
0010
000D
0050
0045
0045
0040
0049
004C
0051
0049
0019
0013
0010
000D
0011
001F
0016
0011
001B
001D
0018
0023
0017
001C
0015
0021
0035
001D
0030
001C
0029
001C
0026
002F
002A
0024
0023
0027
0027
001E
0028
0030
000A
0008
0004
0004
0006
0006
0008
0006
002D
0030
002C
0032
002D
0037
0025
002E
0008
000D
000B
0011
000D
000A
000E
000F
0035
003B
0034
0041
0034
0038
0039
0032
0026
0015
0017
001B
001C
0016
0014
0016
0009
0009
000D
0008
000D
0006
0007
0009
0028
0020
001B
0015
0026
0023
0021
0028
002E
0033
0039
003A
003C
0032
0035
0034
