(128, 1)
0035
0034
0036
003D
0041
003D
0031
0039
0027
0026
0020
0022
0028
0022
0020
0028
0008
000A
000A
0008
000B
000A
0004
000A
003F
0032
0034
002E
002E
0036
0038
0031
0017
0014
0012
0013
0013
0015
0019
001B
0007
000A
000D
000C
000A
000B
0009
000C
0025
0022
001E
001F
0022
001E
0023
0020
0009
000A
000B
000C
0009
0008
0009
000C
000D
0009
0007
0007
0009
0007
0007
0005
0038
003F
0033
0033
002F
003E
0038
003A
0001
0002
0001
0002
0003
0001
0002
0002
004B
0047
0049
004E
0050
0049
0044
004E
0027
0021
001F
0024
0022
001A
0026
0024
0006
0009
000A
0007
0009
0006
0006
0008
0005
0005
0006
0004
0007
0004
0005
0005
000C
000F
0013
0015
0010
0012
0014
0016
