(128, 1)
0035
0036
0037
0041
003C
003D
002D
0036
0027
0025
001F
0022
0025
0022
001F
002A
0008
0009
000A
0008
000C
000B
0004
000C
003B
0037
0036
0031
002F
0035
0034
002C
0015
0015
0013
0011
0014
0016
001C
001F
0006
0009
000C
000A
000C
000C
0008
000C
0022
0024
001B
0023
0021
001F
0027
001E
0009
000A
000B
000B
0009
000A
0009
000D
000D
0009
0008
0008
0009
0007
0006
0005
0037
0040
0037
0033
002D
003E
0038
003E
0002
0001
0001
0001
0003
0001
0002
0002
004A
0047
0047
004E
004D
0049
0045
0050
0026
0021
001F
0024
0026
001C
0028
0025
0006
0008
0008
0007
0008
0008
0006
0007
0006
0004
0006
0004
0006
0004
0006
0006
000E
000F
0014
0016
0010
0011
0015
0013
