(128, 1)
0007
0006
0007
0009
0009
0007
0006
000A
0020
002B
0020
0021
0029
0022
0020
0023
0005
0006
0005
0008
0008
0009
0006
0008
0006
0007
000B
0008
0007
0005
0006
0005
0020
001A
0018
0013
0018
001E
001F
0019
000C
000C
0012
000E
0014
000C
000E
0011
0012
000E
000F
0010
0012
0011
0014
0011
000D
000F
0012
0016
000E
000C
000F
0013
000D
0009
0006
0007
0009
0008
0007
0007
003C
003F
003B
0041
0035
0042
0041
003F
0007
0007
0006
0009
000C
0006
000A
0008
0029
002E
002B
0032
0028
0030
002E
0033
001A
0010
0013
0019
0015
000F
0013
0016
0002
0003
0005
0003
0004
0003
0003
0002
0012
0010
0019
0014
0014
0012
0017
001B
001D
0018
0020
0026
001B
001D
001D
001C
