(128, 1)
1F00
1F00
2480
1D80
2E00
2800
2180
2700
1E80
1D80
1C00
1900
1E00
1A00
1600
1900
0800
0C80
0800
0C00
0B80
0D80
0B80
0B00
2C80
2680
2880
2300
2900
2880
2C80
2580
1A80
1680
1280
1000
1480
1C80
1A80
1780
1380
1600
1280
1980
1400
1780
1080
1A80
2500
1600
1F00
1780
1D00
1600
1B80
2080
1A80
1880
1680
1D80
1A00
1780
1980
1F80
0C00
0880
0580
0600
0800
0600
0780
0600
3400
3600
3580
3500
3280
3680
3380
3600
0680
0A80
0880
0C80
0C00
0880
0B00
0C80
2F80
3300
3280
3580
3200
3280
3100
3200
1F80
1480
1200
1C00
1800
1400
1500
1380
0600
0700
0980
0680
0800
0480
0480
0600
1E80
1B00
1900
1500
1E00
1D80
1C00
2380
2880
2680
2B80
2E80
2A00
2980
2B80
2680
