(128, 1)
006C
006F
006E
0071
006F
0071
006F
006C
0030
0024
002F
002B
0029
0028
002A
0034
004F
004F
0050
0048
004E
004D
004D
0049
0073
0074
0072
0073
0073
0077
0073
0076
002F
0033
0037
002F
0035
0039
0036
0036
004C
0052
004A
0053
004F
0050
004E
004D
005C
005C
0060
0052
0059
0058
0059
0058
0061
0062
005C
0054
005B
0059
0060
005E
0033
0034
0034
0029
0032
0034
0036
0030
0039
0039
0032
0033
0038
0039
0030
0034
004D
0045
0043
0047
0045
0041
0049
0048
0046
0045
0041
0047
0045
0044
0046
0040
004A
0049
004B
0043
004A
004C
0047
0048
0056
0050
004D
004F
0056
0058
0049
0052
0053
0048
0047
0044
0051
0048
004F
0044
004C
0054
0055
004F
0054
0051
004E
0055
