(128, 1)
1F00
1F80
2480
2000
2D80
2680
2280
2700
1E00
1D80
1B00
1900
1E00
1A00
1880
1880
0800
0C00
0980
0C80
0C80
0D80
0B80
0B80
2C00
2600
2580
2300
2780
2880
2C00
2680
1900
1500
1400
1080
1400
1C00
1980
1780
1380
1480
1380
1900
1400
1700
1080
1A80
2380
1600
1E80
1780
1D00
1580
1B80
1F80
1A80
1700
1900
1D80
1B00
1680
1A80
2100
0B00
0880
0680
0600
0900
0680
0800
0600
3380
3680
3580
3480
3300
3700
3400
3680
0700
0A00
0880
0D80
0C00
0800
0C00
0C80
2F80
3300
3200
3600
3200
3280
3180
3180
1F00
1580
1380
1980
1800
1380
1600
1400
0600
0700
0900
0580
0880
0400
0500
0680
1F00
1980
1880
1600
1D80
1D80
1C80
2380
2880
2800
2A00
2E80
2B80
2800
2B80
2700
