(128, 1)
006D
0071
0070
0070
0070
0073
006F
006E
0030
0024
002C
002D
0029
0028
002A
0033
0050
0051
0052
004E
0050
004F
004D
004D
0074
0073
0071
0073
0074
0076
0074
0076
0030
0033
0032
0034
0034
003A
0033
0037
0050
0052
004A
0054
004B
0055
004C
004C
005B
005B
005C
0052
0057
0056
0057
005B
0060
0062
005B
0057
005B
005A
005E
005C
0035
0035
0037
002B
0035
0034
0036
002D
0037
0036
0036
0035
0037
003A
002D
0035
0048
0047
0046
0049
0046
0042
0047
0048
0046
0046
0043
0047
0045
0046
0044
0040
0048
004A
004B
0040
004B
004A
0047
0045
0056
0052
0051
0050
0057
0056
004B
0055
0053
004B
004A
0046
0050
004A
0048
0043
004E
0053
0056
004E
0055
0050
0051
0053
