(128, 1)
1F00
2100
2400
2380
2D00
2580
2000
2600
1E00
1D80
1B00
1980
1E80
1A00
1880
1A80
0900
0B80
0A80
0D80
0D00
0D00
0980
0B80
2D00
2680
2400
2300
2600
2B00
2B00
2700
1700
1400
1480
1100
1500
1A80
1900
1900
1180
1300
1400
1780
1600
1800
1180
1A00
2180
1880
1E00
1880
1C80
1780
1D00
1E80
1A00
1880
1B80
2000
1A80
1700
1C80
2280
0B80
0900
0680
0600
0880
0700
0780
0580
3500
3700
3580
3300
3280
3700
3400
3600
0780
0900
0700
0D00
0C80
0700
0D00
0C00
2E80
3280
3180
3600
3280
3400
3180
3200
1F00
1700
1400
1880
1880
1280
1800
1680
0600
0780
0900
0500
0800
0400
0500
0600
1F00
1700
1A00
1800
1D80
1C00
1D80
2100
2A00
2980
2B00
2E80
2B00
2780
2C00
2700
