(128, 1)
006D
006F
006E
0071
0070
0072
006F
006B
0032
0022
0030
002C
0028
0027
002B
0032
0050
0051
0052
0047
004F
004E
004E
004B
0074
0074
0071
0072
0073
0077
0073
0075
002E
0032
0036
0030
0035
0036
0036
0037
004C
0052
0048
0053
004E
0052
004D
004F
005C
005D
0061
0054
0059
0058
0058
0057
0060
0060
005A
0053
005B
005B
005F
005E
0033
0033
0034
002C
0035
0032
0037
0030
0038
0039
0034
0030
0039
0038
0031
0035
004C
0047
0044
0045
0044
0042
0047
0049
0046
0045
0042
0045
0046
0043
0046
003F
0049
004B
004A
0045
0048
004E
0048
0046
0056
0051
004D
004F
0056
0059
0048
0053
0054
004A
0046
0046
0052
004A
0051
0046
004D
0056
0054
004F
0053
0052
0050
0056
