(128, 1)
0071
0073
0072
006E
0070
0074
0071
006F
0034
0020
002C
002D
0027
0029
0029
002D
0056
0057
0056
0052
0056
0055
004F
0051
0075
0073
006E
0071
0074
0075
0076
0075
002C
0030
002B
0039
0032
0035
0031
003E
0051
0055
0043
0056
0047
005C
0047
0052
005B
005E
0058
0056
0055
0055
0054
005D
005C
005E
0056
0056
005B
005F
0058
005B
0039
0031
003D
0030
003E
002C
0038
0029
0035
0033
0039
0030
0036
0032
002D
0034
0044
004D
004C
0049
0045
0048
0040
004B
0048
0045
0047
0042
0048
0045
0041
003F
0043
0052
0045
0042
004B
004E
004E
003E
0057
0057
0051
0052
0056
0056
004A
005B
0056
0050
004A
004A
0051
0050
0046
0045
0052
0054
0053
004B
0053
0051
0055
0052
