(128, 1)
006C
006F
006D
0071
006F
0071
006E
006B
0031
0024
002F
002C
0029
0028
002B
0034
004E
004F
0050
0048
004E
004D
004E
004A
0073
0074
0072
0073
0073
0076
0073
0076
0030
0033
0037
002F
0036
0038
0035
0036
004C
0053
0049
0053
004F
0050
004E
004D
005D
005C
0061
0053
0059
0057
0059
0058
0061
0062
005B
0054
005B
0059
0060
005F
0034
0034
0033
002A
0031
0035
0036
0030
0038
0038
0033
0032
0039
003A
0031
0034
004D
0046
0043
0046
0045
0041
0049
0048
0046
0046
0041
0048
0044
0044
0046
003F
004B
0049
004B
0043
004A
004C
0046
0048
0055
004F
004F
004E
0056
0058
0048
0051
0053
0048
0047
0045
0052
0048
0050
0043
004D
0054
0055
004E
0053
0051
004E
0056
