(128, 1)
0070
0072
0071
006F
0070
0073
0070
006E
0034
0021
002D
002C
0027
0028
0029
002E
0055
0056
0055
004D
0055
0053
004E
0050
0075
0073
006E
0071
0073
0076
0075
0074
002C
0031
002F
0035
0033
0035
0033
003C
004F
0054
0043
0055
004A
0059
0049
0051
005B
005E
005B
0056
0056
0056
0056
005B
005F
005E
0056
0055
005B
005E
005B
005C
0037
0032
003B
0030
003C
002E
0036
002B
0036
0036
0038
002F
0037
0033
002E
0035
0046
004B
004A
0048
0045
0047
0041
004B
0046
0046
0047
0042
0048
0045
0042
003E
0045
0050
0045
0044
0049
004E
004E
0040
0057
0055
0050
0051
0057
0057
0049
0059
0056
004E
0049
0049
0052
004F
004A
0046
0050
0055
0053
004D
0053
0051
0053
0054
