(128, 1)
2180
2100
2380
2580
2880
2680
1D80
2400
1D00
1D80
1980
1A80
1E00
1980
1980
1C00
0980
0A80
0A80
0C00
0C80
0C80
0780
0C00
2A80
2A00
2780
2480
2600
2900
2880
2300
1700
1500
1480
1100
1500
1880
1900
1B00
0F80
1180
1580
1400
1880
1800
1100
1880
1F00
1C80
1A80
1B80
1D80
1A80
1E80
1E80
1980
1C00
1E00
2200
1A80
1900
1C00
2300
0B00
0900
0680
0680
0900
0700
0680
0500
3580
3800
3600
3280
3180
3780
3480
3580
0880
0880
0680
0B00
0E00
0600
0C80
0A80
3000
3300
3180
3500
3280
3480
3180
3300
1D80
1880
1680
1980
1A80
1400
1B00
1880
0500
0680
0700
0580
0680
0480
0400
0580
1E00
1600
1D00
1980
1D80
1A80
1D80
1F00
2A80
2880
2D00
3080
2800
2880
2E00
2980
