(128, 1)
2480
2180
2080
2A80
2300
2680
1B80
2200
1B00
1D80
1780
1A00
1E80
1980
1980
1E80
0A80
0980
0B00
0B80
0E00
0C80
0600
0D00
2700
2D80
2A00
2700
2400
2580
2500
1E00
1600
1480
1680
1100
1480
1700
1A00
1C80
0D00
0F80
1580
1200
1C00
1700
1080
1580
1D00
2180
1600
1F00
1F00
1E80
2080
1D00
1800
1E80
2200
2500
1C80
1C80
1C80
2380
0B00
0800
0780
0680
0980
0780
0600
0500
3500
3780
3600
3100
3000
3780
3480
3500
0A00
0780
0600
0980
0F80
0600
0B00
0980
3100
3200
3080
3400
3200
3580
3080
3400
1C00
1B00
1800
1B80
1B80
1680
1D00
1B00
0380
0580
0580
0480
0500
0600
0380
0480
1D00
1400
2000
1D00
1D80
1700
1F00
1B80
2B80
2780
3080
3200
2580
2980
2E80
2C00
