(128, 1)
1F00
2000
2380
2180
2D00
2680
2000
2680
1E80
1D80
1A80
1900
1E00
1A00
1800
1A80
0880
0C00
0980
0D00
0B80
0D80
0980
0B00
2C00
2680
2600
2280
2780
2900
2B80
2680
1880
1580
1380
1080
1480
1A80
1900
1880
1200
1400
1400
1700
1600
1800
1080
1A00
2200
1880
1E00
1900
1C80
1700
1C00
2000
1A80
1800
1A00
1F80
1A80
1700
1B00
2100
0B80
0880
0580
0680
0880
0600
0780
0580
3480
3700
3600
3400
3200
3780
3380
3580
0700
0980
0780
0C80
0C80
0700
0C80
0C00
2F00
3280
3200
3580
3280
3380
3100
3280
1F00
1680
1400
1A00
1880
1300
1700
1600
0600
0700
0880
0600
0800
0400
0500
0600
1F00
1880
1980
1680
1D80
1C00
1C80
2180
2900
2800
2B00
2E80
2A80
2800
2C00
2700
