(128, 1)
006E
0072
0071
0070
0070
0073
0070
006F
0031
0023
002B
002C
0029
0028
0029
0031
0051
0053
0053
0050
0052
0050
004E
004E
0074
0073
0071
0072
0074
0076
0075
0076
002E
0031
0030
0036
0033
0039
0032
0039
004F
0054
0048
0055
004B
0057
004C
004E
005B
005C
005B
0054
0056
0055
0056
005C
005F
0061
005A
0057
005B
005B
005D
005C
0037
0033
0039
002D
0038
0031
0037
002C
0037
0035
0036
0034
0036
0038
002D
0034
0047
0049
0048
0049
0045
0044
0045
0048
0047
0046
0044
0045
0045
0046
0043
0040
0046
004C
004A
0041
004B
004B
0049
0042
0056
0053
0051
0051
0056
0056
004B
0057
0054
004D
004A
0047
004F
004C
0048
0043
004F
0054
0055
004C
0054
0051
0052
0053
