(128, 1)
000A
0007
0009
0008
0009
0007
0008
000A
0024
0029
0020
0020
0028
0023
0020
0020
0007
0008
0008
000A
000A
000A
0006
0009
0007
0007
0007
0006
0006
0005
0007
0004
001B
0018
0016
0014
0017
001A
001D
001E
000B
000C
0010
000E
0012
0011
000B
0014
0012
0010
000D
0013
0011
0010
0012
0011
000B
000B
000F
0014
000F
000F
000D
0011
000D
0009
0007
0008
000A
0007
0008
0006
003A
003F
003F
0038
0037
0038
0043
003E
0006
0007
0006
0009
000B
0006
000A
0009
002B
002D
0030
002B
0030
002F
002A
0030
0017
0015
0010
0019
0014
0011
0017
0013
0003
0004
0005
0004
0004
0002
0003
0004
0016
0013
0018
0017
0016
0017
0018
001E
0022
001C
001D
0024
001A
001E
0022
001B
