(128, 1)
2100
1F80
2380
2100
2C00
2780
1F80
2600
1D80
1D80
1A80
1900
1E00
1A00
1780
1A80
0800
0B80
0980
0C00
0C00
0D00
0A00
0B80
2B80
2880
2800
2380
2780
2780
2B00
2400
1900
1500
1400
1100
1580
1A00
1A00
1880
1280
1400
1400
1780
1500
1780
1100
1900
2200
1880
1D80
1900
1D00
1700
1D00
2000
1B00
1900
1980
1F00
1B00
1800
1B80
2100
0C00
0800
0600
0580
0880
0680
0700
0580
3480
3680
3580
3400
3200
3700
3400
3580
0780
0980
0780
0C00
0C80
0700
0B80
0C00
2F80
3300
3280
3580
3180
3300
3100
3280
1E80
1580
1480
1B00
1900
1480
1700
1580
0500
0680
0800
0580
0700
0480
0480
0580
1E00
1800
1A80
1700
1E00
1C80
1D00
2200
2900
2780
2C80
2F00
2980
2900
2C80
2800
