(128, 1)
2080
2000
2380
2080
2B80
2880
1F80
2500
1E80
1C80
1A80
1900
1F00
1A00
1780
1B00
0880
0B00
0900
0C00
0B80
0D80
0A00
0B80
2A00
2900
2800
2480
2800
2700
2A00
2300
1900
1680
1400
1000
1500
1A80
1A00
1900
1180
1400
1380
1780
1580
1680
1100
1900
2280
1980
1C80
1980
1D80
1900
1C80
1F80
1980
1980
1900
1F80
1B00
1880
1A80
2080
0C80
0800
0600
0600
0800
0680
0780
0500
3480
3700
3580
3400
3200
3700
3380
3600
0780
0A00
0800
0C00
0C80
0800
0B80
0B80
2F80
3280
3200
3500
3200
3300
3100
3300
1E00
1580
1400
1B80
1900
1480
1780
1580
0500
0680
0880
0580
0700
0480
0500
0600
1D80
1980
1B00
1780
1E00
1B80
1C80
2180
2980
2700
2C80
2F80
2980
2A00
2C00
2880
