(128, 1)
2380
2180
2300
2900
2400
2680
1C00
2300
1B80
1D80
1800
1A00
1E80
1980
1900
1E00
0900
0A00
0A80
0B80
0D80
0D80
0680
0D00
2800
2C80
2980
2600
2600
2680
2600
1E80
1780
1480
1580
1100
1480
1780
1980
1B80
0D80
1100
1580
1280
1B80
1700
1180
1600
1D00
2080
1800
1D80
1E80
1D80
2080
1F00
1880
1D80
2000
2480
1B00
1C00
1C00
2300
0B80
0800
0780
0600
0880
0700
0580
0580
3580
3780
3580
3180
3000
3780
3400
3500
0980
0800
0680
0A00
0E80
0680
0B00
0980
3080
3300
3180
3480
3180
3580
3100
3400
1C80
1980
1780
1B80
1A80
1600
1C00
1B00
0400
0580
0600
0500
0500
0580
0380
0480
1D00
1580
1F00
1C00
1D00
1780
1E80
1D00
2A00
2780
3000
3180
2580
2A00
2E80
2A80
