(128, 1)
0035
0038
0040
003B
0052
0048
0039
0042
0018
0012
0016
0012
0015
0011
0010
0014
000A
0010
000C
000F
000E
0010
000F
000D
0051
0046
0046
0040
0048
004F
0050
0048
0016
0013
0011
000D
0013
001D
0016
0012
0019
001C
0018
0023
0019
001D
0015
0021
0034
0020
0030
001E
0028
001D
0027
002F
002A
0026
0024
0028
0026
001F
0029
0031
000A
0008
0004
0005
0006
0005
0008
0005
002F
0030
002C
0031
002F
0035
0026
002E
0008
000C
0009
0010
000D
0009
0010
000F
0033
0039
0035
0040
0036
0037
0038
0032
0026
0016
0018
001B
001D
0016
0016
0018
0009
0009
000D
0008
000C
0006
0006
0009
0029
001E
001C
0016
0026
0022
0022
0027
002F
0035
0039
003A
003C
0034
0036
0033
