(128, 1)
2180
2000
2380
2280
2980
2780
1F00
2480
1D80
1D00
1980
1900
1E00
1A80
1800
1B00
0880
0B80
0900
0C00
0C80
0D80
0900
0B80
2A00
2A00
2900
2480
2780
2700
2980
2200
1880
1500
1480
1080
1480
1A00
1A00
1980
1080
1380
1380
1600
1700
1780
1080
1880
2180
1B00
1B80
1A00
1D80
1980
1D80
1E80
1A00
1A00
1A80
2080
1B00
1900
1A80
2100
0C00
0880
0680
0600
0880
0680
0780
0580
3480
3700
3580
3380
3180
3780
3400
3580
0800
0980
0780
0B80
0D00
0700
0B80
0A80
2F80
3280
3280
3500
3180
3400
3100
3300
1E00
1700
1480
1B80
1980
1400
1880
1700
0500
0680
0780
0580
0680
0480
0400
0580
1E00
1880
1C00
1800
1D80
1A80
1D00
2080
2900
2780
2D00
2F80
2880
2900
2C00
2800
