(128, 1)
0031
0031
0037
002F
0049
003D
0036
003C
002A
0026
0024
0021
0028
0022
001E
001F
0007
000B
0009
0009
000B
000A
0008
000A
0042
0030
0035
002E
0033
0036
003B
0035
0018
0016
0011
0012
0013
0018
001A
0017
000A
000C
000B
000E
0009
000B
000A
000E
0029
001A
0026
0019
001F
0019
001E
0021
0009
0009
0008
000A
0009
0009
0008
000B
000D
0008
0005
0006
0009
0006
0009
0006
0033
003B
0034
0034
0032
0039
0033
003D
0001
0002
0001
0002
0002
0001
0002
0002
0047
0047
0049
0050
004D
0048
0047
004A
0026
001B
0019
0024
0022
0019
001D
001C
0009
0009
000D
0008
000C
0006
0007
0009
0006
0007
0004
0004
0007
0006
0005
0008
000C
0011
000F
0014
0011
0013
0013
0017
