(128, 1)
1F80
2000
2480
1E80
2D80
2880
2180
2600
1E00
1D80
1A80
1980
1E80
1A00
1680
1900
0800
0C00
0880
0C00
0B80
0D80
0B00
0B00
2C80
2600
2700
2300
2800
2900
2C80
2580
1A80
1680
1380
1000
1400
1B00
1A80
1780
1380
1500
1300
1980
1480
1680
1080
1B00
2400
1680
1F80
1800
1C80
1700
1C00
2000
1B00
1900
1780
1C80
1A00
1780
1980
2080
0B80
0880
0580
0600
0880
0600
0800
0580
3400
3600
3500
3480
3200
3680
3380
3600
0700
0A80
0880
0C80
0C00
0800
0B80
0C00
2F00
3380
3300
3580
3100
3280
3180
3200
1E00
1480
1300
1B00
1880
1300
1600
1480
0600
0700
0900
0580
0880
0400
0480
0600
1E00
1980
1980
1600
1E00
1D00
1C00
2380
2900
2800
2B00
2E00
2B80
2900
2C00
2700
