(128, 1)
1F80
1F80
2480
2080
2D00
2780
2080
2680
1E00
1D80
1A80
1900
1E80
1A00
1800
1A00
0880
0C00
0980
0C80
0C00
0D80
0A80
0B00
2C00
2680
2680
2300
2780
2900
2B80
2600
1880
1580
1380
1080
1500
1B00
1980
1800
1200
1480
1380
1800
1580
1700
1000
1A80
2380
1800
1E00
1880
1C80
1680
1C80
1F80
1A80
1900
1980
1E00
1A80
1700
1B80
2100
0B80
0880
0580
0600
0800
0680
0800
0600
3480
3700
3580
3480
3300
3680
3400
3600
0700
0A00
0800
0C80
0C00
0780
0C80
0C00
2F80
3300
3280
3580
3200
3380
3180
3200
1E80
1600
1400
1A80
1880
1400
1680
1500
0580
0680
0900
0600
0780
0400
0500
0680
1F00
1900
1A00
1600
1E00
1C80
1C80
2280
2900
2800
2B00
2E80
2A80
2900
2C00
2680
