(128, 1)
0007
0006
0007
0008
0009
0007
0007
0009
0021
002B
0020
0021
0029
0023
0020
0022
0005
0006
0005
0009
0008
0009
0006
0009
0006
0007
000B
0008
0007
0005
0006
0005
0020
001A
0019
0013
0018
001F
0020
001A
000C
000D
0013
000E
0013
000D
000D
0011
0012
000D
000F
0010
0013
0011
0014
0011
000D
000E
0011
0014
000E
000D
000F
0012
000D
000A
0006
0008
0008
0008
0007
0007
003B
003F
003C
0041
0037
0041
0041
003D
0007
0007
0006
0009
000B
0006
000A
0009
002B
002D
002B
0032
002A
0030
002D
0033
001A
0010
0013
0019
0015
000F
0012
0016
0002
0003
0005
0004
0004
0003
0003
0002
0012
0012
0018
0015
0015
0013
0017
001C
001D
0019
001F
0025
001B
001D
001E
001B
