(128, 1)
003A
0036
0035
0046
0036
003C
0029
0035
0025
0025
001D
0023
0025
0021
0020
002D
0009
0009
000B
0008
000C
000A
0003
000B
0039
0038
0034
0031
002E
0034
0033
0028
0015
0013
0015
0012
0014
0015
001A
0021
0005
0008
000D
000A
000D
000C
0007
000A
001F
0029
0017
0025
0023
0021
0028
001C
0009
000A
000C
000D
000A
0009
000A
000E
000B
0009
0009
0008
000A
0008
0006
0005
0038
0041
0037
0032
002D
003F
003A
003C
0002
0001
0001
0001
0003
0001
0002
0002
004B
0047
0046
004D
004E
004A
0043
0051
0025
0023
0023
0024
0026
001D
002C
0029
0005
0008
0007
0006
0006
0008
0005
0006
0006
0003
0007
0004
0007
0004
0006
0005
000F
000F
0016
0016
0010
0010
0016
0011
