(128, 1)
2000
1F80
2380
1F80
2D00
2780
2080
2600
1E00
1D80
1B00
1900
1E00
1A00
1780
1A00
0880
0C00
0900
0C80
0B80
0D80
0B00
0B00
2C80
2680
2780
2300
2880
2900
2B80
2580
1900
1500
1300
1100
1500
1A80
1980
1800
1300
1500
1400
1880
1480
1780
1080
1A00
2380
1780
1E80
1800
1D00
1600
1C80
1F80
1B00
1780
1800
1E80
1A80
1780
1A80
2180
0B80
0880
0580
0580
0880
0600
0800
0600
3400
3680
3500
3400
3300
3680
3380
3580
0700
0A00
0800
0C80
0B80
0800
0C00
0B80
2F80
3300
3280
3580
3200
3300
3100
3280
1F00
1500
1380
1A80
1880
1400
1600
1480
0580
0700
0900
0580
0800
0400
0500
0600
1E80
1980
1A00
1600
1E00
1D00
1C80
2280
2900
2880
2A80
2E80
2B80
2900
2B80
2680
