(128, 1)
2200
2180
2180
2900
2700
2580
1D00
2480
1C80
1D80
1900
1A00
1E80
1980
1980
1E00
0A00
0A00
0B00
0C80
0E00
0C80
0680
0C80
2980
2A00
2800
2680
2480
2900
2700
2180
1580
1400
1680
1100
1500
1780
1980
1B80
0E80
1080
1580
1380
1A00
1780
1100
1700
1D80
1F00
1880
1C80
1E80
1C00
1F80
1E00
1900
1D00
2100
2380
1C80
1B00
1D80
2400
0A80
0880
0700
0680
0980
0700
0680
0500
3500
3780
3600
3100
3100
3780
3480
3580
0900
0780
0600
0A80
0F00
0600
0C00
0A00
3000
3280
3080
3480
3280
3500
3100
3380
1D00
1980
1680
1980
1A80
1500
1B80
1A00
0480
0580
0680
0480
0600
0500
0400
0480
1D80
1500
1E80
1A80
1D00
1880
1E80
1C80
2B00
2880
2F80
3100
2800
2880
2E00
2A80
