(128, 1)
2500
2100
2200
2700
2280
2780
1B80
2200
1B00
1D80
1780
1A80
1F00
1980
1800
1C80
0980
0900
0A00
0B00
0D00
0D00
0700
0C80
2600
2D80
2B80
2680
2680
2400
2580
1C00
1800
1600
1580
1100
1400
1780
1B00
1C00
0E00
1100
1580
1380
1B00
1600
1080
1600
1D80
2100
1780
1E00
1E80
1E80
2080
1D80
1900
1E80
1F80
2480
1B80
1D80
1B80
2180
0C00
0880
0780
0680
0900
0780
0600
0500
3500
3700
3500
3200
2F00
3700
3400
3480
0A80
0900
0700
0A00
0F00
0680
0A80
0980
3080
3300
3100
3380
3100
3500
3080
3400
1B00
1980
1700
1C80
1B00
1680
1C80
1900
0400
0580
0600
0580
0500
0600
0380
0480
1C00
1500
1F80
1C00
1E80
1680
1E00
1C80
2B80
2700
3100
3180
2380
2A80
2E00
2B00
