(128, 1)
000B
0008
0009
0008
0009
0008
0007
000A
0023
0029
001E
0021
0028
0023
0021
0022
0007
0007
0008
000A
000A
000A
0005
000B
0007
0008
0007
0007
0006
0004
0007
0004
001B
0017
0017
0016
0017
0018
001D
0021
000A
000B
0010
000D
0014
0012
000B
0012
0010
0012
000A
0015
0011
0012
0012
0012
000A
000D
0011
0018
000F
0010
000C
0012
000D
0009
0009
0009
000B
0007
0006
0006
003B
003C
0040
0038
0035
0038
0041
003E
0007
0007
0005
0009
000D
0005
0008
0008
002C
002D
002F
002B
002E
0031
0029
0033
0016
0018
0011
0018
0016
0011
001B
0014
0002
0004
0004
0003
0003
0003
0003
0003
0014
0011
001B
001B
0014
0014
0016
001A
0023
001A
001F
0024
0019
001D
0023
001B
