(128, 1)
0070
0071
0070
006F
006F
0072
0071
006C
0035
0020
0030
002B
0025
0029
0029
002D
0056
0056
0056
0049
0056
0054
004E
004F
0075
0074
006D
0070
0073
0076
0075
0073
002A
002F
0031
0035
0033
0031
0035
003E
004D
0054
0040
0056
004A
005A
0049
0055
005B
005F
005D
0057
0056
0058
0056
0059
005E
005B
0056
0051
005B
0060
005A
005B
0036
0030
003C
0032
003C
002D
0039
002C
0036
0036
0038
002A
0039
0031
0032
0035
0047
004D
004B
0046
0043
0049
0040
004C
0047
0045
0047
0040
004A
0043
0042
003D
0045
0052
0043
0048
0047
0051
0050
003F
005A
0056
004E
0052
0056
0058
0047
005A
0056
0050
0046
004B
0055
0051
004F
0049
0051
0057
0051
004C
0052
0054
0054
0056
