(128, 1)
006D
006E
006D
0071
006F
0071
006F
0069
0032
0022
0031
002C
0028
0028
002B
0032
0050
0050
0052
0045
004F
004E
004E
004A
0074
0074
0071
0072
0072
0077
0073
0074
002D
0031
0037
002F
0035
0035
0037
0038
004B
0052
0048
0052
004F
0051
004D
004F
005D
005D
0061
0054
0059
0059
0059
0057
0061
005F
005B
0052
005C
005B
0060
005E
0033
0033
0034
002C
0034
0033
0037
0031
0039
0039
0034
002F
003A
0038
0032
0035
004E
0048
0044
0045
0044
0043
0047
0049
0046
0046
0042
0044
0047
0042
0046
003F
004A
004B
0049
0046
0048
004F
0048
0047
0057
0051
004D
0050
0056
0058
0048
0053
0054
004A
0045
0046
0053
004B
0052
0046
004D
0056
0053
004F
0054
0053
0050
0056
