(128, 1)
006F
0072
0071
006F
0070
0074
0070
0070
0030
0024
002C
002D
002B
0029
002A
0032
0053
0055
0055
0052
0054
0051
004E
004E
0074
0073
0070
0072
0074
0075
0075
0076
0030
0032
002F
0037
0034
0039
0031
0039
0051
0053
0048
0055
0049
0058
004B
004E
005B
005B
005B
0053
0056
0055
0055
005F
005F
0060
005A
0057
005A
005B
005B
005B
0037
0031
0039
002C
003A
0030
0036
002A
0037
0033
0038
0034
0035
0036
002C
0034
0046
0049
0048
004A
0047
0044
0043
0047
0047
0046
0045
0046
0045
0046
0043
0040
0046
004D
0049
0040
004C
004A
004A
0041
0055
0055
0051
0050
0057
0056
004A
0057
0054
004C
004A
0046
004E
004C
0045
0042
004F
0052
0056
004B
0054
0050
0052
0052
