(128, 1)
0071
0073
0072
006E
006F
0074
0071
006F
0034
0020
002C
002D
0028
0029
0029
002D
0056
0057
0057
0052
0056
0055
004E
0051
0075
0073
006E
0071
0073
0075
0076
0075
002C
0030
002B
0039
0032
0035
0030
003E
0050
0055
0043
0056
0047
005D
0048
0052
005A
005E
0059
0056
0055
0054
0053
005E
005D
005D
0056
0056
005B
005F
0059
005B
0039
0030
003D
0030
003E
002D
0038
0029
0036
0033
0039
0030
0036
0032
002D
0035
0043
004D
004B
004A
0046
0049
0040
004A
0047
0045
0048
0042
0048
0046
0041
003E
0042
0051
0045
0042
004A
004E
004F
003E
0057
0057
0052
0051
0057
0056
0049
005A
0056
0051
0049
004A
0050
0051
0046
0046
0052
0054
0053
004B
0053
0051
0055
0052
