(128, 1)
006E
0072
0071
006F
0070
0074
0070
0070
0030
0023
002C
002E
002A
0028
002A
0031
0052
0055
0055
0051
0053
0052
004E
004E
0074
0073
0070
0072
0074
0075
0075
0076
0030
0032
002F
0037
0034
003A
0032
003A
0051
0054
0048
0056
0048
0058
004B
004D
005A
005B
005B
0054
0056
0054
0055
005E
005F
0060
0059
0058
005B
005B
005D
005B
0038
0032
0039
002D
0039
0030
0037
002B
0037
0033
0037
0036
0036
0037
002C
0035
0046
0049
0049
004A
0047
0045
0044
0048
0047
0046
0046
0046
0045
0047
0044
0040
0045
004D
004A
0040
004D
004A
0049
0041
0056
0054
0052
004F
0057
0056
004A
0056
0054
004D
004A
0046
004E
004B
0045
0043
004F
0052
0056
004C
0054
0050
0052
0052
