(128, 1)
2200
2100
2300
2680
2800
2680
1E00
2400
1C80
1D80
1900
1A00
1E80
1980
1900
1D00
0980
0B00
0A80
0C00
0C80
0D00
0700
0C00
2A80
2A00
2800
2480
2600
2900
2800
2300
1700
1500
1480
1080
1500
1800
1980
1B00
0F00
1180
1580
1400
1980
1700
1080
1880
1E80
1D80
1A80
1C00
1D80
1B00
1F00
1E80
1980
1C00
1F00
2200
1A80
1900
1C00
2280
0B80
0880
0700
0600
0980
0700
0680
0500
3580
3780
3580
3200
3100
3780
3400
3580
0880
0880
0680
0A80
0E00
0680
0C00
0A80
3000
3280
3180
3500
3280
3480
3100
3380
1D80
1900
1680
1A00
1A00
1400
1A80
1900
0480
0680
0700
0580
0680
0480
0400
0580
1E00
1500
1D00
1A00
1D00
1A00
1E00
1E00
2A80
2880
2E00
3080
2780
2880
2E00
2980
