(128, 1)
0034
0038
003E
003B
0051
0048
003B
0044
001A
0011
0016
0012
0015
0011
0010
0014
000A
0010
000B
0010
000E
0011
000F
000D
0051
0046
0046
003F
0048
004F
0050
0048
0016
0013
0010
000C
0012
001C
0016
0012
0019
001C
0018
0023
0019
001E
0016
0021
0033
001F
0030
001E
0028
001F
0026
002D
0029
0027
0024
0029
0026
001F
002A
0031
000A
0008
0004
0004
0006
0005
0008
0005
002F
0030
002B
0030
002F
0035
0026
002F
0008
000C
0009
0010
000C
0009
0010
000F
0033
0039
0034
0040
0036
0037
0038
0032
0027
0016
0017
001B
001D
0016
0016
0018
0009
0009
000C
0007
000C
0006
0007
0008
0029
001F
001C
0016
0026
0023
0022
0027
0030
0034
0039
003A
003B
0034
0036
0034
