(128, 1)
2300
2080
2280
2600
2500
2780
1D80
2300
1C80
1D80
1880
1A00
1E80
1980
1800
1C80
0900
0A80
0980
0B00
0D00
0C80
0800
0C80
2800
2B80
2A00
2600
2680
2580
2700
1F80
1880
1680
1400
1080
1500
1900
1A00
1B00
0E00
1200
1400
1380
1980
1680
1080
1700
2000
1D80
1980
1C80
1E00
1D00
1F00
1F00
1980
1D00
1E00
2200
1A80
1A80
1A80
2200
0B80
0880
0700
0680
0880
0700
0680
0480
3500
3680
3580
3300
3100
3700
3400
3580
0900
0900
0780
0B00
0E80
0680
0A80
0A00
3080
3300
3180
3400
3180
3480
3080
3400
1C80
1880
1600
1C00
1A00
1480
1B00
1880
0480
0580
0680
0580
0600
0500
0400
0480
1C00
1700
1D80
1A00
1E00
1800
1D80
1E00
2A80
2700
2F80
3080
2600
2A80
2D80
2A00
