(128, 1)
2480
2180
2180
2900
2300
2680
1B80
2200
1B00
1D80
1800
1A00
1E00
1980
1900
1E00
0A00
0A00
0B00
0C00
0E00
0D00
0680
0D00
2700
2D80
2A80
2680
2500
2580
2500
1D80
1700
1500
1580
1100
1500
1680
1A80
1C00
0D80
1080
1600
1280
1B80
1700
1180
1600
1D80
2100
1780
1E00
1E80
1E80
2080
1D80
1880
1E00
2000
2580
1C00
1C80
1C80
2280
0B80
0880
0780
0600
0980
0780
0580
0500
3500
3780
3580
3180
2F80
3780
3500
3500
0A00
0780
0680
0980
0F00
0680
0A80
0900
3100
3300
3100
3400
3180
3500
3080
3400
1C00
1A00
1800
1B80
1B00
1700
1C80
1A00
0400
0580
0580
0500
0500
0600
0380
0400
1C00
1400
1F80
1C80
1E00
1680
1F00
1C00
2B80
2780
3080
3200
2480
2980
2E80
2B80
