(128, 1)
0033
0034
0037
0034
0040
003D
0031
003A
0028
0024
0023
0020
0024
0023
001E
0024
0008
0009
000A
000A
000C
000C
0007
000C
0039
0039
0038
0031
0036
0033
0035
002C
0016
0017
0012
0010
0016
0018
001F
001E
0008
000A
000A
000B
000D
000D
0008
000D
0022
0020
0022
0021
001D
001A
0022
001F
0009
0009
000A
0009
000A
000C
0009
000E
000D
0007
0007
0006
0009
0007
0007
0006
0032
003D
003D
0033
0030
0038
0032
0043
0001
0001
0002
0001
0002
0001
0002
0002
0046
0045
0044
004F
0048
004B
004A
004D
0027
001B
0019
0023
0026
001C
0020
001E
0007
0009
0009
0008
000A
0007
0006
0007
0007
0004
0005
0004
0005
0007
0005
0009
0011
0013
0011
0015
0010
000F
0014
0012
