(128, 1)
0033
0037
0040
0038
0053
0048
003B
0045
0018
0012
0016
0012
0015
0011
000F
0013
000A
0010
000B
0010
000E
0011
000F
000D
0051
0046
0049
0040
004A
004D
0051
004B
0017
0013
0010
000D
0012
001E
0018
0012
001B
001D
0019
0022
0017
001D
0015
0022
0035
001D
0030
001C
0029
001D
0028
002F
002A
0025
0021
0026
0026
0020
0029
0031
000A
0008
0004
0004
0006
0006
0008
0006
002F
002F
002C
0032
002E
0036
0025
002E
0008
000C
000A
0010
000D
0009
000F
000F
0035
0039
0035
0041
0035
0038
0038
0033
0026
0015
0017
001C
001D
0017
0014
0016
0009
0009
000D
0008
000D
0006
0007
0008
0028
001F
001B
0015
0027
0022
0021
0027
0030
0034
0039
0039
003D
0032
0035
0032
