(128, 1)
2100
2100
2380
2700
2980
2680
1E00
2480
1D80
1D00
1900
1980
1E80
1A00
1A00
1C80
0980
0A80
0B00
0C80
0D80
0D00
0780
0C00
2A80
2980
2680
2480
2580
2980
2900
2300
1680
1480
1500
1100
1500
1880
1900
1B00
0F80
1200
1480
1480
1880
1800
1080
1880
1F00
1D00
1B00
1B80
1D80
1B00
1F00
1E00
1900
1B00
1F80
2200
1B00
1800
1C80
2300
0A80
0800
0680
0700
0900
0700
0680
0580
3580
3800
3600
3200
3200
3700
3480
3580
0880
0880
0700
0B80
0D80
0680
0D00
0A80
2F80
3200
3180
3500
3280
3480
3180
3300
1D80
1880
1600
1900
1980
1380
1980
1880
0500
0700
0700
0500
0680
0480
0380
0580
1E00
1600
1D00
1A00
1C80
1A80
1D80
1E80
2B80
2900
2D80
3080
2980
2800
2D80
2980
