(128, 1)
0038
0038
0035
0041
0036
003C
002B
0036
0024
0024
001E
0021
0023
0021
001F
002A
0008
0008
0009
0008
000B
000A
0004
000B
003A
003E
0039
0034
0033
0035
0036
002B
0016
0015
0013
0012
0014
0016
001C
0020
0006
0009
000E
000A
000D
000C
0008
000B
0021
0027
001B
0025
0023
0021
0027
001E
0008
0009
000C
000B
0009
0009
000A
000D
000E
000A
0009
0009
000B
0009
0007
0007
0033
003E
0038
002F
002A
003D
0034
003C
0002
0001
0002
0001
0003
0001
0002
0002
004A
0047
0047
004E
004C
004B
0043
0050
0024
0020
001E
0024
0025
001C
0028
0023
0005
0008
0008
0008
0006
0008
0005
0007
0006
0003
0007
0004
0006
0004
0006
0006
000F
0010
0014
0016
0010
0011
0015
0012
