(128, 1)
0034
0034
0035
0043
0041
003D
002F
0037
0026
0027
001F
0023
0028
0022
0020
0029
0008
000A
000A
0008
000C
0009
0004
000B
003C
0032
0032
002F
002B
0035
0037
002F
0017
0013
0014
0013
0013
0014
0019
001D
0007
000A
000D
000C
000B
000B
0009
000C
0024
0023
001C
001E
0023
001F
0026
001E
0009
0009
000B
000D
0009
0008
0009
000C
000C
0008
0007
0008
0009
0008
0007
0005
0038
0041
0034
0033
002E
003F
0039
003B
0002
0001
0001
0002
0003
0001
0002
0002
004A
0047
0049
004D
004F
0049
0041
004E
0026
0021
0021
0022
0024
001A
0027
0026
0007
0009
0009
0006
0008
0007
0006
0006
0006
0005
0006
0004
0007
0003
0005
0005
000D
000E
0013
0016
0011
0012
0015
0015
