(128, 1)
006D
006F
006E
0071
006F
0072
006F
006A
0032
0023
0030
002B
0028
0028
002B
0032
0050
0051
0051
0047
0050
004F
004E
004B
0074
0074
0071
0072
0073
0077
0073
0075
002E
0032
0036
0031
0035
0036
0036
0038
004C
0052
0047
0054
004E
0052
004D
004F
005D
005D
0061
0055
0059
0057
0058
0058
0060
005F
005A
0052
005B
005B
005F
005E
0033
0033
0034
002C
0034
0033
0037
0030
0038
0038
0035
0031
0039
0038
0031
0035
004C
0047
0044
0045
0045
0043
0047
0049
0046
0045
0043
0045
0046
0042
0046
003F
004A
004B
004A
0045
0048
004D
0048
0046
0056
0051
004E
004F
0056
0058
0048
0054
0054
004A
0046
0047
0052
004A
0050
0046
004D
0056
0054
004E
0053
0052
0050
0056
