(128, 1)
0034
0034
0037
0040
0043
003D
002F
0039
0027
0026
0021
0022
0028
0021
0020
0028
0007
000A
0009
0008
000C
0009
0004
000A
003F
0031
0032
002E
002E
0036
0037
0031
0017
0015
0013
0013
0014
0015
0019
001B
0007
000A
000C
000C
000A
000B
0009
000C
0026
0021
001E
001F
0021
001F
0023
001F
0009
000A
000B
000C
0009
0008
0009
000C
000D
0009
0006
0008
0009
0008
0007
0005
0038
0040
0033
0033
002F
003E
0038
003A
0001
0002
0001
0002
0002
0001
0002
0002
004A
0048
0048
004F
0050
0048
0044
004E
0026
0021
001F
0024
0022
001A
0026
0025
0007
0009
000A
0007
0009
0006
0006
0007
0005
0005
0005
0004
0007
0004
0005
0005
000C
000F
0013
0015
0010
0013
0014
0015
