(128, 1)
1F80
2000
2300
2200
2C00
2680
1F80
2500
1E00
1D80
1A80
1980
1E00
1A80
1800
1A80
0880
0C00
0980
0D00
0C80
0D00
0980
0B80
2B80
2680
2600
2280
2680
2880
2B00
2600
1780
1480
1400
1080
1480
1980
1900
1900
1180
1300
1380
1680
1580
1800
1080
1980
2180
1800
1D00
1900
1C80
1780
1D00
1E80
1A00
1800
1A00
1F80
1B00
1700
1B80
2200
0B00
0880
0600
0600
0880
0600
0780
0500
3480
3780
3580
3380
3280
3700
3400
3580
0780
0880
0700
0C00
0C80
0680
0C80
0B80
2F00
3280
3200
3580
3280
3400
3100
3200
1E80
1680
1480
1980
1900
1300
1780
1600
0600
0680
0800
0500
0780
0400
0480
0580
1E80
1800
1A80
1680
1D00
1B80
1C80
2100
2900
2800
2B00
2F00
2A80
2880
2C00
2680
