(128, 1)
2200
2180
2300
2800
2800
2580
1D80
2480
1C80
1D80
1900
1A00
1E80
1980
1900
1D00
0980
0A80
0A80
0C80
0D80
0D00
0700
0C00
2980
2A00
2680
2500
2580
2A00
2700
2200
1600
1480
1600
1080
1500
1800
1900
1B80
0E80
1180
1480
1400
1980
1780
1100
1780
1F00
1D80
1A00
1C00
1D80
1C00
1F80
1D80
1900
1C00
1F80
2300
1B00
1980
1D00
2300
0B00
0800
0700
0700
0880
0700
0700
0480
3580
3800
3600
3200
3180
3780
3400
3580
0900
0800
0600
0B00
0E00
0600
0D00
0A80
2F80
3280
3100
3500
3280
3500
3180
3300
1D80
1980
1700
1900
1A80
1400
1A80
1800
0500
0680
0700
0500
0600
0480
0400
0580
1E00
1480
1D00
1B00
1D00
1980
1E00
1E00
2B00
2880
2E00
3080
2880
2880
2D80
2980
