(128, 1)
2380
2080
2280
2500
2500
2780
1D80
2300
1D00
1D00
1880
1A00
1E80
1980
1800
1C80
0900
0A80
0980
0C00
0D00
0D80
0700
0C80
2800
2C00
2900
2600
2680
2580
2700
1F80
1880
1680
1480
1100
1480
1900
1A80
1B00
0E00
1200
1480
1480
1900
1680
1100
1700
2000
1F00
1980
1C80
1E80
1D00
1E80
1E00
1980
1D80
1E00
2280
1B00
1B80
1B80
2100
0C80
0800
0700
0700
0880
0700
0680
0480
3500
3680
3580
3300
3080
3780
3480
3500
0900
0900
0780
0B00
0E00
0680
0A80
0A00
3100
3300
3200
3480
3180
3480
3100
3380
1C80
1880
1600
1C00
1980
1500
1B00
1880
0480
0580
0680
0580
0600
0500
0400
0500
1C80
1700
1E00
1A80
1E00
1800
1D00
1E00
2A80
2700
2F80
3080
2600
2A80
2D80
2A00
