(128, 1)
0008
0007
0007
0009
0009
0008
0006
000A
001F
002B
001E
0021
0029
0022
0021
0024
0006
0006
0005
0009
0008
0008
0005
0009
0005
0007
000B
0008
0007
0005
0005
0005
001F
0019
0018
0013
0018
001D
001F
001B
000A
000B
0013
000C
0015
000D
000D
000F
0011
0010
000D
0011
0012
0012
0014
0011
000C
0010
0013
0018
000F
000E
000F
0012
000E
000A
0008
0008
0009
0009
0007
0006
003C
003D
003A
0040
0034
0042
003F
003D
0008
0006
0005
0009
000D
0005
0009
0007
002A
002F
002B
0033
0029
0032
002C
0034
0019
0011
0014
0017
0017
000F
0015
0019
0002
0003
0004
0003
0003
0003
0003
0002
0011
0010
001C
0016
0013
0010
0016
0018
001E
0017
0021
0026
001A
001D
001E
001B
