(128, 1)
2580
2180
2200
2A00
2200
2680
1A80
2200
1B00
1D80
1700
1A00
1E80
1980
1980
1E80
0A00
0980
0B00
0C00
0E00
0D00
0680
0D80
2700
2E00
2A00
2680
2500
2680
2400
1D00
1600
1500
1580
1100
1500
1780
1A80
1C80
0D00
1000
1600
1180
1C00
1700
1100
1500
1C80
2280
1600
1E80
1F00
1F00
2080
1D80
1880
1E80
2200
2580
1C00
1D00
1D80
2380
0B80
0880
0800
0600
0980
0780
0600
0500
3580
3780
3600
3100
3000
3700
3500
3500
0A80
0800
0680
0980
0F80
0580
0B00
0900
3080
3280
3100
3400
3180
3580
3080
3400
1B80
1B80
1880
1B80
1B00
1580
1E00
1B00
0380
0580
0580
0500
0500
0600
0380
0480
1C00
1400
2000
1D80
1D80
1580
1F00
1B00
2B00
2700
3080
3280
2400
2980
2E80
2C80
