(128, 1)
2400
2180
2280
2A00
2480
2580
1B80
2280
1C00
1D80
1880
1A80
1E80
1980
1A00
1E80
0A00
0A00
0B80
0C00
0D80
0C80
0680
0D00
2800
2C00
2880
2580
2480
2780
2580
1F80
1680
1400
1680
1180
1500
1700
1980
1C80
0D00
1000
1500
1280
1B80
1780
1100
1680
1D80
2080
1700
1D80
1E00
1E00
2080
1D00
1800
1E00
2200
2500
1B80
1A80
1E00
2480
0B00
0880
0800
0700
0900
0700
0600
0500
3600
3800
3600
3180
3080
3780
3500
3580
0A00
0780
0600
0A80
0F00
0600
0B80
0980
3000
3300
3080
3480
3200
3500
3100
3400
1C80
1A80
1780
1A00
1B00
1500
1D00
1A80
0400
0600
0600
0480
0580
0500
0400
0480
1D00
1400
1F00
1C80
1D00
1780
1E80
1C80
2B80
2800
2F80
3200
2680
2980
2E00
2B80
