(128, 1)
0036
003A
003D
0040
004C
0046
0037
0040
0019
0011
0016
0013
0015
0011
0010
0015
000B
0010
000D
0010
0010
0011
000D
000D
0051
0046
0046
0041
0046
004D
004D
0045
0014
0011
0011
000E
0012
001A
0016
0014
0017
001A
0018
001F
0019
001E
0016
0021
0031
0024
002D
0020
0029
0021
0029
002C
0028
0027
0028
002A
0029
0021
002B
0034
000A
0007
0004
0004
0007
0006
0007
0005
002F
0031
002C
002C
002F
0034
0027
002E
0009
000B
0009
000F
000D
0008
000F
000E
0034
0039
0034
003F
0036
0036
0038
0033
0026
0019
0019
001A
001C
0017
0017
0019
0008
0009
000B
0007
000A
0006
0006
0008
0028
001D
001C
0017
0027
0022
0024
0026
0031
0036
003A
0039
0039
0033
0037
0035
