(128, 1)
0034
0034
0037
003B
0044
003D
0032
0039
0028
0026
0021
0022
0028
0022
0021
0026
0008
000A
000A
0009
000C
000A
0005
000A
003F
0031
0033
002E
002E
0036
003A
0032
0016
0014
0012
0013
0013
0015
0019
001A
0008
000A
000C
000C
000A
000B
000A
000C
0026
001F
001F
001C
0023
001D
0022
0020
0009
0009
000A
000C
0009
0008
0009
000C
000D
0008
0007
0007
0009
0007
0007
0006
0036
003F
0033
0034
0030
003D
0038
003A
0001
0002
0001
0002
0002
0001
0002
0002
004A
0046
0049
004E
0050
0049
0044
004D
0026
0020
001E
0024
0022
001A
0025
0021
0007
0009
000A
0007
0009
0006
0005
0008
0005
0005
0006
0004
0007
0004
0005
0006
000C
000F
0012
0015
0011
0013
0014
0017
