(128, 1)
006D
006E
006E
0071
006F
0072
006F
006A
0032
0023
0031
002C
0029
0028
002B
0033
004F
0050
0052
0045
004E
0050
004E
004A
0074
0074
0071
0072
0073
0077
0073
0075
002D
0033
0037
0030
0035
0036
0035
0037
004C
0052
0048
0053
004E
0052
004E
004D
005C
005C
0061
0056
005A
0058
0058
0058
0060
005F
005B
0053
005B
005B
0061
005D
0033
0032
0033
002A
0034
0034
0037
002F
0037
0039
0034
0032
0039
0039
0031
0035
004D
0046
0043
0045
0045
0042
0048
0049
0045
0045
0043
0045
0045
0042
0046
003F
0049
004A
004C
0046
0048
004D
0047
0047
0056
0052
004E
004F
0056
0059
0047
0052
0054
0049
0046
0045
0053
004A
0051
0048
004E
0056
0054
004E
0053
0052
0050
0056
