(128, 1)
006D
006F
006E
0071
006F
0071
0070
0069
0034
0022
0031
002A
0028
0029
002A
0030
0051
0051
0052
0046
0050
004F
004E
004B
0074
0074
0070
0071
0073
0077
0073
0074
002C
0030
0036
0030
0034
0034
0036
0038
004B
0054
0047
0054
004D
0052
004C
0050
005C
005E
0060
0056
0058
0058
0059
0056
005F
005F
0059
0051
005B
005B
005F
005E
0034
0031
0036
002C
0034
0032
0038
002F
0036
0039
0034
002E
003A
0037
0032
0035
004D
0048
0045
0044
0043
0043
0046
004A
0046
0045
0043
0043
0047
0043
0046
003D
0049
004C
0048
0048
0047
004F
0049
0046
0057
0052
004E
0051
0056
0058
0047
0054
0055
004C
0045
0048
0055
004B
0052
0048
004E
0057
0052
004E
0053
0053
0050
0056
