(128, 1)
1F80
1F00
2480
2000
2D00
2780
2080
2600
1E80
1D80
1B00
1980
1E00
1A00
1800
1980
0880
0C00
0980
0D00
0C00
0D80
0A00
0B00
2C80
2680
2780
2300
2800
2880
2B80
2580
1880
1580
1300
1080
1500
1B00
1980
1880
1280
1480
1400
1780
1480
1800
1080
1A80
2280
1700
1E80
1880
1D00
1680
1C80
2000
1A80
1780
1900
1E80
1A80
1780
1A80
2100
0B80
0880
0580
0600
0880
0600
0780
0600
3480
3680
3580
3400
3300
3680
3380
3600
0700
0980
0800
0C80
0C00
0780
0C80
0C00
2F80
3300
3280
3580
3200
3380
3180
3280
1F00
1580
1400
1A00
1880
1400
1580
1500
0580
0680
0900
0580
0800
0400
0500
0600
1F00
1A00
1A80
1600
1D80
1D00
1C80
2280
2900
2880
2B80
2F00
2B80
2900
2C00
2600
