(128, 1)
003F
003D
003E
0046
0041
0048
0032
003D
0015
0011
0011
0014
0014
0010
0012
0018
000D
000E
000E
000E
0012
0012
0008
0010
004A
0051
0049
0045
0046
0048
0048
0039
000F
0011
0012
000F
0012
0012
0015
001C
0011
0016
0018
0019
0021
0021
0015
001E
002B
0031
0023
0028
002B
002A
002C
002D
0026
002D
002C
0031
0027
002A
0029
0032
000B
0007
0008
0005
000A
0006
0005
0003
002F
0031
0030
0025
0029
002E
0027
002D
000C
0009
0007
000B
0012
0008
000C
000C
0036
0038
0038
0037
0038
0039
0035
0035
001E
0021
001B
001E
0020
001C
0024
001C
0006
0009
0008
0007
0008
0009
0005
0007
0026
0019
0024
0021
0027
001C
0023
0020
0038
0036
0040
003D
0032
0037
003E
003A
