(128, 1)
0070
0071
0070
006F
006F
0073
0070
006C
0034
0020
0030
002B
0027
0028
0029
002E
0055
0056
0056
004A
0054
0053
004D
004E
0075
0074
006E
0071
0072
0076
0075
0074
002B
0031
0030
0034
0034
0033
0034
003C
004D
0053
0042
0054
004B
0058
0049
0052
005B
005E
005D
0057
0057
0056
0056
005A
005F
005C
0056
0053
005B
005F
005C
005D
0036
0030
003A
002F
003C
002E
0038
002C
0037
0036
0037
002D
0038
0033
0030
0035
0048
004A
0049
0047
0045
0047
0041
004B
0046
0045
0047
0041
0048
0043
0043
003F
0046
0050
0045
0046
0048
004F
004D
0040
0058
0056
0050
0051
0056
0057
0047
0059
0056
004E
0047
0049
0053
004F
004E
0048
0051
0056
0052
004D
0053
0052
0053
0055
