(128, 1)
2280
2080
2280
2580
2600
2780
1D80
2300
1B80
1D80
1880
1A80
1E80
1980
1800
1C80
0900
0A80
0980
0B80
0D00
0D00
0780
0C80
2800
2C00
2B00
2600
2680
2580
2700
1F80
1800
1600
1500
1100
1480
1780
1A80
1B00
0E80
1100
1480
1500
1A00
1700
1080
1780
1F80
1E80
1980
1C00
1E80
1D00
1F80
1E80
1980
1D80
1E00
2280
1B00
1C00
1B80
2280
0C80
0880
0700
0680
0900
0700
0600
0500
3580
3680
3580
3280
3000
3700
3400
3500
0900
0900
0680
0A80
0E00
0680
0B00
0A80
3080
3280
3200
3400
3180
3480
3080
3400
1C00
1800
1680
1C00
1A80
1600
1B00
1880
0480
0680
0700
0580
0600
0600
0400
0480
1C80
1580
1E00
1A80
1E00
1880
1E00
1E00
2A80
2700
2F80
3080
2600
2A00
2D80
2A00
