(128, 1)
2300
2280
2300
2B80
2480
2580
1B00
2280
1B80
1D80
1800
1A80
1F00
1980
1980
1F00
0A00
0A00
0B80
0C80
0E80
0C80
0600
0D80
2800
2C00
2880
2580
2480
2800
2580
1F80
1500
1400
1700
1100
1500
1700
1900
1C80
0C80
0F80
1680
1200
1C80
1800
1180
1680
1C80
2080
1700
1D00
1F00
1F00
2100
1C80
1880
1E80
2200
2580
1C00
1B80
1E80
2400
0B00
0900
0800
0680
0900
0780
0600
0480
3600
3800
3600
3100
3080
3780
3500
3500
0A00
0700
0580
0A00
0F80
0580
0C80
0900
3000
3280
3080
3480
3200
3580
3100
3380
1C80
1B00
1780
1980
1B80
1480
1D80
1B00
0480
0680
0600
0480
0580
0500
0400
0480
1D00
1300
1F00
1C80
1C80
1700
1E80
1B80
2B80
2900
3000
3200
2600
2800
2E00
2B00
