(128, 1)
0070
0071
0070
006F
0070
0072
0071
006C
0036
001F
0030
002B
0025
0029
0029
002D
0056
0056
0056
0049
0055
0054
004E
004F
0075
0074
006D
0070
0072
0076
0075
0073
002A
0030
0030
0034
0032
0031
0035
003D
004D
0054
0042
0056
004A
0059
0048
0053
005C
005F
005D
0057
0057
0058
0056
005A
005F
005C
0056
0051
005B
005F
005B
005B
0036
0030
003B
0031
003C
002C
0039
002B
0035
0035
0038
002C
0039
0031
0031
0035
0048
004C
0049
0046
0043
0047
0040
004C
0047
0044
0047
0040
004A
0042
0042
003D
0045
0051
0044
0047
0047
0051
004F
0040
0059
0056
004F
0052
0056
0058
0047
0059
0056
004F
0046
004A
0055
0050
004F
0049
0052
0057
0051
004D
0052
0054
0054
0055
