(128, 1)
2200
2180
2180
2980
2780
2580
1D00
2300
1C00
1E00
1880
1A80
1F00
1980
1A80
1D80
0980
0A00
0B80
0C80
0E00
0C00
0680
0C80
2900
2A00
2700
2580
2480
2900
2700
2280
1580
1400
1680
1180
1500
1780
1900
1C00
0E80
1000
1580
1300
1A80
1800
1100
1780
1E00
1E80
1900
1C00
1E00
1C00
2000
1D00
1900
1D00
2100
2300
1C00
1A00
1E00
2380
0A80
0880
0780
0680
0980
0780
0680
0480
3580
3780
3580
3200
3100
3780
3480
3580
0980
0780
0580
0B00
0E80
0600
0D00
0A00
3000
3200
3100
3480
3280
3580
3180
3380
1D00
1980
1800
1880
1A00
1500
1B80
1A00
0480
0580
0680
0480
0600
0500
0400
0580
1D80
1480
1E00
1B00
1C80
1880
1E00
1D00
2B80
2980
2E80
3100
2800
2880
2E80
2A80
