(128, 1)
0032
0034
0038
0032
0046
003C
0032
003B
0029
0025
0024
0020
0025
0022
001F
0022
0007
000A
0009
000A
000B
000B
0007
000B
003D
0035
0035
002F
0035
0035
0039
0030
0017
0017
0012
0011
0015
001A
001D
001B
0009
000A
000B
000C
000A
000B
0009
000E
0024
001D
0024
001C
001E
0018
001F
0020
0009
0009
0009
0009
000A
000A
0009
000C
000D
0007
0006
0006
0009
0007
0008
0006
0032
003C
0038
0032
0031
0038
0033
0040
0001
0002
0001
0002
0002
0001
0002
0002
0046
0045
0046
004F
004B
004A
0049
004A
0028
001B
0019
0023
0025
001A
001E
001D
0007
0009
000B
0007
000A
0006
0006
0007
0007
0006
0005
0003
0006
0006
0005
0008
000E
0011
0010
0014
0011
0010
0014
0014
