(128, 1)
0035
0034
0037
003B
0043
003D
0032
0039
0027
0026
0021
0022
0028
0022
0020
0027
0008
000A
000A
0008
000C
000A
0005
000A
003F
0031
0032
002E
002E
0036
003A
0030
0017
0014
0012
0013
0013
0016
0019
001A
0008
000A
000C
000C
000A
000B
0009
000C
0026
0020
001F
001D
0023
001E
0022
0021
0009
0009
000A
000C
0009
0008
0009
000C
000D
0009
0006
0007
0008
0007
0007
0006
0037
003F
0032
0033
0031
003D
0038
003A
0001
0002
0001
0002
0002
0001
0002
0002
004B
0047
0049
004E
0050
0049
0043
004D
0027
001F
001F
0024
0022
001B
0025
0022
0007
0009
000A
0007
0009
0006
0006
0008
0005
0005
0006
0004
0007
0004
0005
0006
000C
000F
0013
0015
0011
0013
0014
0017
