(128, 1)
006E
0071
0070
0070
0070
0073
006F
006F
0030
0024
002B
002D
0029
0027
002B
0033
0050
0052
0052
0050
0051
0050
004F
004E
0074
0073
0071
0073
0074
0075
0074
0076
0030
0033
0032
0035
0034
003B
0032
0037
0051
0052
0049
0054
004B
0056
004E
004C
005A
005B
005C
0053
0056
0055
0056
005D
0060
0062
005B
0057
005B
005A
005E
005D
0036
0035
0037
002B
0036
0032
0036
002D
0038
0035
0036
0037
0036
0039
002C
0034
0048
0047
0046
0049
0047
0043
0047
0048
0046
0046
0043
0048
0044
0047
0044
0040
0047
004A
004B
003F
004D
004A
0048
0045
0055
0052
0051
004F
0057
0056
004B
0055
0054
004A
004A
0045
004D
0049
0046
0041
004E
0052
0056
004D
0055
0050
0051
0053
