(128, 1)
0070
0072
0070
006E
0070
0073
0071
006D
0035
0020
002E
002C
0025
0029
0029
002B
0056
0057
0056
004C
0056
0054
004E
004F
0075
0074
006D
006F
0073
0076
0075
0073
002A
0030
002E
0036
0033
0032
0033
003E
004E
0054
0041
0056
0049
005B
0047
0054
005B
005F
005C
0057
0056
0057
0056
005B
005D
005C
0055
0053
005B
0060
0059
005B
0037
0030
003D
0031
003D
002C
0038
002B
0035
0035
0039
002C
0038
0030
0030
0034
0046
004E
004B
0047
0044
0048
0040
004C
0047
0044
0047
0040
0049
0044
0042
003D
0044
0052
0044
0047
0048
0050
004F
003E
0058
0056
004F
0052
0056
0057
0049
005B
0057
0050
0047
004B
0053
0051
004C
0048
0052
0056
0052
004C
0052
0053
0054
0054
