(128, 1)
1F80
2000
2480
2180
2D00
2680
2000
2680
1E80
1C80
1A80
1980
1E80
1980
1880
1A80
0880
0C00
0980
0D00
0C80
0D80
0A00
0B80
2C00
2680
2600
2280
2780
2900
2B80
2600
1880
1580
1400
1080
1480
1A80
1900
1880
1200
1400
1400
1700
1600
1800
1080
1A00
2200
1800
1E00
1980
1C80
1700
1C80
1F00
1A80
1800
1A00
1F00
1A00
1700
1B80
2100
0B00
0880
0600
0600
0880
0600
0780
0580
3480
3780
3580
3400
3280
3700
3380
3600
0700
0900
0780
0C80
0C00
0780
0D00
0C00
2F80
3300
3200
3580
3280
3400
3100
3280
1F00
1680
1480
1980
1900
1300
1700
1600
0600
0680
0880
0500
0800
0400
0500
0600
1F00
1880
1A80
1680
1D80
1D00
1C80
2180
2900
2800
2B00
2F00
2A80
2800
2C80
2780
