(128, 1)
2480
2180
2080
2B00
2200
2680
1980
2200
1A80
1E00
1700
1A80
1E80
1980
1980
1F00
0A00
0980
0B80
0B80
0E00
0C00
0600
0D00
2700
2E00
2A00
2700
2400
2680
2380
1D00
1600
1480
1680
1100
1500
1680
1A00
1D00
0C00
0F80
1680
1100
1D00
1800
1100
1500
1C00
2380
1500
1E80
1F00
1F80
2280
1D80
1880
1F80
2280
2600
1C00
1D80
1D00
2400
0B00
0880
0880
0680
0980
0700
0600
0400
3600
3800
3600
3080
3000
3780
3480
3500
0A80
0780
0600
0900
0F80
0580
0B00
0900
3080
3300
3080
3380
3200
3600
3080
3480
1C00
1C00
1900
1A80
1B80
1680
1E00
1B80
0380
0600
0580
0480
0480
0600
0380
0400
1C00
1380
2080
1D80
1D00
1580
1F00
1A00
2C80
2780
3100
3280
2500
2900
2E80
2C00
