(128, 1)
0035
0038
0040
003B
0051
0048
0039
0043
0018
0011
0016
0012
0015
0010
0010
0014
000A
0010
000B
0010
000F
0011
000E
000D
0051
0046
0045
0040
0048
004F
0050
0048
0016
0013
0010
000D
0013
001D
0016
0012
0019
001C
0018
0022
0019
001E
0015
0021
0033
0020
0030
001E
0028
001D
0028
002D
002A
0025
0024
0029
0026
001F
002A
0031
000A
0008
0004
0004
0006
0005
0008
0005
0030
0031
002C
0030
002F
0035
0026
002E
0008
000B
0009
0010
000D
0009
0010
000F
0033
0039
0034
0040
0036
0037
0038
0033
0027
0017
0017
001B
001D
0016
0016
0017
0009
0009
000C
0008
000C
0006
0007
0009
0029
001F
001C
0015
0026
0022
0022
0027
002F
0034
0039
003A
003C
0033
0035
0033
