(128, 1)
000A
0008
0009
0008
0009
0008
0007
000A
0023
0029
001F
0023
0028
0022
0020
0022
0007
0007
0008
000A
000A
0009
0005
000A
0007
0007
0007
0007
0007
0005
0007
0004
001B
0018
0018
0015
0018
0019
001C
001F
000A
000B
0010
000D
0013
0011
000C
0012
0010
0011
000B
0013
0012
0011
0013
0011
000B
000C
0011
0018
000F
000F
000D
0012
000D
0009
0008
0008
000B
0008
0007
0005
003B
003D
0040
0039
0035
003A
0041
003D
0006
0006
0005
0009
000C
0005
0009
0009
002A
002D
0030
002C
002F
0030
002A
0032
0017
0016
0012
0018
0015
0011
0018
0015
0002
0004
0004
0003
0003
0003
0003
0003
0014
0011
001A
0018
0014
0015
0017
001A
0022
001B
001E
0025
001A
001D
0023
001B
