(128, 1)
2200
2100
2380
2580
2900
2680
1F00
2400
1C80
1D80
1980
1A00
1E80
1A00
1880
1C80
0980
0B00
0B00
0C80
0D00
0D00
0800
0C00
2A80
2880
2680
2480
2580
2980
2900
2300
1680
1500
1480
1100
1500
1900
1900
1A00
0F80
1180
1500
1500
1800
1780
1080
1880
2000
1C80
1B00
1B00
1E80
1A80
1E00
1E80
1900
1B00
1E00
2180
1B00
1880
1D00
2280
0B80
0880
0680
0680
0880
0700
0700
0580
3580
3800
3580
3280
3200
3700
3480
3580
0880
0880
0700
0B80
0D80
0680
0C80
0B00
3000
3300
3180
3500
3280
3480
3100
3280
1D80
1800
1600
1A00
1980
1480
1A00
1780
0500
0680
0700
0580
0680
0400
0400
0580
1E00
1680
1C80
1900
1D80
1A80
1D80
1F80
2B00
2880
2D80
3000
2880
2880
2D00
2980
