(128, 1)
0038
0038
003D
0040
004D
0046
0037
0042
0019
0012
0016
0012
0016
0011
0011
0015
000A
000F
000D
000F
000F
0010
000C
000E
0051
004A
0046
0043
0048
004F
004F
0046
0015
0011
0011
000E
0013
001A
0015
0015
0017
001B
0018
001F
001B
001F
0014
0020
0031
0024
002D
0020
002A
0022
0029
002D
0028
0024
0027
0029
0027
0021
002A
0032
0009
0007
0004
0005
0007
0006
0007
0005
002E
0030
002C
002C
002F
0034
0027
002E
0009
000B
0009
0010
000E
0008
0010
000E
0035
0038
0034
003E
0037
0038
0038
0033
0026
0019
0019
001A
001C
0016
0017
0019
0008
0009
000B
0007
000B
0006
0006
0008
0028
001E
001E
0018
0026
0022
0025
0026
0030
0036
003A
0039
0039
0033
0037
0035
