(128, 1)
0070
0073
0072
006E
0070
0073
0071
006F
0035
0021
002D
002C
0028
0029
0029
002D
0055
0058
0057
0050
0056
0055
004E
0051
0075
0074
006E
0071
0073
0075
0076
0074
002B
0031
002C
0038
0032
0034
0031
003E
0050
0054
0042
0056
0048
005D
0049
0052
005B
005E
005A
0057
0056
0055
0053
005D
005D
005B
0056
0056
005B
005F
005A
005B
0038
002F
003B
0030
003E
002D
0039
0029
0035
0033
0039
002F
0037
0033
002E
0035
0044
004D
004B
0048
0045
0049
0040
004A
0047
0045
0048
0041
0048
0043
0041
003E
0043
0051
0045
0044
004A
004F
004E
003E
0057
0057
0052
0051
0056
0056
0049
005A
0056
0050
0048
004A
0052
0051
0048
0048
0052
0055
0053
004B
0052
0051
0055
0054
