(128, 1)
1F80
2000
2380
2180
2D00
2780
2100
2680
1E80
1D00
1A80
1980
1E80
1A00
1800
1A80
0880
0C00
0980
0D00
0C00
0D80
0A00
0B80
2C00
2680
2600
2280
2780
2A00
2B00
2600
1800
1580
1480
1000
1480
1A80
1900
1900
1200
1400
1400
1780
1600
1780
1080
1A00
2200
1800
1E00
1900
1C80
1700
1D00
1F00
1A80
1800
1A00
1F80
1A80
1700
1B80
2100
0B80
0880
0600
0680
0800
0680
0800
0500
3480
3780
3600
3400
3280
3700
3380
3600
0700
0980
0700
0C80
0C00
0700
0D00
0C00
2F00
3280
3200
3580
3280
3400
3180
3200
1F00
1680
1480
1980
1900
1300
1700
1580
0600
0680
0900
0580
0780
0400
0500
0680
1F00
1800
1A00
1780
1D80
1C00
1C80
2200
2900
2800
2B00
2F00
2B00
2800
2C00
2780
