(128, 1)
0035
0038
003E
0036
0051
004A
0039
0043
0017
0012
0015
0012
0015
0011
0010
0014
000A
0010
000B
0010
000E
0011
0010
000D
0051
0046
0046
0040
004A
004D
0051
0047
0016
0013
000F
000D
0012
001C
0016
0013
001C
001D
0017
0022
0017
001E
0014
0020
0035
001E
002F
001E
0029
001D
0027
002F
002A
0027
0021
0029
0026
0020
0029
002F
000B
0008
0004
0004
0006
0005
0008
0005
002F
002F
002C
0032
002D
0036
0025
002E
0009
000D
000A
0010
000D
0009
000E
000E
0034
0039
0035
0041
0034
0038
0038
0034
0025
0016
0018
001C
001C
0016
0015
0016
0009
0009
000D
0008
000C
0006
0007
0008
0028
001F
001D
0015
0026
0023
0020
0029
0030
0034
0039
0038
003A
0033
0037
0033
