(128, 1)
2500
2180
2180
2A00
2280
2680
1A80
2200
1C00
1D80
1700
1A00
1F00
1980
1980
1E80
0A00
0900
0A80
0B00
0E00
0D00
0680
0C80
2700
2F00
2A80
2700
2500
2580
2400
1D00
1700
1500
1580
1080
1480
1800
1A00
1C80
0D80
1000
1500
1200
1C00
1700
1080
1580
1C80
2200
1700
1E80
1E80
1F80
2180
1D80
1880
1D80
2100
2580
1C00
1C80
1D80
2380
0B00
0880
0800
0680
0900
0780
0680
0500
3500
3780
3580
3180
3000
3700
3500
3500
0A00
0800
0680
0980
0F80
0580
0A80
0900
3100
3280
3100
3480
3180
3580
3080
3400
1C00
1B00
1800
1B80
1B00
1600
1D80
1A00
0380
0580
0600
0500
0500
0600
0380
0500
1C00
1400
2000
1D00
1D00
1500
1E80
1C00
2B80
2700
3080
3280
2480
2A80
2E80
2B00
