(128, 1)
2000
2080
2380
2480
2B80
2680
1F00
2500
1D00
1D00
1A00
1A80
1F00
1980
1800
1B00
0980
0B00
0B00
0C80
0D00
0C80
0900
0C00
2B80
2700
2600
2400
2600
2A00
2A80
2600
1780
1500
1500
1100
1500
1900
1900
1980
1100
1280
1480
1600
1700
1780
1080
1980
2000
1A80
1C80
1A00
1D80
1880
1E80
1E00
1980
1A00
1D00
2100
1B00
1780
1D00
2280
0B80
0880
0680
0680
0900
0700
0700
0580
3480
3780
3580
3300
3100
3700
3400
3580
0800
0900
0700
0C00
0D00
0680
0D00
0B00
2F00
3300
3180
3580
3280
3380
3100
3280
1D80
1780
1580
1900
1900
1380
1900
1680
0580
0680
0800
0580
0780
0480
0480
0580
1E00
1680
1B00
1880
1D80
1C00
1D00
2080
2A00
2900
2B80
2F80
2A00
2880
2D00
2880
