(128, 1)
1F00
2000
2480
2180
2D00
2680
2100
2680
1E00
1D80
1A80
1980
1E00
1980
1880
1980
0880
0C00
0980
0C00
0C00
0D00
0980
0B80
2C00
2680
2680
2300
2780
2900
2B80
2680
1880
1600
1380
1080
1480
1B00
1980
1880
1280
1400
1400
1700
1580
1780
1080
1A80
2200
1800
1E00
1900
1C80
1680
1C80
2000
1A80
1900
1980
1E80
1A00
1780
1A80
2100
0B00
0900
0580
0600
0880
0600
0780
0580
3480
3700
3580
3480
3280
3700
3400
3600
0700
0980
0800
0C80
0C80
0700
0C80
0C00
2F00
3300
3200
3580
3280
3380
3180
3280
1E80
1600
1380
1A00
1900
1300
1780
1500
0600
0680
0880
0600
0800
0400
0480
0600
1F00
1900
1A00
1680
1E00
1C80
1C80
2200
2900
2800
2A00
2F00
2B00
2880
2C80
2700
