(128, 1)
0009
0008
0009
0008
0008
0007
0007
000A
0022
002B
001E
0022
0028
0023
0021
0023
0007
0006
0007
000A
0009
0009
0004
000A
0006
0007
0008
0007
0006
0004
0007
0004
001D
0019
0017
0014
0018
001B
001D
001F
000A
000B
0012
000C
0014
0010
000D
0011
0010
0011
000B
0013
0012
0012
0013
0012
000B
000E
0012
0018
000E
000F
000D
0012
000D
000A
0008
0008
000A
0008
0006
0006
003B
003D
003F
003C
0036
003D
0040
003D
0007
0007
0005
0009
000D
0005
0009
0008
002B
002E
002F
002F
002C
0032
002B
0032
0017
0015
0013
0018
0017
0010
0018
0016
0002
0004
0004
0004
0003
0003
0003
0003
0013
0011
001B
0018
0014
0013
0016
0019
0021
0019
001F
0025
0019
001D
0022
001B
