(128, 1)
0039
0036
0037
0042
0037
003D
002B
0036
0026
0024
001E
0022
0024
0021
001F
002B
0009
0009
000B
0009
000C
000B
0004
000D
0038
003A
0037
0030
0031
0033
0031
0028
0015
0015
0014
0011
0015
0016
001D
0021
0005
0009
000D
000A
000E
000C
0007
000B
0020
0028
0019
0026
0021
001F
0027
001D
0009
000A
000C
000B
000A
000A
000B
000E
000D
0009
0008
0007
000A
0008
0006
0006
0037
0040
003A
0032
002D
003D
0039
003E
0002
0001
0002
0001
0003
0001
0002
0002
0049
0046
0046
004E
004B
004A
0044
0050
0025
0021
0020
0025
0027
001C
002A
0026
0005
0008
0007
0007
0007
0008
0005
0006
0006
0003
0007
0004
0006
0004
0006
0005
0010
000F
0014
0016
000F
000F
0015
0011
