(128, 1)
000B
0008
0009
0008
0009
0007
0007
000A
0024
0029
001F
0021
0028
0023
0020
0021
0007
0008
0008
000A
000A
000A
0005
000A
0007
0007
0007
0006
0007
0005
0007
0004
001A
0018
0018
0014
0017
0019
001C
0020
000B
000C
0010
000E
0013
0011
000C
0013
0010
0010
000C
0014
0011
0011
0012
0011
000B
000B
0010
0016
000F
000F
000D
0011
000D
0009
0008
0009
000A
0007
0008
0005
003A
003E
0040
0038
0037
0039
0041
003E
0006
0007
0005
0009
000C
0005
000A
0009
002B
002C
0030
002B
0030
0030
002A
0032
0017
0016
0011
0018
0015
0011
0018
0013
0003
0004
0005
0003
0003
0002
0003
0004
0015
0011
0018
0019
0015
0016
0017
001D
0023
001C
001D
0024
001B
001D
0022
001A
