(128, 1)
2000
2000
2300
2300
2B80
2680
1F80
2600
1D80
1D80
1A80
1A80
1E00
1980
1800
1B00
0900
0B00
0A00
0D00
0C80
0C80
0980
0B80
2C00
2800
2680
2400
2680
2900
2B00
2500
1780
1480
1480
1180
1580
1980
1900
1900
1180
1300
1400
1680
1580
1780
1000
1980
2100
1980
1C80
1980
1D80
1800
1E00
1E80
1A00
1900
1C00
2080
1B00
1800
1D00
2200
0B80
0800
0600
0600
0900
0700
0780
0500
3500
3700
3600
3300
3200
3780
3400
3580
0780
0880
0700
0C00
0C80
0680
0C00
0B80
2F80
3300
3200
3580
3280
3380
3100
3300
1E80
1700
1500
1980
1880
1400
1700
1680
0500
0680
0780
0500
0700
0480
0480
0580
1E00
1780
1B00
1780
1D80
1C00
1D80
2080
2A80
2900
2C00
2F00
2A00
2880
2D00
2800
