(128, 1)
1F00
1F80
2400
1F80
2C80
2780
2100
2600
1E80
1D80
1B00
1900
1E80
1A00
1800
1980
0800
0B80
0900
0C00
0C00
0D80
0A80
0B80
2C00
2880
2800
2380
2780
2800
2C00
2480
1900
1500
1380
1100
1580
1B80
1A00
1780
1200
1480
1380
1880
1500
1700
1080
1A00
2280
1780
1E80
1900
1D80
1700
1D00
1F00
1A00
1880
1880
1E80
1A80
1800
1B80
2100
0C00
0900
0600
0600
0880
0700
0780
0580
3480
3680
3500
3400
3280
3680
3380
3600
0700
0A00
0800
0C80
0C00
0780
0B00
0C00
2F00
3300
3200
3580
3200
3380
3180
3280
1F00
1500
1300
1A80
1900
1380
1680
1500
0600
0700
0900
0580
0800
0480
0500
0600
1E80
1900
1A00
1700
1E00
1C80
1D00
2280
2980
2800
2B80
2E80
2A80
2900
2C00
2700
