(128, 1)
0037
0038
0034
0044
0038
003D
002A
0034
0025
0025
001E
0022
0025
0021
0020
002B
0009
0008
000B
0008
000C
000A
0004
000C
0038
0039
0036
0032
002F
0035
0032
0029
0015
0014
0014
0012
0015
0016
001B
0021
0005
0008
000D
000A
000D
000C
0007
000B
001F
0028
001A
0025
0022
001F
0028
001C
0008
000A
000C
000C
000A
000A
000B
000E
000C
0009
0009
0008
000B
0008
0006
0005
0038
0041
0038
0033
002D
003E
0039
003E
0002
0001
0001
0001
0003
0001
0002
0002
004A
0046
0046
004E
004C
004A
0044
0050
0026
0021
0021
0023
0026
001C
002A
0027
0005
0008
0007
0006
0007
0008
0005
0006
0006
0003
0006
0004
0006
0004
0006
0006
0010
0010
0014
0015
0010
0010
0016
0011
