(128, 1)
2100
2000
2300
2400
2B00
2680
1F00
2600
1D80
1D80
1A00
1980
1E00
1900
1900
1B00
0800
0B00
0A00
0C00
0C00
0C80
0880
0C00
2C00
2880
2700
2500
2780
2A00
2B00
2500
1780
1480
1480
1180
1580
1A00
1900
1980
1100
1300
1480
1600
1700
1780
1080
1880
2100
1A80
1C80
1A00
1D80
1980
1E80
1F80
1980
1800
1C80
2000
1A80
1800
1B80
2200
0B00
0880
0680
0700
0980
0800
0700
0580
3400
3680
3500
3180
3180
3680
3280
3500
0800
0900
0780
0C80
0E00
0700
0D00
0B80
2F80
3200
3180
3580
3200
3400
3100
3280
1E00
1700
1500
1900
1880
1300
1780
1680
0500
0680
0780
0500
0700
0480
0480
0580
1E80
1780
1B80
1880
1D80
1B80
1E00
2080
2A00
2800
2C80
2F00
2A00
2800
2D00
2800
