(128, 1)
2080
1F80
2380
2180
2980
2880
1F80
2500
1E00
1D00
1980
1900
1E80
1A00
1780
1B00
0880
0B00
0900
0C00
0C80
0D80
0900
0B80
2A00
2B00
2900
2480
2780
2700
2980
2300
1900
1600
1380
1080
1480
1A00
1A00
1900
1000
1400
1400
1600
1700
1780
1100
1900
2200
1B00
1B80
1A80
1D80
1980
1D00
2000
1A00
1A00
1A80
2080
1B00
1900
1A80
2100
0C80
0800
0680
0680
0800
0680
0780
0580
3480
3700
3580
3400
3180
3780
3380
3580
0800
0A00
0780
0B80
0C80
0780
0B80
0B00
2F80
3280
3280
3480
3180
3380
3100
3300
1E80
1680
1480
1B80
1980
1400
1800
1680
0480
0680
0800
0600
0700
0500
0480
0580
1D80
1880
1B80
1880
1D80
1B00
1D00
2100
2900
2700
2D80
3000
2800
2A00
2C80
2800
