(128, 1)
2100
2100
2380
2500
2980
2680
1F00
2400
1D00
1D00
1980
1A00
1E80
1A00
1980
1C00
0980
0B00
0B00
0D00
0D80
0D80
0780
0C00
2A80
2980
2700
2480
2580
2980
2900
2400
1680
1500
1500
1100
1500
1880
1900
1A80
1000
1180
1480
1480
1800
1780
1100
1880
2000
1B80
1B00
1A00
1E80
1980
1E80
1E00
1900
1B00
1D80
2200
1B00
1800
1D00
2280
0B80
0800
0700
0680
0980
0700
0700
0580
3500
3780
3600
3280
3180
3700
3480
3580
0880
0880
0700
0B00
0D80
0680
0D00
0B00
2F80
3280
3100
3500
3280
3480
3100
3300
1D80
1880
1600
1980
1A00
1400
1A00
1700
0500
0680
0700
0580
0680
0480
0380
0580
1E00
1680
1C80
1900
1D80
1B80
1D80
1F80
2B00
2880
2C80
3080
2900
2880
2D00
2980
