(128, 1)
0038
0036
0035
0043
0037
003E
002B
0036
0025
0025
001E
0022
0025
0022
001F
002B
0009
0009
000A
0008
000C
000A
0004
000C
0038
0038
0037
0030
002E
0033
0033
0029
0016
0015
0015
0013
0014
0015
001B
0020
0005
0009
000D
000B
000C
000C
0008
000B
0021
0026
001A
0023
0022
0020
0027
001D
0009
000A
000C
000C
000A
0009
000A
000D
000D
0009
0009
0008
000A
0008
0006
0005
0037
0041
0037
0033
002D
003F
0039
003D
0002
0001
0001
0001
0003
0001
0002
0002
004A
0047
0047
004D
004B
0048
0043
0050
0025
0021
0020
0026
0026
001E
002B
0025
0005
0008
0007
0007
0007
0008
0005
0005
0006
0003
0006
0004
0007
0004
0006
0005
000F
000F
0014
0016
000F
0011
0015
0012
