(128, 1)
006C
006F
006E
0071
006F
0072
006F
006B
0031
0024
0030
002B
0029
0027
002B
0033
004F
0050
0050
0048
004E
004D
004E
004A
0074
0074
0072
0072
0073
0077
0073
0075
002F
0032
0036
0031
0034
0037
0036
0037
004C
0052
004A
0053
004E
0051
004E
004D
005C
005C
0061
0053
0059
0058
0058
0058
0060
0062
005B
0053
005B
005A
0061
005F
0033
0034
0033
002B
0032
0033
0036
0030
0038
0039
0034
0033
0039
003A
0030
0035
004D
0047
0044
0046
0045
0043
0048
0048
0046
0046
0042
0046
0045
0044
0047
003F
004A
0049
004C
0043
0048
004C
0046
0048
0057
0050
004E
004E
0056
0058
0049
0051
0053
0049
0046
0045
0053
0049
0050
0045
004C
0056
0054
004F
0054
0052
0050
0056
