(128, 1)
2200
2080
2380
2500
2800
2680
1E00
2400
1C80
1D00
1980
1980
1E00
1900
1780
1C00
0900
0A80
0980
0C00
0C00
0D80
0880
0C00
2980
2980
2780
2480
2780
2880
2900
2180
1800
1680
1400
1100
1400
1900
1A00
1A00
0F80
1300
1400
1580
1800
1600
1100
1800
2000
1C80
1C00
1A80
1D80
1A80
1E00
1F00
1A00
1C00
1D80
2100
1A00
1980
1B80
2200
0C00
0900
0680
0600
0900
0700
0680
0500
3500
3700
3500
3300
3080
3700
3380
3580
0880
0900
0700
0B00
0E00
0780
0B80
0B00
3000
3300
3200
3500
3100
3400
3100
3300
1D00
1880
1580
1B80
1900
1500
1980
1780
0500
0680
0780
0600
0680
0500
0400
0580
1D80
1700
1C00
1980
1E00
1A00
1D80
1F00
2A00
2880
2E80
3000
2780
2A00
2D00
2980
