(128, 1)
1F80
2000
2480
2180
2D00
2780
2000
2680
1E00
1C80
1A80
1980
1E80
1A00
1800
1A80
0880
0C00
0980
0D00
0C80
0D00
0980
0B80
2C00
2680
2600
2300
2780
2A00
2B80
2600
1800
1580
1380
1080
1500
1B00
1900
1900
1200
1400
1400
1800
1580
1800
1080
1A00
2200
1800
1E00
1900
1C80
1700
1D00
1F00
1A80
1800
1A00
1F80
1A80
1780
1B80
2100
0B00
0900
0600
0680
0880
0600
0780
0580
3480
3780
3600
3400
3280
3700
3380
3600
0700
0900
0700
0C80
0C80
0780
0D00
0C00
2F00
3280
3200
3580
3280
3380
3100
3200
1F00
1680
1400
1A00
1900
1300
1700
1580
0600
0680
0880
0580
0800
0400
0500
0680
1F00
1880
1A00
1700
1D80
1C80
1C80
2180
2900
2800
2B00
2F00
2A80
2800
2C00
2680
