(128, 1)
2100
2080
2280
2700
2880
2680
1E80
2500
1C80
1D00
1980
1A80
1E80
1980
1880
1C80
0980
0A80
0A80
0C80
0D80
0D00
0780
0C00
2980
2880
2700
2480
2580
2980
2800
2300
1780
1500
1600
1080
1500
1800
1900
1B00
0F80
1100
1500
1500
1880
1780
1100
1880
1F80
1C80
1B00
1B00
1D80
1B80
1F00
1E00
1900
1B00
1F00
2180
1B00
1900
1D80
2280
0B00
0900
0680
0700
0900
0780
0680
0500
3500
3800
3580
3280
3180
3700
3400
3500
0880
0880
0700
0B80
0D80
0680
0C80
0B00
2F80
3300
3100
3580
3280
3400
3100
3300
1C80
1880
1680
1900
1A00
1400
1900
1880
0500
0680
0700
0580
0700
0480
0400
0580
1E00
1600
1C00
1980
1E00
1A00
1E00
1E00
2A80
2880
2D80
3000
2900
2800
2E00
2900
