(128, 1)
0038
0036
0036
0042
0038
003D
002B
0036
0027
0024
001E
0021
0025
0021
001F
002B
0009
0008
000A
0008
000C
000B
0004
000C
0038
003B
0037
0031
0030
0032
0032
0028
0016
0015
0014
0011
0014
0016
001C
0021
0006
0009
000D
000A
000D
000C
0007
000B
0020
0028
001A
0025
0021
0020
0027
001D
0009
000A
000B
000B
000A
000A
000B
000E
000C
0009
0008
0008
0009
0008
0007
0006
0036
0040
0038
0032
002D
003D
0039
003E
0002
0001
0002
0001
0003
0001
0002
0002
004B
0047
0047
004E
004B
004A
0044
0051
0026
0020
0020
0025
0026
001D
0029
0024
0005
0008
0008
0007
0007
0008
0005
0007
0006
0003
0006
0004
0006
0004
0006
0006
000F
000F
0014
0016
000F
0010
0015
0011
