(128, 1)
0034
0039
003E
003F
0051
0046
0039
0041
0019
0012
0019
0012
0016
0010
000F
0013
000A
0010
000D
000F
000E
0011
0010
000C
0054
0043
0043
0042
0046
0053
0051
0048
0014
0012
0013
000D
0013
001A
0014
0011
001A
001C
0018
0023
0018
001E
0017
0022
0034
001F
0032
001D
0027
001D
0026
002C
002A
0027
0026
0026
0026
001E
002B
0034
0009
0008
0003
0004
0007
0006
0008
0005
0030
0032
002B
0030
0030
0034
0027
002F
0008
000B
0008
000F
000D
0009
0012
000F
0031
0038
0034
0041
0036
0034
003C
0032
0027
0016
0018
0019
001C
0015
0015
0017
000A
000A
000D
0007
000E
0006
0007
0009
0029
001C
0018
0014
0027
0025
0023
0029
0030
0038
0036
0038
003E
0034
0037
0035
