(128, 1)
006D
006F
006E
0070
006F
0071
0070
006A
0034
0022
0031
002A
0028
0029
0029
0031
0051
0051
0052
0047
0050
004F
004E
004B
0074
0075
0070
0071
0072
0077
0073
0074
002D
0030
0036
0030
0033
0034
0036
0038
004B
0053
0047
0054
004D
0053
004C
0050
005C
005E
0061
0056
0058
0058
0058
0056
0060
0060
0059
0050
005B
005C
005F
005E
0034
0033
0036
002D
0034
0032
0039
002E
0037
0038
0035
002F
0039
0037
0032
0035
004D
0048
0045
0045
0043
0044
0046
004B
0046
0045
0043
0044
0047
0042
0045
003D
0049
004C
0048
0047
0046
004E
0049
0045
0057
0052
004E
0051
0056
0059
0047
0054
0055
004B
0046
0047
0055
004B
0052
0048
004F
0057
0052
004E
0053
0053
0051
0056
