(128, 1)
0035
0033
0037
0041
0042
003B
002F
003A
0027
0026
0020
0022
0026
0022
001F
0029
0008
000A
000A
0008
000C
000A
0004
000B
003D
0031
0032
002E
002D
0036
0037
002E
0016
0013
0013
0013
0013
0014
0019
001C
0007
000A
000C
000C
000A
000B
0009
000C
0024
0022
001D
0020
0022
001E
0024
001E
0009
0009
000B
000C
0009
0008
0009
000C
000C
0008
0007
0007
0009
0007
0007
0005
0038
003F
0033
0034
002F
003E
0038
003B
0001
0001
0001
0002
0003
0001
0002
0002
004A
0047
0048
004F
004F
0049
0043
004E
0027
0021
0020
0023
0023
001A
0027
0025
0007
0009
0009
0007
0009
0006
0006
0007
0006
0005
0006
0004
0007
0003
0005
0005
000C
000E
0012
0015
0011
0012
0014
0015
