(128, 1)
0037
0036
0037
0043
0036
003D
0029
0036
0026
0024
001E
0022
0024
0022
001F
002B
0009
0009
000B
0009
000C
000B
0004
000D
0037
003A
0038
0031
0031
0033
0030
0029
0014
0015
0014
0011
0015
0017
001D
0022
0005
0008
000D
0009
000E
000C
0007
000C
001F
0028
0019
0025
0020
001F
0028
001C
0009
000A
000C
000A
000A
000B
000B
000E
000D
0009
0009
0008
000A
0008
0006
0005
0036
0040
003B
0032
002D
003E
0038
003F
0002
0001
0002
0001
0003
0001
0002
0001
0047
0046
0045
004E
004B
004B
0047
0050
0026
0020
001F
0024
0028
001D
0029
0025
0005
0009
0007
0006
0007
0008
0005
0006
0007
0003
0006
0004
0006
0004
0006
0006
0010
0010
0014
0016
0010
000F
0015
0010
