(128, 1)
0036
0036
0036
0041
0038
003C
002B
0035
0026
0025
001F
0022
0025
0021
0020
002A
0009
0009
000A
0008
000C
000B
0004
000C
0037
0038
0035
0031
002F
0035
0032
0029
0016
0014
0014
0012
0015
0016
001C
0020
0005
0009
000D
000A
000C
000C
0007
000C
0020
0027
001A
0023
0021
001F
0027
001D
0009
000A
000B
000C
0009
000A
000A
000E
000D
0009
0008
0008
000A
0008
0006
0005
0037
0040
0038
0032
002E
003E
0038
003E
0002
0001
0001
0001
0003
0001
0002
0002
0048
0046
0045
004E
004B
004A
0044
004F
0025
0020
0020
0024
0026
001C
0028
0027
0005
0008
0007
0006
0007
0008
0005
0005
0006
0003
0006
0004
0006
0004
0006
0006
000F
0010
0014
0015
0010
0010
0015
0012
