(128, 1)
0034
0034
0038
0036
003E
003D
0031
0039
002A
0024
0023
0021
0025
0023
001E
0025
0008
0009
000A
000A
000C
000C
0006
000C
003B
0039
0039
0030
0034
0033
0035
002A
0017
0017
0013
0010
0016
0019
001E
001F
0008
000A
000B
000B
000D
000C
0008
000D
0021
0022
0020
0021
001E
001A
0022
001E
0009
0009
0009
0009
000A
000C
0009
000E
000D
0008
0007
0006
0009
0007
0007
0006
0034
003D
003B
0033
0030
0039
0033
0042
0001
0001
0002
0001
0002
0001
0002
0002
0046
0046
0045
004F
0049
004A
0049
004E
0028
001C
001A
0025
0026
001B
0021
001E
0006
0009
0009
0008
0009
0007
0006
0006
0007
0004
0005
0004
0006
0006
0005
0008
0010
0013
0011
0015
0010
000F
0014
0011
