(128, 1)
0035
0034
0038
003A
003A
003E
002F
0037
0028
0025
0020
0021
0024
0021
001F
0027
0008
000A
0009
0009
000C
000C
0006
000C
0038
0039
0037
0031
0034
0032
0034
002B
0016
0017
0013
0010
0016
0018
001D
0020
0007
0009
000C
000B
000D
000C
0008
000C
0022
0024
001E
0023
001E
001D
0023
001E
0009
000A
000A
000A
000A
000B
0009
000D
000D
0008
0007
0007
0009
0007
0007
0006
0034
003F
003B
0032
002F
003B
0034
0041
0002
0001
0002
0001
0003
0001
0002
0002
0047
0046
0046
004E
004A
004B
0047
004E
0027
001E
001D
0024
0027
001C
0024
0021
0006
0009
0009
0008
0009
0008
0005
0006
0007
0004
0006
0004
0006
0005
0005
0007
0010
0011
0013
0015
0010
0010
0014
0011
