(128, 1)
0035
0039
003C
0044
004E
0043
0038
003F
0019
0012
0018
0012
0014
0011
0011
0013
000B
000F
000E
000F
0010
0010
000E
000D
0051
0047
0042
0041
0043
0051
004F
0048
0011
0010
0013
000D
0013
0019
0015
0012
0018
001A
0019
0020
0019
001E
0016
0021
0032
0022
002F
001E
002A
001F
0028
002A
0028
0029
002A
0028
0029
001F
002E
0036
0009
0007
0004
0005
0007
0006
0008
0005
002F
0034
002D
002D
0031
0034
002A
002F
0009
000A
0008
000F
000D
0008
0013
0010
0032
0038
0033
003E
0037
0037
003A
0031
0026
0019
0018
0019
001D
0017
0017
0018
0009
0009
000B
0006
000B
0006
0006
0008
0029
001C
0019
0017
0026
0024
0026
0029
0033
0039
0037
0039
003C
0034
0038
0035
