(128, 1)
006D
006F
006E
0071
006F
0071
0070
006A
0033
0022
0031
002B
0027
0029
002A
0030
0051
0051
0053
0046
0050
0050
004D
004B
0075
0074
0070
0071
0072
0077
0074
0074
002C
0031
0036
0031
0035
0034
0036
0039
004C
0053
0047
0054
004D
0053
004D
004F
005C
005D
0060
0056
0059
0058
0057
0057
005F
005F
0059
0052
005B
005C
005F
005C
0034
0031
0035
002C
0035
0032
0039
002F
0037
0039
0035
002F
0039
0036
0032
0035
004C
0048
0045
0045
0044
0043
0046
004A
0046
0045
0043
0043
0047
0043
0046
003E
0048
004C
0048
0047
0048
004E
0049
0045
0058
0053
004E
004F
0056
0059
0046
0054
0055
004B
0045
0046
0054
004C
0052
0049
004E
0056
0052
004E
0052
0054
0051
0056
