(128, 1)
FFFC
0003
FFFE
0001
FFFC
0001
FFFF
FFFB
0005
FFFB
0002
FFFF
0000
FFFF
0000
0005
0004
0004
0004
0000
0003
0001
0000
0000
0001
0004
FFFD
FFFE
FFFF
0004
0000
0005
FFFD
0000
0001
FFFF
0003
0005
FFFC
0005
FFFD
0002
FFFF
0000
FFFD
0005
0001
0003
0002
0002
0005
FFFE
0001
0000
0000
0005
0004
0003
0000
FFFC
0002
FFFE
0004
0000
0000
FFFE
0000
FFFB
0005
0000
0002
FFFC
0004
0002
0002
FFFC
0003
0004
FFFD
0003
0002
0002
0001
FFFF
FFFE
0001
0000
0002
0001
0003
0003
0003
0000
0001
0004
FFFC
FFFB
0001
FFFD
FFFB
FFFF
0004
FFFE
FFFC
0001
0001
FFFE
0002
0004
0004
FFFF
0004
0003
0003
FFFD
0003
0004
0000
0000
FFFB
FFFF
0004
0003
0004
0003
0003
0004
0005
