(128, 1)
FFF2
FFF4
FFF4
FFF3
FFF3
FFF1
FFF5
FFF5
0007
0007
0007
0006
0007
0007
0007
0006
0006
0006
0006
0006
0006
0006
0006
0006
0008
0006
0008
0007
0008
0007
0008
0007
0001
0001
0001
0001
0001
0001
0001
0001
0004
0004
0004
0004
0004
0005
0005
0004
0004
0004
0004
0003
0003
0003
0004
0003
0000
0000
0000
0000
0000
0000
0000
0000
0002
0003
0002
0002
0002
0003
0002
0003
0002
0002
0002
0002
0002
0002
0002
0002
0000
0000
0000
0000
0000
0000
0000
0000
0007
0006
0007
0007
0006
0007
0007
0006
0006
0005
0006
0005
0005
0005
0006
0006
0007
0007
0007
0007
0007
0007
0008
0007
0004
0005
0004
0005
0004
0004
0004
0004
0009
0009
0009
0009
0009
0009
0009
0009
