(128, 1)
FFDD
FFDE
FFE0
FFE0
FFDE
FFDF
FFDE
FFE0
0022
0023
0023
0023
0022
0022
0024
0024
0020
0021
001F
0021
0020
001F
001F
0021
0024
0021
0023
0024
0024
0024
0023
0024
0012
0010
0010
0010
0011
0010
0010
0010
001C
001C
001C
0015
001C
001C
001C
0015
001A
001A
001A
001A
001C
001A
001A
001A
0000
0000
0000
0000
0000
0000
0000
0000
001A
0013
0012
0012
0012
0014
0012
001A
0012
0013
0013
0011
0013
0013
0013
0013
0000
0000
0000
0000
0000
0000
0000
0000
0024
0024
0024
0024
0024
0024
0024
0024
0025
0025
0025
0025
0025
0025
0025
0025
0022
0022
0024
0024
0024
0022
0023
0022
0025
0026
0026
0026
0025
0025
0026
0026
0000
0001
0000
0003
0000
FFFF
0003
0003
