(128, 1)
0020
0020
0020
0020
0020
0020
0020
0020
002E
002E
002E
002E
002E
002E
002E
002E
0013
0015
0015
0014
0015
0015
0015
0015
FFF8
FFF5
FFFA
FFF5
FFF9
FFF4
FFF8
FFF5
0017
0018
0019
0019
0018
0019
0019
0018
0039
0038
0039
0039
0039
0039
0039
0039
003C
003C
003C
003C
003C
003C
003C
003C
002F
0030
0030
002F
002F
0030
0030
0030
0034
0034
0034
0035
0034
0034
0034
0035
0026
0026
0026
0026
0026
0027
0026
0026
0021
0020
0021
0020
0021
0020
001F
0021
0042
0042
0041
0041
0042
0042
0042
0041
0036
0037
0037
0037
0036
0037
0037
0037
0017
0017
0017
0017
0016
0015
0016
0015
0035
0035
0035
0035
0035
0035
0035
0035
002C
002C
002C
002C
002C
002C
002D
002C
