(128, 1)
0058
0057
0057
0056
0058
0059
0056
0056
001B
001C
001B
001A
001D
001C
001C
001B
001D
001D
001D
001D
001D
001F
001C
001C
0011
000E
0011
000F
0010
000E
0011
000F
0004
0003
0004
0003
0003
0004
0004
0004
0007
0007
0007
0006
0007
0007
0007
0006
000A
0009
000A
000A
000A
000A
0009
0009
0002
0002
0002
0002
0002
0002
0002
0002
0007
0008
0008
0008
0008
0008
0008
0008
0007
0007
0007
0007
0007
0007
0007
0007
0002
0002
0002
0002
0002
0002
0002
0002
0010
0010
0010
000F
000F
0010
0010
000F
0012
0011
0012
0011
0011
0011
0013
0012
0019
0019
0019
0018
0019
0018
0019
0019
0011
0011
000F
0012
0010
0011
0010
0011
0039
0038
0039
0039
0038
0038
003A
0039
