(128, 1)
001B
001B
001A
001B
001A
001B
001B
001A
0007
0007
0007
0007
0007
0007
0007
0007
0007
0007
0007
0007
0006
0006
0007
0007
0008
0009
0008
0009
0009
000A
0008
0009
0003
0002
0002
0002
0003
0002
0002
0002
0006
0006
0006
0006
0006
0006
0006
0006
0004
0004
0004
0004
0004
0005
0004
0004
0002
0001
0002
0001
0002
0001
0001
0001
0004
0004
0004
0004
0004
0004
0004
0004
0003
0003
0003
0003
0003
0003
0003
0003
0001
0001
0001
0001
0001
0001
0001
0001
0008
0008
0008
0008
0008
0008
0008
0008
0006
0007
0007
0007
0006
0007
0007
0007
0007
0008
0007
0008
0007
0008
0007
0008
0007
0006
0007
0006
0006
0006
0007
0006
000B
000C
000B
000B
000C
000C
000B
000C
