(128, 1)
FFDF
FFE0
FFE0
FFDF
FFE0
FFDF
FFE0
FFE1
0023
0021
0024
0024
0023
0022
0024
0023
0020
0020
0020
0021
0020
0021
001F
0021
0024
0024
0024
0024
0024
0024
0024
0024
0012
0010
0010
0010
0011
0010
0010
0010
001C
001C
001C
0015
001C
001C
001C
0015
001A
001A
001A
001A
001C
001A
001A
001A
0000
0000
0000
0000
0000
0000
0000
0000
0014
0013
0012
0012
0012
0014
0012
0013
0011
0013
0013
0011
0013
0013
0013
0013
0000
0000
0000
0000
0000
0000
0000
0000
0024
0024
0024
0024
0024
0024
0024
0024
0025
0025
0025
0025
0025
0025
0025
0025
0023
0022
0023
0024
0024
0022
0023
0024
0025
0026
0026
0026
0025
0025
0026
0026
0002
0000
0001
0004
0001
FFFF
0001
0002
