(128, 1)
0055
0059
0056
0057
0056
0056
0056
0056
001B
001F
001D
001D
001C
001E
001C
001D
001E
001D
001E
001F
001D
001C
001F
001D
000E
0010
0010
000F
000F
0010
000F
0010
0003
0003
0004
0003
0003
0003
0003
0003
0007
0007
0007
0007
0007
0006
0006
0007
000A
000A
000A
000A
000A
000A
0009
000A
0002
0002
0002
0002
0002
0002
0002
0002
0008
0008
0008
0008
0008
0008
0008
0008
0007
0007
0007
0007
0007
0007
0007
0007
0002
0002
0002
0002
0002
0002
0002
0002
000E
0011
000F
000F
0010
000F
0010
0010
0010
0011
0011
0013
0011
0012
0011
0011
0018
001B
0018
001A
0018
001B
0017
0019
0011
000F
0012
0011
0010
0011
0011
0011
0037
0039
0039
0039
0038
003A
003B
0039
