(128, 1)
0021
0020
0020
0021
0021
0021
0020
0020
000C
000A
000B
000B
000B
000B
000B
000B
000C
000C
000C
000B
000C
000D
000D
000C
0006
0004
0005
0005
0006
0005
0006
0005
0002
0002
0002
0002
0002
0002
0002
0002
0003
0003
0003
0002
0003
0003
0003
0002
0004
0004
0004
0004
0004
0004
0004
0004
0001
0001
0001
0001
0001
0001
0001
0001
0003
0003
0003
0003
0004
0003
0003
0004
0003
0003
0003
0003
0003
0003
0003
0003
0001
0001
0001
0001
0001
0001
0001
0001
0006
0006
0006
0006
0006
0006
0006
0006
0008
0007
0008
0007
0008
0008
0008
0008
000B
000A
000B
0009
000A
000A
000B
000A
0008
0008
0007
0009
0009
0008
0008
0008
0017
0017
0017
0017
0017
0017
0016
0016
