(128, 1)
0051
0050
0050
0051
0051
0051
004F
0050
0019
0017
0019
0019
0018
0019
0018
0018
0016
0016
0016
0015
0016
0016
0016
0015
0014
0012
0015
0013
0014
0013
0014
0013
0003
0003
0003
0003
0003
0003
0003
0003
000A
000A
000A
000A
000A
000A
000A
000A
000B
000B
000B
000B
000B
000B
000B
000B
0002
0002
0002
0002
0002
0002
0002
0002
0007
0007
0007
0007
0007
0007
0007
0008
0007
0007
0007
0007
0007
0008
0008
0007
0002
0002
0002
0002
0002
0002
0002
0002
0013
0012
0012
0012
0012
0012
0012
0012
0011
0011
0011
000F
0010
000F
0010
0010
0016
0016
0017
0017
0016
0016
0017
0017
000B
000C
000B
000C
000C
000B
000B
000C
0029
0029
0029
002A
002B
0029
002A
002A
