(128, 1)
FFF0
FFED
FFEE
FFEE
FFF0
FFF1
FFED
FFF0
0007
0009
0009
0009
0008
0008
0008
0009
0008
0008
0009
0009
0008
0008
0009
0007
0005
0006
0006
0006
0005
0006
0005
0006
0001
0001
0001
0001
0001
0001
0001
0001
0002
0002
0002
0002
0002
0002
0002
0003
0003
0003
0003
0003
0003
0003
0003
0003
0000
0000
0000
0000
0000
0000
0000
0000
0002
0002
0002
0002
0002
0002
0002
0002
0002
0002
0002
0002
0002
0002
0002
0002
0000
0000
0000
0000
0000
0000
0000
0000
0005
0006
0005
0006
0006
0005
0006
0006
0005
0006
0006
0006
0005
0006
0005
0006
0008
0008
0008
0008
0008
0008
0008
0008
0005
0004
0005
0004
0004
0004
0005
0005
0006
0006
0006
0007
0006
0006
0005
0006
