(128, 1)
000E
000E
000D
000D
000E
000D
000E
000D
0006
0006
0006
0006
0006
0006
0006
0006
0005
0005
0005
0005
0005
0005
0005
0005
0007
0007
0007
0007
0007
0007
0007
0007
0006
0006
0006
0006
0006
0006
0006
0006
0006
0006
0006
0006
0006
0006
0006
0006
0004
0004
0004
0004
0004
0004
0004
0004
0004
0004
0004
0004
0004
0004
0004
0004
0005
0005
0005
0005
0005
0005
0005
0005
0004
0004
0004
0004
0004
0004
0004
0004
0002
0002
0002
0002
0002
0002
0002
0002
0008
0009
0008
0009
0009
0008
0009
0009
0008
0008
0008
0008
0008
0008
0008
0008
0006
0006
0006
0006
0006
0006
0006
0006
0008
0008
0008
0008
0008
0008
0008
0008
0007
0007
0007
0007
0007
0007
0007
0007
