(128, 1)
0020
001F
001F
001F
0020
001F
001F
001F
000A
000A
000A
000A
000A
000B
000A
000A
000B
000B
000B
000B
000B
000C
000C
000B
0004
0004
0004
0005
0004
0005
0004
0005
0001
0001
0001
0001
0001
0001
0001
0001
0002
0002
0002
0001
0002
0002
0002
0002
0003
0003
0003
0003
0003
0003
0003
0003
0000
0000
0000
0000
0000
0000
0000
0000
0002
0002
0002
0002
0002
0002
0002
0002
0002
0002
0002
0002
0002
0002
0002
0002
0000
0000
0000
0000
0000
0000
0000
0000
0005
0005
0005
0005
0005
0004
0005
0005
0007
0007
0007
0006
0006
0007
0007
0006
0009
000A
0009
000A
0009
000A
0009
0009
0007
0007
0007
0007
0007
0007
0008
0006
0016
0016
0016
0015
0016
0016
0015
0015
