(128, 1)
FFEB
FFEA
FFEB
FFE8
FFEC
FFEA
FFEA
FFEA
0009
0009
0008
0009
0009
0009
0009
0009
0009
0009
0009
0009
0009
0009
0009
0009
0004
0005
0005
0005
0005
0005
0004
0005
0001
0001
0001
0001
0001
0001
0001
0001
0002
0002
0002
0002
0002
0002
0002
0002
0003
0003
0003
0003
0003
0003
0003
0003
0000
0000
0000
0000
0000
0000
0000
0000
0002
0002
0002
0002
0002
0002
0002
0002
0002
0002
0002
0002
0002
0002
0002
0002
0000
0000
0000
0000
0000
0000
0000
0000
0005
0005
0005
0005
0005
0005
0005
0005
0006
0006
0006
0006
0006
0006
0006
0006
0007
0009
0007
0008
0007
0009
0007
0008
0007
0006
0007
0007
0006
0007
0007
0007
0001
0001
0001
0001
0001
0001
0000
0000
