(128, 1)
0053
0053
0052
0052
0053
0053
0051
0050
001A
0019
0019
0019
001A
0019
001B
0019
0017
0018
0019
0017
0017
0019
0017
0017
0013
0010
0014
0013
0013
0011
0014
0011
0003
0003
0003
0003
0003
0003
0003
0003
0008
0008
0009
0008
0009
0009
0008
0008
000B
000B
000B
000A
000B
000B
000A
000B
0002
0002
0002
0002
0002
0002
0002
0002
0007
0007
0007
0008
0008
0007
0007
0008
0007
0007
0007
0007
0007
0008
0008
0007
0002
0002
0002
0002
0002
0002
0002
0002
0012
0011
0011
0011
0011
0011
0011
0011
0011
0011
0011
000F
0011
0010
0012
0011
0016
0016
0017
0016
0016
0016
0017
0015
000B
000C
000B
000C
000C
000B
000B
000C
002E
002E
002E
002F
0030
002F
002F
002E
