(128, 1)
FFE6
FFE3
FFE4
FFE4
FFE6
FFE7
FFE3
FFE7
0022
0023
0024
0023
0022
0022
0022
0023
0022
0022
0023
0024
0023
0023
0024
0022
0024
0024
0025
0024
0025
0024
0025
0024
0012
0010
0010
0010
0011
0010
0010
0010
001C
001C
001C
001C
001C
001C
001C
001C
0017
0019
0016
0019
001C
0018
0018
0018
0000
0000
0000
0000
0000
0000
0000
0000
0012
0013
0012
0012
0012
0014
0012
0013
0011
0011
0011
0011
0011
0011
0011
0011
0000
0000
0000
0000
0000
0000
0000
0000
0024
0024
0024
0024
0024
0024
0024
0024
0024
0024
0024
0024
0024
0024
0024
0024
0026
0022
0024
0023
0026
0023
0026
0026
0021
0021
0021
0021
001F
001F
0022
0021
000E
000E
000F
0011
000E
000F
000C
000E
