(128, 1)
001E
001E
001F
001D
0021
0020
0021
0020
002F
002E
002F
002F
002F
002F
002F
002E
0011
0017
0013
0013
0018
0016
0014
0019
FFFB
FFF3
0000
FFF5
FFFA
FFF2
FFFC
FFF7
0010
0014
0017
0019
0015
0018
0016
0015
0038
0039
0038
0038
0039
0038
0038
0039
003D
003D
003D
003D
003E
003D
003D
003D
002F
0031
0030
0031
002E
0031
0030
0030
0034
0034
0034
0035
0035
0034
0035
0035
0023
0026
0027
0026
0025
0026
0025
0027
0022
0022
0023
0021
0021
001F
001D
0022
0046
0046
0045
0045
0045
0046
0045
0045
0037
0037
0036
0036
0036
0037
0036
0037
0019
0016
0018
0019
0014
0012
0018
0011
0036
0036
0036
0036
0035
0035
0036
0036
002C
002B
002C
002C
002D
002B
002D
002D
