(128, 1)
005A
0057
0059
0058
0058
0059
0057
0057
001D
001D
001C
001C
001D
001D
001E
001C
0020
0021
0021
001F
0021
0022
001F
0020
000F
000D
000F
000E
000F
000D
0010
000D
0004
0003
0004
0004
0004
0004
0004
0004
0006
0006
0006
0006
0007
0006
0006
0006
000A
0009
0009
000A
0009
0009
0009
0009
0002
0002
0002
0002
0002
0002
0002
0002
0007
0008
0008
0008
0008
0008
0008
0008
0007
0006
0007
0007
0007
0007
0007
0007
0002
0002
0002
0002
0002
0002
0002
0002
0010
000F
0010
000F
000F
000E
000F
000E
0015
0012
0013
0012
0013
0012
0015
0014
001B
0019
001B
0019
001A
0019
001B
0019
0013
0015
0012
0016
0013
0013
0013
0013
003D
003C
003D
003F
003E
003D
003D
003E
