(128, 1)
001A
001A
0019
001A
0019
001A
001A
0019
0006
0006
0006
0006
0006
0006
0006
0006
0006
0006
0006
0006
0005
0005
0006
0006
0007
0008
0007
0008
0008
0009
0007
0008
0002
0001
0001
0001
0002
0001
0001
0001
0005
0005
0005
0005
0005
0005
0005
0005
0003
0003
0003
0003
0003
0004
0003
0003
0001
0000
0001
0000
0001
0000
0000
0000
0003
0003
0003
0003
0003
0003
0003
0003
0002
0002
0002
0002
0002
0002
0002
0002
0000
0000
0000
0000
0000
0000
0000
0000
0007
0007
0007
0007
0007
0007
0007
0007
0005
0006
0006
0006
0005
0006
0006
0006
0006
0007
0006
0007
0006
0007
0006
0007
0006
0005
0006
0005
0005
0005
0006
0005
000A
000B
000A
000A
000B
000B
000A
000B
