(128, 1)
001E
001F
001E
001F
001E
001D
001F
001E
0009
000A
000B
000A
000A
0009
0009
000A
0009
0009
000A
000A
0009
0008
000A
0009
0006
0007
0007
0007
0007
0007
0006
0007
0002
0002
0002
0002
0002
0002
0002
0002
0003
0004
0004
0004
0004
0003
0003
0004
0004
0004
0004
0004
0005
0004
0004
0004
0001
0001
0001
0001
0001
0001
0001
0001
0003
0003
0003
0003
0003
0003
0003
0003
0003
0003
0003
0003
0003
0003
0003
0003
0001
0001
0001
0001
0001
0001
0001
0001
0006
0007
0006
0007
0007
0007
0007
0007
0006
0007
0007
0007
0006
0007
0006
0007
0008
0009
0009
000A
0008
000A
0008
0009
0005
0004
0006
0004
0005
0005
0005
0005
0012
0012
0012
0012
0012
0012
0013
0012
