(128, 1)
001C
001D
001D
001D
001D
001C
001D
001C
0008
0008
0009
0009
0008
0008
0008
0009
0008
0008
0008
0008
0008
0007
0008
0008
0006
0006
0006
0006
0006
0006
0006
0006
0001
0001
0001
0001
0001
0001
0001
0001
0003
0003
0003
0003
0003
0003
0003
0003
0003
0004
0003
0003
0004
0003
0003
0003
0000
0000
0000
0000
0000
0000
0000
0000
0002
0002
0002
0002
0002
0002
0002
0002
0002
0002
0002
0002
0002
0002
0002
0002
0000
0000
0000
0000
0000
0000
0000
0000
0006
0006
0006
0006
0006
0006
0006
0006
0005
0006
0005
0005
0005
0006
0005
0005
0007
0008
0008
0008
0007
0008
0007
0007
0003
0003
0004
0003
0004
0003
0004
0004
0010
0010
000F
000F
0010
0010
0010
0010
