(128, 1)
FFF9
FFFB
FFFA
FFFA
FFFA
FFF9
FFFB
FFFD
0005
0005
0005
0005
0005
0005
0005
0005
0005
0005
0005
0005
0005
0005
0005
0005
0008
0007
0008
0008
0007
0008
0008
0007
0002
0002
0002
0002
0002
0002
0002
0002
0005
0005
0005
0004
0005
0005
0005
0004
0003
0003
0003
0003
0003
0003
0003
0003
0001
0001
0001
0001
0001
0001
0001
0001
0003
0003
0003
0003
0003
0003
0003
0003
0002
0002
0002
0002
0002
0002
0002
0002
0000
0000
0000
0000
0000
0000
0000
0000
0008
0007
0008
0008
0007
0008
0007
0007
0006
0006
0006
0006
0006
0006
0006
0006
0006
0006
0006
0006
0006
0006
0006
0006
0007
0007
0006
0008
0007
0007
0007
0007
0008
0008
0008
0008
0009
0009
0008
0009
