(128, 1)
0058
0056
0057
0055
0056
0059
0054
0056
001D
001B
0019
001C
001C
001C
001D
001A
001B
001C
001D
001C
001C
001F
001C
001B
0011
000E
0011
000F
000F
000F
0011
000F
0003
0003
0004
0003
0003
0003
0004
0004
0007
0007
0007
0006
0007
0007
0007
0006
0009
0009
000A
000A
0009
000A
0009
0009
0002
0002
0002
0002
0002
0002
0002
0002
0007
0008
0008
0007
0008
0008
0008
0008
0007
0006
0007
0007
0007
0007
0007
0006
0002
0002
0002
0002
0002
0002
0002
0002
0011
000F
0011
0010
000F
0011
0010
0010
0013
0011
0013
0010
0011
0011
0013
0012
001A
0017
0019
0018
0019
0017
0019
0017
0011
0010
000E
0011
0010
0010
000E
000F
0036
0037
0038
0039
0038
0038
0039
0037
