(128, 1)
0019
0018
0019
0019
0018
0019
0018
0018
0006
0006
0006
0006
0006
0006
0006
0006
0006
0006
0005
0006
0006
0006
0006
0005
0009
0009
0009
0009
0009
0009
000A
0009
0004
0004
0004
0004
0004
0004
0004
0004
0005
0005
0005
0005
0006
0005
0006
0005
0004
0004
0004
0004
0004
0004
0004
0004
0002
0002
0002
0002
0002
0002
0002
0002
0004
0004
0004
0004
0004
0004
0004
0004
0003
0003
0003
0003
0003
0003
0003
0003
0001
0001
0001
0001
0001
0001
0001
0001
0009
0008
0009
0009
0009
0009
0008
0008
0008
0007
0008
0007
0007
0007
0007
0007
0007
0006
0007
0006
0007
0006
0007
0006
0008
0009
0008
0009
0009
0008
0008
0009
000A
0009
0009
000A
000A
000A
0009
0009
