(128, 1)
001F
001F
001F
001F
001F
0020
001F
001F
000A
000B
000A
000B
000A
000B
000A
000A
000A
000A
000B
000B
000A
000A
000B
000A
0006
0006
0006
0006
0006
0007
0006
0007
0002
0002
0002
0002
0002
0002
0002
0002
0003
0003
0003
0003
0003
0003
0003
0003
0004
0004
0004
0004
0004
0004
0004
0004
0001
0001
0001
0001
0001
0001
0001
0001
0003
0003
0003
0003
0003
0003
0003
0003
0003
0003
0003
0003
0003
0003
0003
0003
0001
0001
0001
0001
0001
0001
0001
0001
0007
0006
0006
0006
0007
0006
0007
0007
0007
0007
0007
0007
0006
0007
0007
0007
0009
000A
0009
000A
0009
000A
0009
0009
0006
0006
0006
0006
0006
0006
0006
0006
0014
0014
0014
0014
0014
0014
0015
0014
