(128, 1)
001E
001E
0020
001E
0020
0020
0020
0020
002F
002F
002F
002F
002F
002F
0030
002F
0012
0016
0013
0014
0018
0016
0014
0018
FFFA
FFF3
FFFF
FFF6
FFFB
FFF2
FFFC
FFF7
0012
0014
0017
0018
0015
0018
0017
0015
0038
0039
0038
0038
0039
0038
0038
0039
003E
003D
003E
003E
003E
003E
003E
003E
002F
0031
0030
0031
002F
0031
0030
0030
0034
0034
0035
0035
0035
0034
0035
0035
0024
0026
0026
0026
0025
0025
0025
0027
0022
0022
0023
0021
0021
001F
001E
0021
0047
0047
0046
0046
0046
0047
0046
0046
0037
0037
0036
0036
0036
0037
0036
0037
0019
0016
0018
0019
0014
0013
0018
0012
0036
0036
0036
0036
0036
0035
0036
0036
002C
002B
002C
002C
002D
002C
002D
002D
