(128, 1)
001E
001E
001F
001D
001E
001F
001E
001D
0009
0009
0008
0009
0009
000A
0009
0008
0009
0009
000A
0009
0009
000A
0009
0008
0006
0005
0006
0005
0006
0005
0006
0005
0001
0001
0001
0001
0001
0001
0001
0001
0002
0002
0002
0002
0002
0002
0002
0002
0003
0003
0003
0003
0003
0003
0003
0003
0000
0000
0000
0000
0000
0000
0000
0000
0002
0002
0002
0002
0002
0002
0002
0002
0002
0002
0002
0002
0002
0002
0002
0002
0000
0000
0000
0000
0000
0000
0000
0000
0006
0005
0006
0005
0005
0006
0006
0006
0006
0005
0006
0005
0005
0005
0006
0006
0009
0008
0008
0008
0008
0008
0008
0008
0005
0005
0004
0005
0005
0005
0005
0005
0013
0013
0013
0013
0013
0013
0013
0012
