(128, 1)
FFEE
FFEC
FFED
FFEE
FFEE
FFEB
FFED
FFEE
0008
0009
0008
0009
0008
0009
0008
0008
0008
0008
0009
0009
0008
0008
0009
0008
0005
0005
0005
0005
0005
0006
0005
0006
0001
0001
0001
0001
0001
0001
0001
0001
0002
0002
0002
0002
0002
0002
0002
0002
0003
0003
0003
0003
0003
0003
0003
0003
0000
0000
0000
0000
0000
0000
0000
0000
0002
0002
0002
0002
0002
0002
0002
0002
0002
0002
0002
0002
0002
0002
0002
0002
0000
0000
0000
0000
0000
0000
0000
0000
0006
0005
0005
0005
0006
0005
0006
0006
0006
0006
0006
0006
0005
0006
0006
0006
0008
0008
0007
0008
0007
0008
0008
0007
0005
0005
0005
0005
0005
0005
0005
0005
0006
0005
0006
0005
0005
0005
0004
0006
