(128, 1)
0056
0056
0056
0056
0055
0056
0056
0056
001C
001B
001B
001B
001D
001B
001C
001B
001C
001C
001C
001C
001C
001C
001B
001B
0011
000F
0012
000F
0010
000F
0011
0010
0004
0003
0004
0003
0003
0003
0004
0003
0007
0007
0007
0007
0008
0007
0007
0007
000A
000A
000B
000A
000A
000A
000A
000A
0002
0002
0002
0002
0002
0002
0002
0002
0007
0008
0008
0008
0008
0008
0007
0008
0007
0007
0007
0007
0007
0007
0007
0007
0002
0002
0002
0002
0002
0002
0002
0002
0010
000F
0010
0010
0010
0010
0010
0011
0011
0011
0012
0011
0011
0011
0012
0012
0018
0019
0019
0019
0019
0019
0019
0019
000F
000F
000E
0010
000E
0010
000E
0010
0037
0036
0038
0039
0038
0037
0039
0037
