(128, 1)
001D
001F
001E
001E
001D
001E
001E
001E
0009
000A
000A
000A
000A
000A
0009
000A
000A
0009
0009
000A
0009
0008
000A
0009
0005
0005
0006
0005
0005
0006
0005
0006
0001
0001
0001
0001
0001
0001
0001
0001
0002
0002
0002
0002
0002
0002
0002
0002
0003
0003
0003
0003
0003
0003
0003
0003
0000
0000
0000
0000
0000
0000
0000
0000
0002
0002
0002
0002
0002
0002
0002
0002
0002
0002
0002
0002
0002
0002
0002
0002
0000
0000
0000
0000
0000
0000
0000
0000
0005
0006
0005
0005
0006
0005
0006
0006
0005
0006
0006
0006
0005
0006
0006
0006
0008
0009
0008
0009
0008
0009
0008
0008
0005
0004
0005
0005
0005
0005
0005
0005
0013
0014
0013
0013
0013
0013
0014
0013
