(128, 1)
004E
004C
004C
004E
004E
004F
004C
004D
0017
0016
0016
0016
0016
0016
0016
0015
0012
0013
0013
0013
0013
0014
0013
0013
0017
0014
0015
0015
0017
0016
0016
0015
0004
0003
0004
0003
0004
0004
0003
0004
000D
000D
000D
000C
000D
000E
000D
000D
000C
000C
000C
000B
000B
000C
000C
000B
0002
0002
0002
0002
0002
0002
0002
0002
0008
0008
0008
0008
0008
0008
0008
0008
0007
0007
0007
0007
0007
0007
0007
0007
0002
0002
0002
0002
0002
0002
0002
0002
0014
0013
0014
0014
0013
0014
0013
0013
0010
0010
0011
0010
000F
000F
0011
0010
0016
0016
0016
0016
0016
0016
0016
0016
000D
000D
000C
000C
000C
000C
000C
000C
0024
0024
0024
0024
0025
0024
0024
0024
