(128, 1)
FFED
FFEA
FFED
FFE8
FFEC
FFEC
FFEB
FFE9
0023
0022
0022
0020
0022
0023
0020
0022
001F
0020
001F
0020
0020
001F
0020
0020
0023
0024
0024
0023
0023
0022
0023
0022
0012
0010
0010
0010
0011
0010
0010
0010
001D
001C
001D
001C
001D
001E
001D
001C
0016
0017
0016
0015
0016
0017
0017
0015
0002
0000
0001
0001
0001
0000
0001
0000
0012
0013
0012
0012
0012
0014
0012
0013
0011
0011
0011
0011
0011
0011
0011
0011
0000
0000
0000
0000
0000
0000
0000
0000
0024
0021
0024
0023
0021
0022
0021
0021
0021
0021
0022
0022
0022
0021
0021
0021
0021
0022
0021
0021
0021
0022
0022
0023
001F
0020
001E
0020
001F
001F
0020
0020
001D
001E
001E
001E
001C
001D
001D
001C
