(128, 1)
FFED
FFED
FFEE
FFEF
FFED
FFEE
FFEE
FFF1
0008
0007
0008
0007
0008
0007
0008
0007
0007
0007
0008
0007
0007
0008
0007
0008
0006
0005
0006
0006
0006
0005
0006
0006
0001
0001
0001
0001
0001
0001
0001
0001
0002
0002
0002
0002
0003
0002
0002
0002
0003
0003
0003
0003
0003
0003
0003
0003
0000
0000
0000
0000
0000
0000
0000
0000
0002
0002
0002
0002
0002
0002
0002
0002
0002
0002
0002
0002
0002
0002
0002
0002
0000
0000
0000
0000
0000
0000
0000
0000
0006
0006
0006
0006
0006
0006
0006
0006
0006
0006
0006
0006
0006
0006
0006
0006
0008
0007
0007
0008
0007
0008
0007
0008
0004
0005
0004
0005
0004
0004
0004
0004
0007
0007
0007
0007
0006
0007
0006
0007
