(128, 1)
004D
004D
004B
004E
004C
004D
004B
004B
0014
0014
0014
0013
0013
0014
0013
0013
0011
0011
0012
0011
0012
0011
0011
0011
0017
0015
0017
0016
0018
0016
0017
0016
0004
0004
0004
0004
0004
0004
0004
0004
000E
000E
000E
000D
000E
000E
000E
000E
000B
000B
000C
000B
000B
000B
000C
000B
0002
0002
0002
0002
0002
0002
0002
0002
0008
0009
0009
0009
0008
0009
0009
0009
0007
0007
0007
0007
0007
0007
0007
0007
0002
0002
0002
0002
0002
0002
0002
0002
0016
0015
0015
0015
0014
0015
0015
0015
0011
0010
0011
0011
0011
000F
0011
0010
0016
0015
0015
0015
0015
0015
0016
0015
000E
000F
000E
000E
000E
000E
000E
000E
0021
0021
0021
0021
0022
0022
0021
0022
