(128, 1)
FFF1
FFF2
FFF2
FFF1
FFF1
FFF2
FFF2
FFF3
0007
0008
0008
0008
0008
0007
0008
0008
0007
0007
0007
0007
0007
0008
0007
0007
0007
0006
0007
0006
0007
0006
0007
0006
0001
0001
0001
0001
0001
0001
0001
0001
0003
0003
0003
0003
0003
0003
0003
0003
0003
0003
0003
0003
0003
0003
0003
0003
0000
0000
0000
0000
0000
0000
0000
0000
0002
0002
0002
0002
0002
0002
0002
0002
0002
0002
0002
0002
0002
0002
0002
0002
0000
0000
0000
0000
0000
0000
0000
0000
0006
0006
0006
0006
0006
0006
0006
0006
0006
0005
0006
0005
0005
0005
0005
0005
0007
0007
0008
0007
0007
0007
0008
0007
0003
0004
0003
0004
0003
0003
0003
0004
0009
0009
0009
0009
0009
0009
0009
0009
