(128, 1)
FFE8
FFEA
FFE8
FFEA
FFE8
FFE6
FFEA
FFEA
0009
0009
0008
0009
0009
0008
0008
0009
0009
0009
0009
0009
0009
0009
0009
0009
0005
0004
0005
0004
0005
0004
0005
0004
0001
0001
0001
0001
0001
0001
0001
0001
0002
0002
0002
0001
0002
0002
0002
0001
0003
0003
0003
0003
0003
0003
0003
0002
0000
0000
0000
0000
0000
0000
0000
0000
0002
0002
0002
0002
0002
0002
0002
0002
0002
0002
0002
0002
0002
0002
0002
0002
0000
0000
0000
0000
0000
0000
0000
0000
0005
0005
0005
0005
0005
0005
0005
0005
0007
0006
0007
0006
0006
0006
0007
0007
0009
0007
0008
0007
0008
0007
0008
0008
0007
0007
0006
0008
0007
0007
0007
0007
0001
0001
0000
0000
0000
0000
0001
0000
