(128, 1)
FFFA
FFFB
FFFB
FFFB
FFFB
FFFB
FFFC
FFFC
0013
0014
0013
0014
0013
0013
0012
0012
0011
0011
0010
0012
0011
0011
0011
0010
0016
0016
0017
0016
0015
0014
0017
0016
0010
000F
000F
000F
000F
000F
000F
000F
0012
0012
0012
0011
0013
0012
0013
0011
000B
000C
000C
000C
000C
000C
000C
000C
0007
0006
0006
0007
0006
0006
0007
0006
000E
000D
000D
000D
000E
000E
000D
000D
000A
000B
000A
000A
000B
000B
000A
000B
0000
0000
0000
0000
0000
0000
0000
0000
0018
0017
0018
0018
0017
0017
0016
0017
0016
0016
0018
0016
0016
0017
0016
0017
0013
0013
0013
0013
0013
0013
0013
0013
0017
0018
0016
0018
0018
0018
0018
0019
0015
0014
0015
0015
0014
0015
0015
0014
