(128, 1)
FFEC
FFEA
FFEB
FFE8
FFED
FFEC
FFEA
FFEB
0009
0008
0009
0009
0009
0009
0009
0009
0009
0009
0009
0009
0009
0009
0009
0009
0005
0005
0005
0005
0005
0005
0005
0005
0001
0001
0001
0001
0001
0001
0001
0001
0002
0002
0002
0002
0002
0002
0002
0002
0003
0003
0003
0003
0003
0003
0003
0003
0000
0000
0000
0000
0000
0000
0000
0000
0002
0002
0002
0002
0002
0002
0002
0002
0002
0002
0002
0002
0002
0002
0002
0002
0000
0000
0000
0000
0000
0000
0000
0000
0005
0005
0005
0005
0005
0005
0005
0005
0006
0006
0006
0006
0006
0006
0006
0006
0008
0009
0007
0009
0008
0008
0008
0008
0006
0006
0007
0006
0006
0006
0006
0006
0003
0002
0003
0002
0001
0003
0001
0001
