(128, 1)
001F
001F
001F
001E
001F
001F
001F
001D
000A
0009
000A
0009
000A
0009
000A
0009
0009
0009
000A
0009
0009
000A
0009
0009
0007
0006
0007
0007
0007
0006
0007
0007
0002
0002
0002
0002
0002
0002
0002
0002
0003
0003
0003
0003
0004
0003
0003
0003
0004
0004
0004
0004
0004
0004
0004
0004
0001
0001
0001
0001
0001
0001
0001
0001
0003
0003
0003
0003
0003
0003
0003
0003
0003
0003
0003
0003
0003
0003
0003
0003
0001
0001
0001
0001
0001
0001
0001
0001
0007
0007
0007
0007
0007
0007
0007
0007
0007
0007
0007
0007
0007
0007
0007
0007
0009
0008
0009
0009
0009
0009
0009
0009
0005
0006
0005
0006
0005
0005
0005
0005
0013
0012
0013
0013
0013
0012
0014
0012
