(128, 1)
FFDF
FFDE
FFE0
FFDF
FFDF
FFDF
FFDF
FFE0
0023
0022
0022
0024
0023
0022
0023
0022
0021
0020
0021
0020
0021
001F
0020
0020
0024
0024
0025
0024
0024
0024
0024
0024
0012
0010
0010
0010
0011
0010
0010
0010
001C
001C
001C
001C
001C
001C
001C
001C
001A
001A
001A
001A
001C
001A
001A
001A
0000
0000
0000
0000
0000
0000
0000
0000
0012
0013
0012
0012
0012
0014
0012
0013
0011
0013
0011
0011
0011
0011
0011
0013
0000
0000
0000
0000
0000
0000
0000
0000
0024
0024
0024
0024
0024
0024
0024
0024
0025
0024
0025
0025
0024
0024
0025
0025
0022
0022
0022
0022
0022
0022
0022
0022
0025
0025
0026
0026
0025
0025
0025
0025
0002
0003
0000
0001
0000
0001
0001
0001
