(128, 1)
FFED
FFEB
FFED
FFEB
FFEE
FFED
FFED
FFEC
0008
0009
0009
0009
0009
0009
0009
0009
0009
0009
0009
0008
0009
0008
0009
0009
0005
0005
0005
0005
0005
0005
0005
0005
0001
0001
0001
0001
0001
0001
0001
0001
0002
0002
0002
0002
0002
0002
0002
0002
0003
0003
0003
0003
0003
0003
0003
0003
0000
0000
0000
0000
0000
0000
0000
0000
0002
0002
0002
0002
0002
0002
0002
0002
0002
0002
0002
0002
0002
0002
0002
0002
0000
0000
0000
0000
0000
0000
0000
0000
0005
0006
0005
0005
0005
0005
0005
0005
0006
0006
0006
0006
0005
0006
0006
0006
0008
0008
0008
0008
0007
0008
0008
0008
0005
0005
0006
0005
0005
0006
0005
0005
0005
0005
0005
0005
0005
0005
0003
0005
