(128, 1)
0055
0056
0055
0055
0053
0054
0056
0053
001A
001B
001C
001B
001B
001B
001B
001A
001B
001B
001D
001C
001B
001A
001A
0019
0011
0010
0011
0010
0011
0011
0012
0010
0004
0003
0004
0003
0003
0004
0004
0003
0008
0008
0008
0008
0008
0007
0007
0007
000B
000A
000B
0009
000B
000A
000A
000B
0002
0002
0002
0002
0002
0002
0002
0002
0007
0008
0008
0007
0007
0007
0007
0007
0007
0007
0007
0007
0007
0007
0007
0007
0002
0002
0002
0002
0002
0002
0002
0002
0011
0011
0011
0010
0010
0011
0011
0012
0011
0011
0011
0011
0010
0011
0011
0012
0017
0019
0019
0019
0019
0019
0019
0018
000E
000E
000E
000E
000D
000D
000E
000F
0035
0035
0035
0035
0035
0034
0036
0033
