(128, 1)
0053
0055
0054
0054
0053
0053
0055
0052
0019
001B
001B
001B
001B
001B
0019
001B
0019
001A
001B
001B
001A
0019
001A
0019
0011
0011
0011
0011
0011
0011
0010
0012
0003
0003
0003
0003
0003
0003
0003
0003
0008
0008
0008
0008
0009
0008
0008
0008
000B
000A
000B
000A
000B
000B
000A
000A
0002
0002
0002
0002
0002
0002
0002
0002
0007
0007
0007
0008
0007
0007
0007
0007
0007
0008
0007
0008
0008
0008
0007
0008
0002
0002
0002
0002
0002
0002
0002
0002
0011
0011
0010
0011
0011
0010
0011
0012
0010
0011
0011
0011
0010
0011
0011
0012
0017
0019
0019
001A
0017
0019
0017
0018
000E
000D
000E
000C
000D
000D
000E
000D
0034
0034
0033
0033
0034
0033
0035
0034
