(128, 1)
005A
0058
0059
0058
0059
005B
0058
0058
001D
001D
001C
001D
001E
001D
001D
001D
0020
0020
0021
0020
0020
0021
0020
0020
000F
000D
000E
000E
000E
000D
000F
000E
0004
0003
0004
0004
0004
0004
0004
0004
0006
0006
0006
0006
0006
0006
0006
0006
0009
0009
000A
0009
0009
0009
0009
0009
0002
0002
0002
0002
0002
0002
0002
0002
0008
0008
0008
0008
0008
0008
0008
0008
0007
0006
0007
0007
0007
0007
0007
0007
0002
0002
0002
0002
0002
0002
0002
0002
000F
000F
0010
000F
000F
000F
000F
000E
0014
0012
0014
0012
0012
0012
0013
0014
001B
0019
0019
0019
001B
0019
001A
001A
0014
0015
0012
0016
0014
0014
0014
0013
003C
003C
003F
003E
003E
003D
003D
003C
