(128, 1)
0059
0059
0059
0059
0057
005A
0057
0057
001D
001D
001D
001C
001D
001D
001E
001D
0020
0020
0020
0020
0020
0022
001F
0020
000F
000D
0010
000E
000F
000D
0010
000E
0004
0003
0004
0003
0004
0004
0004
0004
0006
0006
0006
0006
0006
0006
0006
0006
0009
0009
0009
0009
0009
0009
0009
0009
0002
0002
0002
0002
0002
0002
0002
0002
0007
0008
0008
0008
0008
0008
0008
0008
0007
0007
0007
0007
0007
0007
0007
0007
0002
0002
0002
0002
0002
0002
0002
0002
0010
000F
0010
000F
000F
000F
000F
000F
0014
0011
0013
0011
0012
0012
0013
0013
001A
0019
001B
0019
001A
0018
001B
0019
0013
0013
0012
0016
0012
0012
0013
0013
003C
003C
003D
003F
003D
003C
003C
003D
