(128, 1)
FFED
FFED
FFED
FFED
FFEF
FFEE
FFEC
FFEF
0008
0008
0009
0008
0008
0008
0008
0008
0008
0008
0009
0009
0008
0008
0008
0007
0006
0005
0006
0005
0006
0006
0006
0005
0001
0001
0001
0001
0001
0001
0001
0001
0002
0002
0002
0002
0002
0002
0002
0002
0003
0003
0003
0003
0003
0003
0003
0003
0000
0000
0000
0000
0000
0000
0000
0000
0002
0002
0002
0002
0002
0002
0002
0002
0002
0002
0002
0002
0002
0002
0002
0002
0000
0000
0000
0000
0000
0000
0000
0000
0006
0006
0006
0005
0005
0006
0006
0006
0006
0006
0006
0006
0005
0006
0006
0006
0008
0007
0007
0007
0007
0007
0007
0008
0005
0005
0005
0005
0004
0004
0005
0005
0006
0006
0006
0006
0006
0006
0005
0007
