(128, 1)
FFE6
FFE6
FFE7
FFE6
FFE6
FFE6
FFE7
FFE8
0022
0022
0022
0022
0022
0022
0024
0023
0026
0024
0023
0025
0024
0022
0026
0026
0024
0024
0025
0023
0025
0024
0025
0024
0012
0010
0010
0010
0011
0010
0010
0010
001C
001C
001D
001C
001D
001E
001C
001C
0016
0019
0016
0018
001A
0017
0018
0017
0000
0000
0000
0000
0000
0000
0000
0000
0012
0013
0012
0012
0012
0014
0012
0013
0011
0011
0011
0011
0011
0011
0011
0011
0000
0000
0000
0000
0000
0000
0000
0000
0024
0024
0024
0024
0023
0024
0024
0023
0024
0024
0024
0024
0023
0023
0022
0022
0023
0024
0026
0023
0023
0024
0025
0026
001F
0020
001E
0020
001F
001F
0020
0020
0017
0017
0018
0017
0016
0017
0016
0016
