(128, 1)
0051
0056
0054
0054
0051
0050
0056
0052
0019
001D
001D
001C
001B
001B
001A
001C
001A
001B
001C
001D
001A
0017
001C
0019
0010
0011
0011
0011
0010
0011
000F
0012
0004
0003
0003
0003
0003
0003
0003
0003
0008
0008
0008
0008
0008
0007
0008
0009
000B
000B
000B
000A
000B
000B
000B
000B
0002
0002
0002
0002
0002
0002
0002
0002
0008
0007
0007
0008
0007
0007
0007
0008
0007
0008
0007
0007
0008
0008
0007
0008
0002
0002
0002
0002
0002
0002
0002
0002
0010
0011
000F
0011
0011
0010
0011
0012
000F
0012
0011
0013
000F
0011
0010
0011
0017
001A
0018
001B
0017
001B
0017
0018
000E
000C
000F
000C
000C
000D
000E
000E
0034
0035
0035
0033
0034
0034
0037
0035
