(128, 1)
001F
001F
001F
001F
0020
0020
0020
0020
002E
002E
002E
002F
002F
002E
002F
002E
0012
0015
0015
0014
0017
0015
0015
0016
FFF9
FFF5
FFFD
FFF5
FFFA
FFF3
FFFA
FFF6
0015
0016
0018
0019
0017
0019
0017
0017
0039
0038
0039
0039
0039
0039
0039
0039
003D
003D
003D
003D
003D
003D
003D
003D
002F
0030
0030
0030
002F
0030
0030
0030
0034
0034
0035
0035
0034
0035
0034
0035
0025
0026
0026
0026
0026
0027
0026
0026
0022
0021
0022
0020
0021
0020
001E
0021
0043
0043
0043
0043
0043
0043
0043
0043
0036
0037
0037
0037
0036
0037
0036
0037
0018
0016
0017
0018
0015
0014
0017
0014
0035
0035
0035
0035
0035
0035
0035
0035
002C
002C
002C
002C
002C
002C
002D
002C
