(128, 1)
0003
0001
0001
0006
0003
0001
0001
0005
0000
0000
0000
0000
0000
0000
0000
0000
0070
006C
0068
006C
006F
006D
0067
006C
0001
0005
001A
000C
0000
0007
001E
000A
000D
0003
0001
0005
000B
0003
0001
0005
0000
0000
0000
0000
0000
0000
0000
0000
0000
0000
0000
0000
0000
0000
0000
0000
0000
0000
0000
0000
0000
0000
0000
0000
000A
0006
0004
0004
000A
0007
0005
0003
0068
0065
0060
0066
0068
0065
0060
0067
0000
0000
0000
0000
0000
0000
0000
0000
0054
002A
003C
0056
0055
002B
003F
0055
002D
0006
000E
003A
002D
0007
000D
003D
004E
0057
005E
0057
0051
0058
005F
0056
0000
0000
0000
0000
0000
0000
0000
0000
0005
0002
0000
0001
0004
0002
0000
0001
