(128, 1)
0006
0002
0001
0001
0007
0002
0001
0001
0000
0000
0000
0000
0000
0000
0000
0000
006D
0072
0069
0069
006C
0072
0069
0069
0005
0000
0009
0021
0005
0000
000A
0020
0006
000C
0001
0001
0005
000E
0001
0001
0000
0000
0000
0000
0000
0000
0000
0000
0000
0000
0000
0000
0000
0000
0000
0000
0001
0000
0000
0000
0000
0000
0000
0000
0004
000B
0005
0005
0004
000C
0006
0005
0069
0068
0065
0061
0069
0068
0065
0062
0000
0000
0000
0000
0000
0000
0000
0000
0057
0051
002B
004C
0058
0050
002D
0050
003A
0026
0005
0017
003A
0026
0005
0016
0055
0053
0059
005F
0056
0053
005A
005F
0000
0000
0000
0000
0000
0000
0000
0000
0002
0005
0001
0000
0002
0005
0001
0000
