(128, 1)
0001
0001
0004
0002
0001
0002
0005
0002
0000
0000
0000
0000
0000
0000
0000
0000
006B
0069
006C
006F
0068
006B
006C
0070
000A
0016
0006
0001
000C
0018
0005
0001
0002
0001
0006
000C
0001
0001
0006
000B
0000
0000
0000
0000
0000
0000
0000
0000
0000
0000
0000
0000
0000
0000
0000
0000
0000
0000
0000
0000
0000
0000
0000
0000
0005
0004
0004
0009
0005
0004
0004
0008
0065
0063
0068
0065
0063
0061
0068
0068
0000
0000
0000
0000
0000
0000
0000
0000
002E
004A
0055
004E
0035
0045
0058
004D
0007
0017
0031
001D
0006
0017
0034
0020
005A
005E
0054
0054
005A
005E
0057
0054
0000
0000
0000
0000
0000
0000
0000
0000
0001
0000
0002
0004
0001
0000
0002
0004
