(128, 1)
0010
000F
000E
0012
0011
000F
000E
0011
0009
0008
0006
0006
0009
0008
0006
0006
0029
0029
0027
0027
0028
0029
0027
0028
000F
000F
0017
0017
000F
0011
0017
0016
0014
0013
000E
0011
0013
0013
000E
0011
0003
0004
0004
0003
0003
0004
0004
0004
0002
0002
0001
0002
0002
0002
0001
0002
000B
0009
000A
000D
000B
0008
000A
000C
0013
0013
0012
0012
0013
0013
0012
0011
0027
0026
0025
0025
0027
0026
0024
0025
0004
0004
0003
0004
0004
0003
0004
0004
0020
001C
001C
001F
0020
001C
001C
001F
001B
0016
0013
001B
001B
0016
0014
001B
001F
0020
0022
0022
001F
0020
0022
0022
0003
0004
0003
0003
0004
0004
0003
0003
0012
0010
000C
000E
0011
0010
000C
000D
