(128, 1)
0006
0003
0001
0001
0006
0003
0001
0001
0000
0000
0000
0000
0000
0000
0000
0000
006A
0070
006D
0067
006B
0070
006D
0068
000B
0001
0004
0021
000C
0001
0004
0020
0004
000D
0003
0001
0004
000E
0004
0001
0000
0000
0000
0000
0000
0000
0000
0000
0000
0000
0000
0000
0000
0000
0000
0000
0000
0000
0000
0000
0000
0000
0000
0000
0003
0009
0007
0004
0003
0009
0006
0004
0066
0069
0063
0061
0066
0069
0065
005F
0000
0000
0000
0000
0000
0000
0000
0000
0055
0055
002D
003C
0055
0056
002E
0038
0037
0034
0008
0009
0036
0035
0007
000A
005A
004C
0059
005F
005A
004B
0057
005E
0000
0000
0000
0000
0000
0000
0000
0000
0001
0006
0002
0000
0001
0005
0002
0000
