(128, 1)
0027
0027
0027
0027
0027
0028
0026
0027
0007
0006
0006
0005
0009
0003
0009
0003
0018
0015
0015
0017
0015
0017
0014
0014
0028
0027
0027
0028
0028
0028
0027
0027
0028
0028
0028
0028
0028
0028
0028
0028
001D
001E
001F
001B
001E
001F
001D
001E
0020
001F
0020
0020
0020
001F
0020
0020
0026
0027
0027
0027
0027
0027
0027
0026
0024
0024
0025
0025
0025
0025
0025
0025
001C
001A
001D
001C
001B
001C
001B
001A
0028
0028
0028
0028
0028
0028
0028
0028
0021
0020
0020
001C
0021
0020
0021
0020
001D
001E
0020
0020
0020
001F
0021
0020
001F
001E
0020
001F
001E
001D
001D
0020
0022
0022
0022
0021
0022
0022
0022
0022
0028
0028
0028
0028
0028
0028
0028
0028
