(128, 1)
0025
0029
002E
002B
0025
002A
002F
002A
0011
000D
0015
0019
0011
000E
0015
0019
006B
006A
006C
0071
006A
006A
006C
0071
0037
0040
0032
0027
0037
0042
0032
0025
0029
0029
0032
0039
0027
0029
0031
0039
0009
0009
0008
0009
0009
0009
0007
0009
0002
0003
0003
0004
0002
0003
0003
0004
0019
001E
0020
0019
0019
001E
0021
0017
0031
002E
002E
0037
002F
002F
002F
0036
0066
0063
0068
0068
0066
0062
0068
0068
0009
0009
0009
0008
0009
0009
000A
0008
004A
0051
0056
0052
004B
0050
0057
0053
0032
0040
004B
0044
0031
0040
004B
0044
005A
005F
0057
0055
0059
005F
0058
0055
0007
0007
0007
000A
0008
0007
0007
0009
0025
001E
0029
002E
0026
001E
0029
002F
