(128, 1)
000E
000F
0012
0010
000E
000F
0012
0010
0007
0005
0007
000A
0007
0006
0007
000A
0028
0027
0028
002A
0027
0027
0028
002A
0014
0018
0013
000E
0014
0019
0013
000E
000F
000F
0012
0015
000F
000F
0012
0016
0004
0004
0003
0004
0004
0004
0003
0004
0001
0002
0002
0002
0001
0002
0002
0002
000A
000B
000C
000A
000A
000B
000C
0009
0012
0011
0011
0014
0012
0012
0011
0014
0026
0024
0027
0026
0026
0024
0026
0027
0004
0004
0004
0003
0004
0004
0004
0003
001B
001E
0020
001E
001B
001D
0021
001F
0013
0017
001B
001A
0013
0017
001C
001A
0021
0023
0020
001F
0021
0023
0021
001F
0003
0003
0003
0004
0003
0003
0003
0004
000E
000B
000F
0012
000F
000B
0010
0012
