(128, 1)
000F
0011
000F
000D
000F
0011
000F
000D
0004
0007
0008
0005
0005
0007
0008
0005
0026
0027
0029
0026
0026
0027
0029
0026
0017
0011
000D
0014
0017
0011
000D
0015
000E
0012
0014
000E
000E
0012
0014
000D
0003
0002
0003
0003
0003
0002
0003
0003
0001
0001
0001
0000
0001
0001
0001
0000
000B
000B
0008
0009
000A
000C
0008
0009
0011
0011
0013
0011
0011
0010
0013
0011
0023
0026
0025
0025
0023
0026
0025
0025
0003
0003
0002
0002
0003
0003
0003
0002
001D
001F
001D
001B
001E
001F
001D
001A
0017
001B
0018
0011
0017
001B
0018
0012
0023
001E
001F
0021
0022
001F
001F
0021
0002
0002
0003
0002
0002
0002
0003
0002
000A
000F
0011
000D
000A
000F
0011
000D
