(128, 1)
0012
000F
000E
000F
0013
000F
000E
000F
0007
000A
0006
0005
0007
000A
0006
0005
0028
002A
0027
0027
0028
002A
0027
0027
0012
000C
0014
0019
0011
000D
0015
001A
0013
0015
000E
000E
0012
0016
000E
000F
0003
0004
0004
0004
0003
0004
0003
0004
0002
0002
0001
0002
0002
0002
0001
0002
000D
0009
0009
000B
000E
0009
000A
000B
0012
0014
0012
0012
0012
0016
0013
0012
0027
0027
0026
0024
0027
0027
0026
0024
0004
0003
0003
0003
0004
0003
0004
0003
0020
001E
001B
001E
0021
001E
001B
001E
001C
001A
0012
0018
001C
001A
0012
0018
0020
001F
0021
0023
0020
001F
0022
0023
0003
0004
0003
0003
0003
0004
0003
0003
0010
0012
000E
000A
0010
0012
000E
000A
