(128, 1)
0011
000E
000D
000E
0010
000F
000D
000F
0007
0008
0005
0005
0008
0008
0005
0005
0027
0028
0026
0026
0027
0029
0026
0026
0010
000D
0015
0017
0011
000D
0015
0017
0012
0014
000D
000E
0012
0013
000D
000E
0002
0003
0003
0003
0002
0003
0003
0003
0001
0001
0000
0001
0001
0001
0000
0001
000B
0008
0009
000B
000B
0008
0009
000B
0011
0013
0011
0011
0011
0013
0011
0011
0026
0025
0024
0024
0026
0025
0024
0023
0003
0002
0002
0003
0003
0002
0002
0003
001F
001D
001A
001E
001F
001D
001A
001D
001B
0017
0012
0017
001B
0017
0011
0018
001F
001E
0021
0022
001F
001F
0021
0022
0002
0003
0002
0002
0002
0003
0002
0002
000F
0011
000C
000B
000F
0010
000C
000A
