(128, 1)
000F
000E
000F
000F
000E
000E
000E
000F
0007
0006
0006
0006
0007
0006
0006
0006
0027
0027
0027
0026
0027
0027
0026
0027
0011
0013
0014
0013
0012
0012
0014
0013
0012
0010
0011
0011
0012
0010
0010
0011
0003
0003
0003
0002
0002
0003
0003
0002
0001
0001
0001
0001
0001
0001
0001
0001
0009
0009
000A
000A
0009
0009
0009
000A
0011
0011
0011
0011
0011
0011
0010
0010
0024
0025
0023
0025
0025
0025
0024
0024
0003
0003
0003
0003
0003
0003
0003
0003
001D
001C
001B
001E
001D
001C
001C
001D
0017
0015
0016
0017
0018
0016
0016
0018
001F
001F
0021
001F
001F
0020
0021
001F
0002
0002
0002
0002
0003
0002
0002
0002
000F
000E
000D
000E
000F
000E
000D
000E
