(128, 1)
000F
000E
000E
000F
000F
000E
000E
0010
0008
0006
0006
0006
0008
0006
0005
0006
0027
0027
0026
0027
0027
0026
0026
0027
000F
0013
0016
0012
000F
0012
0016
0013
0013
0010
000F
0011
0013
0010
000F
0011
0002
0003
0003
0002
0002
0003
0003
0002
0001
0001
0001
0001
0001
0001
0001
0001
0009
0009
000B
000B
0009
0009
000A
000B
0011
0011
0011
0010
0012
0011
0010
0010
0025
0025
0023
0025
0025
0025
0024
0025
0003
0002
0003
0003
0003
0003
0003
0003
001D
001C
001B
001F
001D
001B
001C
001E
0018
0014
0016
0019
0019
0014
0016
0019
001F
0020
0022
0020
001F
0020
0021
001F
0003
0002
0002
0002
0003
0002
0002
0002
0010
000E
000C
000E
0010
000E
000C
000E
