(128, 1)
0003
0007
0007
0005
0004
0008
0007
0005
0000
0000
0000
0000
0000
0000
0000
0000
004A
004A
004D
004F
004A
004D
004D
004F
0014
0013
0006
0006
0015
0014
0006
0006
0004
0007
000D
000D
0004
0007
000D
000B
0000
0000
0000
0000
0000
0000
0000
0000
0000
0000
0000
0000
0000
0000
0000
0000
0001
0002
0001
0000
0001
0002
0001
0000
0009
0009
000A
000D
0009
0009
000B
000B
0044
0046
004A
0047
0044
0044
004A
0047
0000
0000
0000
0000
0000
0000
0000
0000
0026
0030
0033
002A
0027
002F
0034
002A
000C
001F
0023
0015
000D
001F
0022
0014
003A
003B
0031
0034
003A
003A
0033
0034
0000
0000
0000
0000
0000
0000
0000
0000
0003
0003
0007
0007
0003
0003
0007
0007
