(128, 1)
0002
0001
0002
0003
0002
0001
0001
0004
0000
0000
0000
0000
0000
0000
0000
0000
006D
006B
0069
006B
006F
0069
0069
006C
0002
0009
0016
0007
0002
0008
0014
0008
000A
0003
0002
0006
000A
0002
0002
0006
0000
0000
0000
0000
0000
0000
0000
0000
0000
0000
0000
0000
0000
0000
0000
0000
0000
0000
0000
0000
0000
0000
0000
0000
0007
0005
0004
0003
0007
0005
0004
0003
0066
0064
0062
0067
0067
0065
0062
0067
0000
0000
0000
0000
0000
0000
0000
0000
0050
0036
0045
0055
0051
0039
0042
0055
001E
0009
0012
002A
0022
0009
0012
002D
0055
0058
005E
0057
0055
0059
005D
0057
0000
0000
0000
0000
0000
0000
0000
0000
0004
0001
0000
0002
0003
0002
0000
0001
