(128, 1)
0003
0006
0007
0006
0003
0006
0007
0005
0000
0000
0000
0000
0000
0000
0000
0000
004A
004A
004D
004F
004A
004A
004D
0050
0011
0015
0009
0006
0013
0016
0009
0005
0005
0006
000C
000E
0004
0007
000B
000E
0000
0000
0000
0000
0000
0000
0000
0000
0000
0000
0000
0000
0000
0000
0000
0000
0001
0002
0002
0000
0001
0002
0002
0000
000A
0007
0009
000C
0009
0007
000A
000B
0044
0044
004A
0047
0046
0042
004A
0047
0000
0000
0000
0000
0000
0000
0000
0000
0025
002D
0033
002C
0026
002D
0034
002C
000C
001C
0023
0018
000B
001B
0023
0018
003A
003D
0031
0034
003A
003D
0034
0034
0000
0000
0000
0000
0000
0000
0000
0000
0003
0002
0006
0007
0003
0002
0006
0008
