(128, 1)
0006
0004
0005
0009
0006
0004
0005
0008
0000
0000
0000
0000
0000
0000
0000
0000
004F
004C
004A
004D
004D
004D
004A
004D
0005
000B
0016
000D
0005
000D
0016
000C
000E
0007
0005
000B
000D
0008
0005
000B
0000
0000
0000
0000
0000
0000
0000
0000
0000
0000
0000
0000
0000
0000
0000
0000
0001
0000
0001
0003
0001
0000
0001
0002
000C
0009
0009
0009
000B
0009
0009
0007
0047
0044
0044
0047
0047
0046
0042
0047
0000
0000
0000
0000
0000
0000
0000
0000
002D
0026
002C
0031
002F
0026
002C
0033
001B
000E
0014
0022
001F
000D
0014
0022
0031
0037
003B
0035
0031
003A
003D
0035
0000
0000
0000
0000
0000
0000
0000
0000
0008
0004
0002
0005
0008
0005
0003
0005
