(128, 1)
0010
000E
000D
0010
0010
000E
000D
0010
0008
0007
0005
0005
0009
0007
0005
0005
0027
0028
0026
0026
0027
0028
0026
0026
000F
000F
0016
0016
000F
000E
0016
0016
0013
0012
000D
000F
0013
0012
000D
000F
0002
0003
0003
0003
0002
0003
0003
0003
0001
0001
0000
0001
0001
0001
0000
0001
000A
0008
0009
000B
000A
0008
0009
000B
0011
0012
0011
0010
0011
0012
0010
0010
0026
0025
0023
0025
0026
0025
0024
0024
0003
0003
0002
0003
0003
0003
0002
0003
001F
001C
001B
001E
001F
001C
001B
001E
001A
0016
0012
0019
001A
0016
0012
001A
001E
001F
0021
0022
001E
001F
0021
0021
0002
0003
0002
0002
0002
0003
0002
0002
0010
000F
000B
000B
0010
000F
000B
000B
