(128, 1)
0014
0009
0005
0004
0012
0009
0004
0005
0000
0001
0000
0000
0000
0001
0000
0000
007F
007F
007F
007F
007F
007F
007F
007F
0014
0002
0011
0044
0016
0001
0010
0044
000E
0021
0008
0003
000F
001F
0007
0003
0000
0000
0000
0000
0000
0000
0000
0000
0000
0000
0000
0000
0000
0000
0000
0000
0004
0001
0000
0001
0003
0001
0000
0001
000A
001C
0011
0010
000A
001E
0010
0010
007F
007F
007F
007F
007F
007F
007F
007F
0000
0000
0000
0000
0000
0000
0000
0000
007F
007F
0049
0070
007F
007F
0049
006A
0062
0059
000E
001E
0067
0057
000E
0022
007F
0078
007F
007F
007F
0079
007F
007F
0000
0000
0000
0000
0000
0000
0000
0000
0006
0010
0005
0000
0006
0011
0005
0000
