(128, 1)
002B
0025
002A
002E
002B
0025
002A
002E
0016
0011
000F
0015
0017
0012
000F
0015
006F
006B
006A
006C
006F
006B
006A
006C
0028
0038
003F
0032
0029
0038
003F
0032
0038
002A
0029
0033
0038
0029
002B
0032
0009
0009
0009
0008
0009
0009
0009
0008
0004
0003
0003
0003
0004
0002
0003
0003
0018
0019
001E
0020
0019
0019
001E
0020
0034
0030
002E
002E
0035
0030
002F
002E
0067
0066
0062
0068
0067
0066
0063
0068
0009
0009
0009
000A
0009
0009
0009
0009
0052
004B
0050
0056
0053
004B
0051
0056
0043
0034
0040
0048
0043
0034
003F
0049
0057
005A
005F
0057
0056
005B
005F
0056
0009
0008
0007
0007
0009
0008
0007
0008
002E
0026
0020
002A
002E
0027
0020
0029
