(128, 1)
000B
0006
0003
0005
000B
0006
0003
0004
0000
0001
0000
0000
0000
0001
0000
0000
004D
0052
004A
004A
004D
0052
004A
004A
0009
0002
000E
001E
0009
0003
000F
001C
000B
0010
0004
0004
0009
0012
0004
0004
0000
0000
0000
0000
0000
0000
0000
0000
0000
0000
0000
0000
0000
0000
0000
0000
0003
0000
0000
0001
0003
0000
0001
0001
0009
000F
0009
000A
0008
0010
000B
0009
004A
004A
0047
0040
004A
004A
0044
0041
0000
0000
0000
0000
0000
0000
0000
0000
0037
002F
0022
002D
003A
002D
0023
002F
0026
0020
0009
0019
0026
0020
0009
0018
0034
002F
0037
003E
0034
002F
003A
003E
0000
0000
0000
0000
0000
0000
0000
0000
0006
0009
0003
0001
0006
0009
0003
0001
