(128, 1)
0001
0003
0003
0002
0001
0003
0003
0002
0000
0000
0000
0000
0000
0000
0000
0000
0069
006A
006D
006D
0067
006B
006D
006D
0014
000E
0002
0004
0014
0011
0002
0004
0001
0003
0009
0007
0001
0004
0009
0007
0000
0000
0000
0000
0000
0000
0000
0000
0000
0000
0000
0000
0000
0000
0000
0000
0000
0000
0000
0000
0000
0000
0000
0000
0004
0003
0006
0007
0004
0003
0006
0007
0062
0065
0068
0063
0062
0064
0068
0066
0000
0000
0000
0000
0000
0000
0000
0000
0035
0053
0055
003B
003A
0051
0055
003E
0009
0028
002B
000E
0009
0029
002C
000F
005C
005A
0051
0057
005C
005A
0055
0055
0000
0000
0000
0000
0000
0000
0000
0000
0000
0000
0004
0003
0000
0000
0004
0003
