(128, 1)
0002
0001
0002
0004
0002
0001
0001
0004
0000
0000
0000
0000
0000
0000
0000
0000
006E
006B
0069
006B
006E
006B
0069
006C
0002
0009
0015
0007
0002
0009
0014
0008
000A
0002
0002
0006
000A
0003
0002
0006
0000
0000
0000
0000
0000
0000
0000
0000
0000
0000
0000
0000
0000
0000
0000
0000
0000
0000
0000
0000
0000
0000
0000
0000
0008
0005
0004
0004
0007
0005
0004
0003
0067
0064
0063
0065
0067
0065
0063
0067
0000
0000
0000
0000
0000
0000
0000
0000
0051
0037
0046
0054
0051
0039
0043
0055
001E
0009
0012
002C
0022
0009
0012
002D
0054
0059
005C
0057
0054
0059
005D
0057
0000
0000
0000
0000
0000
0000
0000
0000
0004
0001
0000
0002
0003
0002
0000
0001
