(128, 1)
000F
000E
0012
0011
000F
000E
0010
0011
0008
0006
0006
0009
0009
0006
0007
0009
0028
0027
0028
0028
0029
0027
0028
0028
0010
0017
0017
000F
0011
0017
0017
0010
0013
000E
0010
0014
0013
000E
0010
0013
0004
0004
0004
0003
0004
0004
0004
0003
0002
0001
0002
0002
0002
0001
0002
0002
0009
000A
000E
000C
0009
000A
000C
000C
0013
0012
0012
0012
0013
0011
0011
0012
0025
0025
0025
0027
0026
0025
0025
0027
0004
0003
0004
0004
0004
0003
0004
0004
001D
001C
001E
0020
001D
001C
001F
0020
0017
0014
0019
001B
0017
0013
001A
001B
0020
0022
0023
001F
0020
0022
0022
001F
0004
0003
0003
0003
0004
0003
0003
0004
0010
000C
000D
0011
0010
000D
000C
0011
