(128, 1)
0004
0004
000A
0006
0004
0004
000A
0006
0000
0000
0000
0001
0000
0000
0000
0001
004D
004A
004D
0052
004D
0047
004D
0052
000B
001C
000D
0003
000D
001B
000D
0003
0006
0004
000B
0011
0006
0003
0009
0010
0000
0000
0000
0000
0000
0000
0000
0000
0000
0000
0000
0000
0000
0000
0000
0000
0000
0001
0003
0001
0000
0001
0003
0001
000B
0009
0007
000D
000B
0009
0007
000D
0044
0041
0047
0047
0047
0040
0047
004A
0000
0000
0000
0000
0000
0000
0000
0000
0023
002C
0033
0031
0025
002A
0034
0030
000B
0013
0025
0022
000B
0013
0025
0022
0037
003E
0037
002D
0037
003E
0037
002F
0000
0000
0000
0000
0000
0000
0000
0000
0004
0001
0005
0009
0005
0001
0004
000A
