(128, 1)
0001
0003
0003
0002
0001
0003
0003
0002
0000
0000
0000
0000
0000
0000
0000
0000
0069
0069
006D
006E
0068
006B
006D
006E
0011
0011
0003
0002
0011
0012
0003
0002
0001
0003
0009
0009
0001
0003
0007
0008
0000
0000
0000
0000
0000
0000
0000
0000
0000
0000
0000
0000
0000
0000
0000
0000
0000
0000
0000
0000
0000
0000
0000
0000
0004
0004
0005
0008
0004
0004
0006
0007
0063
0065
0068
0065
0064
0063
0068
0066
0000
0000
0000
0000
0000
0000
0000
0000
0033
0053
0055
0045
0038
0051
0055
0046
0008
0024
002E
0013
0008
0024
002D
0014
005A
005C
0054
0056
005B
005B
0055
0056
0000
0000
0000
0000
0000
0000
0000
0000
0001
0000
0003
0003
0001
0000
0003
0003
