(128, 1)
0010
000F
0010
0010
000F
000F
000F
0010
0008
0007
0006
0008
0009
0007
0007
0007
0028
0028
0028
0028
0028
0028
0027
0028
0011
0014
0016
0014
0012
0013
0017
0014
0014
0011
0010
0012
0013
0011
000F
0013
0003
0004
0004
0003
0003
0004
0004
0004
0002
0002
0002
0002
0002
0002
0002
0002
000A
000A
000C
000C
000A
0009
000B
000C
0013
0012
0012
0011
0012
0012
0012
0011
0026
0026
0025
0026
0026
0025
0025
0026
0004
0004
0004
0004
0004
0004
0004
0004
001F
001D
001D
001F
001E
001D
001E
001E
0019
0015
0017
001A
0019
0015
0016
001A
0020
0021
0022
0021
0020
0021
0022
0021
0004
0003
0003
0003
0004
0003
0003
0003
0010
000F
000E
000F
0010
000F
000E
000F
