(128, 1)
0010
000D
000E
0011
0010
000E
000D
0011
0009
0006
0004
0006
0009
0007
0004
0006
0028
0027
0026
0026
0028
0027
0026
0027
000D
0012
0017
0014
000D
0011
0018
0015
0014
0010
000D
0011
0014
000F
000D
0011
0002
0003
0003
0002
0002
0003
0003
0002
0001
0001
0001
0001
0001
0001
0001
0001
0009
0008
000A
000C
0009
0008
000A
000B
0013
0012
0011
0010
0013
0012
0011
0010
0025
0025
0023
0025
0026
0025
0023
0025
0003
0002
0003
0003
0003
0002
0003
0003
001F
001A
001B
001F
001F
001A
001B
001E
001A
0012
0014
001A
001A
0012
0014
001B
001E
001F
0022
0020
001E
001F
0022
0020
0003
0003
0002
0002
0003
0003
0002
0002
0011
000E
000A
000D
0011
000F
000A
000D
