(128, 1)
0005
0004
0004
0005
0005
0005
0005
0004
0003
0003
0003
0003
0003
0003
0003
0003
0011
0010
000F
0010
000F
0011
0010
0010
0009
0009
0009
000A
0009
000A
0009
0009
0011
0011
0011
0011
0011
0012
0011
0011
0001
0001
0001
0001
0001
0001
0001
0001
0001
0001
0001
0001
0001
0001
0001
0001
0001
0001
0001
0001
0001
0001
0001
0001
0003
0003
0003
0003
0003
0003
0003
0003
0005
0005
0005
0004
0005
0005
0005
0005
0001
0001
0001
0001
0001
0001
0001
0001
000B
000B
000B
000B
000B
000B
000B
000B
0007
0007
0007
0007
0007
0007
0007
0007
000A
0009
0009
0009
0009
000A
0009
000A
0003
0003
0003
0003
0003
0003
0004
0003
0006
0006
0006
0006
0006
0006
0006
0006
