(128, 1)
0005
0003
0007
0008
0005
0004
0006
0008
0000
0000
0000
0000
0000
0000
0000
0000
004F
004A
004A
004D
004F
004A
004A
004D
0005
0014
0014
0007
0006
0014
0016
0008
000D
0004
0006
000D
000D
0004
0006
000C
0000
0000
0000
0000
0000
0000
0000
0000
0000
0000
0000
0000
0000
0000
0000
0000
0000
0001
0002
0002
0000
0001
0002
0002
000C
0009
0009
0009
000C
0009
0008
0009
0046
0044
0044
004A
0047
0044
0044
004A
0000
0000
0000
0000
0000
0000
0000
0000
002C
0026
002D
0034
002C
0026
002F
0033
0016
000D
001C
0023
0016
000D
001B
0025
0034
003A
003B
0031
0034
003A
003D
0030
0000
0000
0000
0000
0000
0000
0000
0000
0007
0003
0002
0007
0007
0003
0002
0007
