(128, 1)
000B
000B
000B
000A
000A
000B
000A
000A
0003
0002
0003
0002
0004
0003
0004
0002
0045
0047
0045
003F
0046
003C
0045
0044
0011
0013
0015
0010
0012
0010
0012
0015
002A
0027
0026
0026
0028
0023
0025
0024
0000
0000
0000
0000
0000
0000
0000
0000
0000
0000
0000
0000
0000
0000
0000
0000
0001
0001
0001
0001
0001
0001
0001
0001
0003
0005
0004
0004
0003
0003
0003
0003
0018
001A
0019
001C
0019
001B
0017
001B
0001
0000
0000
0001
0000
0000
0000
0000
0025
0024
0022
0027
0026
0025
0024
0025
001D
001D
001E
001E
0022
001C
001D
0020
002A
0022
002A
002B
0028
0029
0028
0026
0002
0001
0002
0001
0001
0002
0001
0002
000D
000D
000D
000B
000D
000E
000A
000A
