(128, 1)
000E
0011
0010
000F
000E
0011
0011
000F
0006
0007
0009
0008
0006
0007
0009
0008
0027
0027
0028
0028
0026
0028
0028
0028
0017
0016
000F
0011
0017
0017
000F
0012
000E
0011
0014
0013
000E
0012
0014
0013
0004
0003
0004
0004
0004
0004
0003
0004
0001
0002
0002
0002
0002
0002
0002
0002
000A
000C
000A
0009
000B
000C
000B
0008
0012
0011
0012
0013
0012
0011
0013
0013
0024
0026
0027
0025
0024
0025
0027
0026
0003
0004
0004
0003
0004
0004
0004
0004
001C
001F
0020
001C
001D
001F
0020
001C
0014
001B
001B
0016
0014
001B
001B
0016
0022
0022
001F
0020
0022
0022
0020
0020
0003
0003
0004
0004
0003
0003
0004
0004
000C
000E
0012
0010
000C
000E
0011
0010
