(128, 1)
0001
0001
0004
0003
0001
0001
0005
0002
0000
0000
0000
0000
0000
0000
0000
0000
006A
0068
006C
006F
006A
0068
006C
0070
0008
001A
0007
0001
000A
001B
0007
0001
0002
0001
0006
000C
0002
0001
0005
000C
0000
0000
0000
0000
0000
0000
0000
0000
0000
0000
0000
0000
0000
0000
0000
0000
0000
0000
0000
0000
0000
0000
0000
0000
0005
0004
0003
0009
0005
0004
0004
0009
0063
0062
0066
0068
0065
0062
0067
0068
0000
0000
0000
0000
0000
0000
0000
0000
002D
004A
0055
0054
0031
0046
0055
0051
0007
0014
0031
0022
0006
0014
0032
0024
005A
005E
0057
0054
005A
005E
0056
0053
0000
0000
0000
0000
0000
0000
0000
0000
0001
0000
0001
0004
0001
0000
0002
0005
