(128, 1)
0007
0005
0003
0008
0009
0005
0003
0008
0000
0000
0000
0000
0000
0000
0000
0000
004D
004F
004A
004A
004D
0050
004A
004A
0006
0005
0014
0016
0006
0006
0016
0015
000D
000C
0004
0007
000C
000E
0004
0006
0000
0000
0000
0000
0000
0000
0000
0000
0000
0000
0000
0000
0000
0000
0000
0000
0002
0000
0001
0002
0002
0000
0001
0002
000A
000D
0009
0009
000B
000D
0009
0008
004A
0047
0044
0044
004A
0047
0044
0044
0000
0000
0000
0000
0000
0000
0000
0000
0034
002A
0026
002F
0034
0029
0026
0030
0023
0015
000B
001F
0023
0015
000C
001F
0030
0034
003A
003D
0030
0034
003B
003D
0000
0000
0000
0000
0000
0000
0000
0000
0007
0006
0002
0002
0007
0007
0002
0003
