(128, 1)
0001
0006
0002
0001
0001
0007
0002
0001
0000
0000
0000
0000
0000
0000
0000
0000
0068
006C
0070
006B
0068
006C
0070
006C
001F
0008
0000
0007
0023
0008
0000
0006
0001
0005
000E
0002
0001
0006
000D
0002
0000
0000
0000
0000
0000
0000
0000
0000
0000
0000
0000
0000
0000
0000
0000
0000
0000
0000
0000
0000
0000
0000
0000
0000
0005
0003
000B
0006
0004
0003
000A
0006
0060
0068
0068
0063
0061
0067
0068
0065
0000
0000
0000
0000
0000
0000
0000
0000
0040
0056
0054
002D
0042
0056
0055
002D
000E
003A
002D
0006
000F
003B
002D
0007
005E
0058
004F
0059
005E
0057
004E
0059
0000
0000
0000
0000
0000
0000
0000
0000
0000
0001
0005
0001
0000
0001
0004
0001
