(128, 1)
0025
0026
0031
002B
0026
0026
0033
002A
0012
000C
0011
001A
0012
000C
0012
001A
006D
0069
006C
0071
006D
0069
006C
0071
0030
0044
0037
0023
0033
0043
0036
0025
002C
0024
0031
003B
002D
0023
0031
0038
0009
0009
0008
0008
0009
0009
0008
0009
0003
0003
0003
0004
0003
0003
0003
0004
0017
001C
0024
0019
0016
001D
0022
0019
0032
0031
002D
0035
0032
002E
002D
0036
0066
0062
0066
0069
0066
0061
0067
006A
0009
0008
000A
0009
0008
0008
000A
0009
0049
004F
0056
0056
004B
004E
0057
0054
0035
003A
004C
0048
0033
003A
004C
0049
005B
005E
005A
0052
0059
005E
005A
0051
0008
0007
0007
000A
0009
0007
0007
000A
0028
001D
0027
0030
0029
001D
0026
0031
