(128, 1)
0003
0002
0001
0003
0004
0002
0001
0004
0000
0000
0000
0000
0000
0000
0000
0000
006D
006E
0068
006A
006D
006F
0068
006A
0003
0001
0013
0013
0002
0001
0013
0013
0008
0008
0001
0003
0008
000A
0001
0003
0000
0000
0000
0000
0000
0000
0000
0000
0000
0000
0000
0000
0000
0000
0000
0000
0000
0000
0000
0000
0000
0000
0000
0000
0006
0007
0005
0004
0005
0009
0004
0004
0068
0066
0063
0063
0068
0066
0063
0063
0000
0000
0000
0000
0000
0000
0000
0000
0055
0046
0032
0051
0056
0048
0033
0053
002F
0014
0006
0023
0033
0014
0006
0024
0053
0056
005A
005D
0053
0056
005C
005D
0000
0000
0000
0000
0000
0000
0000
0000
0003
0003
0000
0000
0003
0003
0000
0000
