(128, 1)
0004
000A
0007
0004
0003
000B
0006
0004
0000
0000
0001
0000
0000
0000
0001
0000
004A
004C
0052
004D
004A
004A
0052
004D
001B
0010
0003
0009
001F
000F
0003
000A
0003
0009
0012
0008
0003
000A
0010
0007
0000
0000
0000
0000
0000
0000
0000
0000
0000
0000
0000
0000
0000
0000
0000
0000
0001
0003
0001
0000
0001
0003
0001
0000
0009
0008
000D
000B
0009
0007
000D
000B
0041
0047
004A
0044
0041
0047
004A
0047
0000
0000
0000
0000
0000
0000
0000
0000
0029
0034
0031
0025
0029
0033
0033
0023
000F
0027
0022
000C
0010
0026
0023
000C
003E
0037
002D
0035
003D
0037
002D
0035
0000
0000
0000
0000
0000
0000
0000
0000
0001
0004
000A
0005
0001
0004
0009
0006
