(128, 1)
000B
0006
0004
0003
000B
0007
0003
0004
0000
0001
0000
0000
0000
0001
0000
0000
004C
0052
004D
0047
004D
0052
004D
0047
000E
0002
0009
0020
000D
0002
000A
001F
0009
0011
0007
0003
0009
0013
0006
0002
0000
0000
0000
0000
0000
0000
0000
0000
0000
0000
0000
0000
0000
0000
0000
0000
0003
0001
0000
0001
0003
0001
0000
0001
0007
000F
000B
000A
0007
0010
000B
000A
0047
004A
0044
003E
0047
004A
0046
003E
0000
0000
0000
0000
0000
0000
0000
0000
0034
0034
0022
0029
0034
0034
0022
0029
0026
0026
000A
0010
0029
0026
000B
0010
0037
002D
0035
003E
0037
002D
0035
003E
0000
0000
0000
0000
0000
0000
0000
0000
0004
000B
0005
0001
0004
000B
0005
0001
