(128, 1)
000F
0012
0010
000E
000F
0012
000F
000E
0005
0007
000A
0007
0005
0007
000A
0006
0027
0028
002A
0027
0027
0028
002A
0027
0018
0013
000E
0014
0019
0012
000D
0015
000F
0013
0016
000F
000F
0013
0016
000F
0004
0003
0004
0004
0004
0003
0004
0004
0002
0002
0002
0001
0002
0002
0002
0001
000C
000D
000A
000A
000B
000E
0009
000A
0012
0012
0015
0012
0012
0011
0014
0012
0024
0027
0026
0026
0024
0027
0026
0026
0004
0004
0003
0004
0003
0004
0003
0004
001E
0021
001E
001B
001E
0021
001E
001B
0017
001C
0019
0012
0018
001C
0019
0012
0024
0020
001F
0022
0023
0020
001F
0021
0003
0003
0004
0003
0003
0003
0004
0003
000B
0010
0012
000E
000B
0010
0011
000E
