(128, 1)
0003
0007
0007
0005
0004
0008
0007
0005
0000
0000
0000
0000
0000
0000
0000
0000
004A
004A
004D
004F
004A
004A
004D
004F
0014
0013
0006
0006
0013
0015
0007
0006
0004
0007
000D
000D
0003
0007
000C
000D
0000
0000
0000
0000
0000
0000
0000
0000
0000
0000
0000
0000
0000
0000
0000
0000
0001
0002
0001
0000
0001
0002
0001
0000
0009
0007
0009
000D
0009
0008
000B
000B
0044
0044
004A
0046
0044
0044
004A
0047
0000
0000
0000
0000
0000
0000
0000
0000
0025
002F
0033
002A
0027
002D
0034
002C
000C
001F
0023
0015
000C
0020
0023
0016
003A
003B
0030
0034
003A
003B
0033
0034
0000
0000
0000
0000
0000
0000
0000
0000
0003
0003
0007
0007
0003
0003
0007
0007
