(128, 1)
0006
0004
0005
0009
0006
0004
0005
0009
0000
0000
0000
0000
0000
0000
0000
0000
0050
004C
004A
004D
004F
004D
004A
004D
0005
000D
0016
000D
0005
000E
0016
000C
000F
0006
0005
000B
000D
0007
0005
000B
0000
0000
0000
0000
0000
0000
0000
0000
0000
0000
0000
0000
0000
0000
0000
0000
0001
0001
0001
0002
0001
0000
0001
0002
000C
0009
0008
0009
000D
0009
0009
0008
0047
0046
0042
0047
0047
0044
0042
0047
0000
0000
0000
0000
0000
0000
0000
0000
002D
0026
002D
0031
002F
0025
002C
0034
001E
000D
0016
0023
001C
000D
0016
0022
0031
0037
003D
0034
0031
0037
003E
0035
0000
0000
0000
0000
0000
0000
0000
0000
0008
0004
0002
0006
0008
0005
0002
0006
