(128, 1)
0006
0007
0008
0006
0006
0008
0006
0006
0003
0003
0003
0003
0004
0004
0004
0003
0027
0027
0027
0025
0026
0025
0027
0027
0011
0011
0012
0011
0011
0011
0010
0011
0027
0025
0026
0024
0026
0026
0026
0026
0000
0000
0000
0000
0000
0000
0000
0000
0000
0000
0000
0000
0000
0000
0000
0000
0001
0001
0001
0001
0001
0001
0001
0001
0003
0003
0003
0003
0003
0003
0003
0003
000A
000C
000C
000C
000B
000D
000B
000C
0001
0001
0001
0001
0001
0001
0001
0001
0018
0018
0017
0019
0019
0018
0017
0019
0010
0010
0010
0010
0012
0010
000F
0012
001A
0016
0019
001A
0018
001A
0019
0019
0004
0004
0004
0003
0004
0004
0004
0004
000A
000A
000A
000A
000A
000B
000A
0009
