(128, 1)
000E
0011
000F
000D
000E
0011
000E
000D
0004
0006
0009
0006
0004
0006
0009
0005
0026
0027
0029
0026
0026
0027
0029
0026
0017
0012
000D
0013
0018
0011
000C
0014
000E
0012
0015
000E
000E
0012
0015
000E
0003
0002
0003
0003
0003
0002
0003
0003
0001
0001
0001
0000
0001
0001
0001
0000
000B
000C
0009
0009
000A
000D
0008
0009
0011
0011
0014
0011
0011
0010
0013
0011
0023
0026
0025
0025
0023
0026
0025
0025
0003
0003
0002
0003
0002
0003
0002
0003
001D
0020
001D
001A
001D
0020
001D
001A
0016
001B
0018
0011
0017
001B
0018
0011
0023
001F
001E
0021
0022
001F
001E
0020
0002
0002
0003
0002
0002
0002
0003
0002
000A
000F
0011
000D
000A
000F
0010
000D
