(128, 1)
000F
0012
0010
000E
000F
0013
0010
000E
0005
0007
000A
0007
0005
0008
000A
0007
0027
0028
002A
0027
0027
0028
002A
0027
0019
0012
000D
0015
0019
0013
000D
0014
000E
0012
0016
000F
000E
0013
0015
000F
0004
0003
0004
0003
0004
0003
0004
0004
0002
0002
0002
0001
0002
0002
0002
0001
000B
000D
0009
000A
000B
000D
0009
0009
0012
0012
0014
0012
0012
0011
0015
0012
0024
0027
0027
0025
0024
0027
0027
0026
0003
0004
0003
0003
0003
0004
0003
0003
001E
0020
001F
001B
001E
0020
001F
001B
0017
001C
001A
0012
0017
001C
001A
0012
0023
0020
001F
0022
0023
0020
001F
0021
0003
0003
0004
0003
0003
0003
0004
0003
000A
000F
0012
000E
000A
000F
0012
000E
