(128, 1)
0007
0007
0007
0007
0007
0007
0006
0007
0000
0000
0000
0000
0000
0000
0000
0000
0047
0047
0046
0047
0046
0047
0044
0046
0006
0007
0006
0006
0005
0007
0007
0006
0007
0005
0006
0007
0007
0007
0005
0007
0000
0000
0000
0000
0000
0000
0000
0000
0000
0000
0000
0000
0000
0000
0000
0000
0000
0000
0000
0000
0000
0000
0000
0000
0012
000F
0010
000F
0011
0011
0010
000E
0037
003A
0037
003A
003A
0037
0037
003A
0000
0000
0000
0000
0000
0000
0000
0000
002A
0029
002D
002C
002D
002A
002D
002D
001B
0019
001B
001E
001C
001B
001C
001E
0030
0031
002F
0031
0030
0033
0033
0031
0000
0000
0000
0000
0000
0000
0000
0000
0008
0007
0006
0009
0008
0007
0006
0008
