(128, 1)
0007
0005
0003
0009
0007
0005
0003
0009
0001
0000
0000
0000
0001
0000
0000
0000
004D
004D
004A
004A
004D
004F
004A
004C
0006
0005
0016
0014
0005
0006
0016
0013
000D
000B
0003
0007
000D
000D
0003
0007
0000
0000
0000
0000
0000
0000
0000
0000
0000
0000
0000
0000
0000
0000
0000
0000
0001
0000
0001
0003
0001
0000
0001
0002
000B
000B
0009
0009
000A
000C
0009
0008
004A
0047
0044
0044
004A
0047
0044
0044
0000
0000
0000
0000
0000
0000
0000
0000
0031
0027
0026
0030
0033
002A
0026
0031
0022
0014
000C
0022
0025
0013
000C
0022
002F
0035
003A
003B
002D
0034
003B
003D
0000
0000
0000
0000
0000
0000
0000
0000
0008
0006
0002
0003
0008
0007
0002
0003
