(128, 1)
0002
0001
0002
0003
0002
0001
0001
0004
0000
0000
0000
0000
0000
0000
0000
0000
006E
006B
0068
006B
006D
006B
0069
006C
0002
0008
0014
0007
0002
0008
0014
0008
000A
0003
0002
0006
000A
0003
0002
0006
0000
0000
0000
0000
0000
0000
0000
0000
0000
0000
0000
0000
0000
0000
0000
0000
0000
0000
0000
0000
0000
0000
0000
0000
0007
0005
0004
0004
0007
0005
0004
0003
0067
0064
0063
0065
0067
0065
0062
0066
0000
0000
0000
0000
0000
0000
0000
0000
0051
0037
0042
0054
0051
003A
0042
0055
0020
0009
0012
002A
0021
0009
0011
002D
0054
0059
005C
0057
0054
005A
005D
0057
0000
0000
0000
0000
0000
0000
0000
0000
0004
0001
0000
0002
0003
0002
0000
0001
