(128, 1)
002D
0025
0027
002F
002D
0027
0025
002F
0019
0013
000D
0011
001A
0014
000D
0011
0070
006E
0069
006B
0070
006E
0069
006C
0024
0032
0042
0038
0025
0030
0043
003A
0039
002E
0025
0030
0039
002C
0025
002F
0008
0009
0009
0008
0008
0009
0009
0008
0004
0003
0003
0003
0004
0003
0003
0004
001A
0017
001D
0022
001A
0017
001C
0021
0035
0033
0030
002D
0036
0033
002F
002D
0068
0066
0062
0067
0069
0067
0062
0067
0009
0008
0009
000A
0009
0008
0009
0009
0056
004A
004C
0057
0056
004A
004C
0055
0049
0034
0039
004A
004A
0034
0039
004D
0054
0056
005F
005A
0054
0058
005F
005A
0009
0009
0007
0007
0009
0009
0007
0007
0031
0029
001D
0025
0030
002A
001D
0025
