(128, 1)
0002
0002
0002
0003
0002
0002
0001
0002
0000
0000
0000
0000
0000
0000
0000
0000
006D
006C
0069
006B
006B
006D
0069
006C
0004
0007
000B
000A
0005
0008
000D
000A
0007
0004
0003
0005
0006
0005
0003
0006
0000
0000
0000
0000
0000
0000
0000
0000
0000
0000
0000
0000
0000
0000
0000
0000
0000
0000
0000
0000
0000
0000
0000
0000
0006
0004
0004
0005
0005
0005
0005
0003
0065
0065
0063
0063
0064
0064
0063
0065
0000
0000
0000
0000
0000
0000
0000
0000
004C
003B
003E
004E
004E
0039
0047
004B
0019
000F
0014
0021
0018
0011
0013
0023
0055
0058
0059
0059
0056
0058
005C
0056
0000
0000
0000
0000
0000
0000
0000
0000
0002
0002
0001
0002
0002
0002
0001
0001
