(128, 1)
0002
0001
0003
0004
0002
0001
0003
0003
0000
0000
0000
0000
0000
0000
0000
0000
006E
0069
0069
006D
006D
0069
0069
006D
0002
0011
0011
0003
0002
0014
0013
0004
0008
0001
0002
0008
0007
0001
0003
0008
0000
0000
0000
0000
0000
0000
0000
0000
0000
0000
0000
0000
0000
0000
0000
0000
0000
0000
0000
0000
0000
0000
0000
0000
0008
0004
0003
0006
0008
0004
0004
0004
0065
0064
0063
0067
0066
0063
0063
0068
0000
0000
0000
0000
0000
0000
0000
0000
0044
0034
0050
0056
004B
0030
0053
0055
0014
0008
0022
002E
0013
0008
0020
0031
0057
005A
005D
0053
0057
005A
005E
0052
0000
0000
0000
0000
0000
0000
0000
0000
0003
0001
0000
0003
0003
0001
0000
0003
