(128, 1)
0003
0002
0001
0003
0003
0002
0001
0004
0000
0000
0000
0000
0000
0000
0000
0000
006D
006E
0069
0069
006D
006E
0068
006A
0003
0001
0013
0013
0003
0001
0012
0013
0008
0009
0001
0002
0008
000A
0001
0003
0000
0000
0000
0000
0000
0000
0000
0000
0000
0000
0000
0000
0000
0000
0000
0000
0000
0000
0000
0000
0000
0000
0000
0000
0005
0008
0005
0004
0005
0009
0004
0004
0068
0066
0063
0063
0068
0066
0063
0063
0000
0000
0000
0000
0000
0000
0000
0000
0055
0048
0030
0051
0056
004B
0030
0053
002F
0015
0006
0021
0034
0014
0006
0024
0052
0057
005A
005E
0053
0056
005B
005D
0000
0000
0000
0000
0000
0000
0000
0000
0003
0003
0000
0000
0003
0003
0000
0000
