(128, 1)
0010
000D
000D
0011
0010
000D
000D
0010
0008
0007
0004
0006
0008
0008
0004
0006
0028
0027
0025
0027
0028
0028
0025
0027
000D
0010
0017
0015
000D
0011
0017
0015
0014
0011
000D
0011
0013
0011
000D
0011
0002
0003
0003
0002
0002
0003
0003
0002
0001
0001
0001
0001
0001
0001
0001
0001
0009
0008
0009
000B
000A
0007
0009
000B
0013
0011
0010
0010
0012
0012
0011
000F
0026
0025
0023
0024
0025
0025
0023
0025
0003
0003
0002
0003
0003
0002
0003
0003
001F
001A
001C
001E
001F
001A
001C
001E
001A
0013
0014
001B
001A
0014
0013
001B
001E
001F
0021
0021
001D
001F
0022
0020
0003
0003
0002
0002
0003
0003
0002
0002
0011
000E
000A
000D
0011
000F
000B
000D
