(128, 1)
0005
0005
0005
0005
0005
0005
0005
0005
0003
0003
0003
0003
0003
0004
0003
0003
0013
0013
0013
0013
0011
0014
0013
0013
000A
000B
000B
000B
000B
000A
000A
000B
0014
0013
0015
0013
0014
0013
0014
0013
0000
0000
0000
0000
0000
0000
0000
0000
0000
0000
0000
0001
0000
0000
0000
0000
0001
0001
0001
0001
0001
0001
0001
0001
0003
0003
0003
0003
0003
0002
0003
0003
0006
0006
0007
0006
0006
0007
0006
0006
0001
0001
0001
0001
0001
0001
0001
0001
000C
000D
000D
000D
000E
000D
000D
000D
0009
0009
0009
0009
0009
0009
0009
000A
000E
000C
000D
000D
000D
000D
000D
000C
0003
0003
0003
0003
0003
0003
0003
0003
0007
0007
0007
0007
0007
0007
0007
0006
