(128, 1)
0001
0007
0002
0001
0001
0007
0002
0001
0000
0000
0000
0000
0000
0000
0000
0000
0068
006C
0071
006A
0069
006B
0071
006A
001F
0007
0000
0007
0021
0007
0000
0008
0001
0005
000E
0002
0001
0005
000D
0002
0000
0000
0000
0000
0000
0000
0000
0000
0000
0000
0000
0000
0000
0000
0000
0000
0000
0000
0000
0000
0000
0000
0000
0000
0005
0004
000C
0006
0005
0003
000B
0006
0060
0068
0068
0065
0061
0068
0068
0065
0000
0000
0000
0000
0000
0000
0000
0000
0043
0058
0052
002E
0049
0058
0052
002D
0010
0039
0029
0005
0011
003A
002B
0006
0060
0057
0053
005A
005F
0057
0051
0059
0000
0000
0000
0000
0000
0000
0000
0000
0000
0001
0005
0001
0000
0001
0004
0001
