(128, 1)
000E
0013
0010
000E
000F
0013
0010
000E
0004
0007
000A
0007
0005
0007
000A
0007
0027
0028
002A
0028
0027
0028
002A
0028
0019
0013
000D
0013
001A
0013
000C
0014
000E
0012
0016
000F
000E
0012
0016
000F
0004
0003
0004
0004
0004
0003
0004
0004
0002
0002
0002
0001
0002
0002
0002
0001
000B
000E
000A
0009
000B
000E
0009
0009
0012
0012
0015
0012
0012
0011
0015
0012
0024
0027
0027
0026
0024
0027
0027
0026
0003
0004
0003
0004
0003
0004
0003
0004
001D
0021
001F
001B
001E
0020
001F
001B
0016
001C
001A
0012
0017
001C
001B
0012
0023
0020
001F
0021
0023
0020
001F
0021
0003
0003
0004
0003
0003
0003
0004
0003
000A
000F
0012
000E
000A
000F
0012
000E
