(128, 1)
0004
0007
0008
0005
0003
0007
0007
0005
0000
0000
0000
0000
0000
0000
0000
0000
004A
004A
004D
004F
004A
004A
004D
004F
0012
0016
0009
0005
0015
0015
0008
0005
0005
0006
000D
000D
0005
0006
000C
000D
0000
0000
0000
0000
0000
0000
0000
0000
0000
0000
0000
0000
0000
0000
0000
0000
0001
0002
0002
0001
0001
0002
0001
0001
0009
0009
0009
000B
0009
0008
0009
000C
0044
0044
0047
0047
0044
0044
004A
0047
0000
0000
0000
0000
0000
0000
0000
0000
0025
002D
0031
002D
0026
002D
0033
002A
000C
001B
0023
0015
000C
001C
0022
0018
003A
003B
0034
0034
003A
003B
0033
0034
0000
0000
0000
0000
0000
0000
0000
0000
0003
0003
0006
0007
0003
0003
0006
0007
