(128, 1)
000E
000F
0011
0010
000E
0010
0012
000F
0006
0006
0008
000A
0007
0006
0008
000A
0027
0027
0028
0029
0027
0027
0028
002A
0015
0017
0012
000F
0016
0018
0012
000E
000F
000F
0013
0015
000E
000F
0013
0015
0004
0004
0003
0004
0004
0004
0003
0004
0001
0002
0002
0002
0001
0002
0002
0002
000A
000B
000C
000A
000A
000B
000C
0009
0012
0011
0011
0014
0012
0011
0012
0013
0025
0025
0027
0026
0026
0024
0026
0026
0004
0004
0004
0004
0004
0004
0004
0003
001B
001E
0020
001E
001C
001D
0020
001E
0013
0018
001B
0019
0013
0018
001C
0019
0022
0023
0020
001F
0021
0023
0020
0020
0003
0003
0003
0004
0003
0003
0003
0004
000E
000B
0010
0012
000E
000C
0010
0012
