(128, 1)
0013
0010
000E
000E
0013
0010
000E
000E
0007
000B
0007
0004
0007
000B
0007
0004
0028
002A
0027
0026
0028
002A
0027
0027
0013
000C
0013
001B
0013
000C
0013
001A
0012
0016
000F
000E
0012
0016
000F
000E
0003
0004
0004
0004
0003
0004
0004
0004
0002
0002
0001
0002
0002
0002
0001
0002
000E
000A
0009
000B
000E
0009
0009
000B
0011
0015
0012
0013
0011
0016
0013
0012
0027
0027
0026
0023
0027
0027
0026
0024
0004
0003
0003
0003
0004
0003
0004
0003
0020
001F
001B
001D
0021
001F
001B
001E
001C
001B
0012
0017
001C
001B
0012
0017
0020
001F
0021
0024
0021
001F
0022
0024
0003
0004
0003
0003
0003
0004
0003
0003
000F
0012
000E
000A
000F
0012
000F
000A
