(128, 1)
0006
0004
0005
0008
0006
0004
0005
0008
0000
0000
0000
0000
0000
0000
0000
0000
0050
004A
004A
004D
004F
004D
004A
004D
0005
000E
0015
000B
0005
000F
0016
000B
000F
0006
0005
000B
000D
0006
0006
000B
0000
0000
0000
0000
0000
0000
0000
0000
0000
0000
0000
0000
0000
0000
0000
0000
0001
0001
0001
0002
0001
0001
0001
0002
000D
0009
0008
0009
000D
0009
0009
0007
0047
0046
0044
0047
0047
0044
0044
0047
0000
0000
0000
0000
0000
0000
0000
0000
002D
0023
002D
0033
002D
0023
002D
0033
001B
000D
0018
0022
0019
000D
0016
0023
0033
0037
003B
0034
0033
003A
003E
0034
0000
0000
0000
0000
0000
0000
0000
0000
0007
0004
0002
0006
0008
0004
0002
0006
