(128, 1)
0025
0028
002F
002C
0025
0028
0030
002A
0011
000D
0013
001A
0011
000E
0013
0019
006C
006A
006C
0071
006A
006A
006C
0071
0035
0041
0033
0025
0035
0043
0032
0024
0029
0027
0031
0039
0028
0028
0030
003A
0009
0009
0008
0009
0009
0009
0007
0009
0002
0003
0003
0004
0002
0003
0003
0004
0019
001E
0020
0019
0019
001D
0021
0017
0031
002E
002D
0037
0030
002F
002E
0036
0066
0062
0069
0067
0066
0062
0068
0069
0009
0009
0009
0008
0009
0009
000A
0008
0049
0050
0058
0052
004A
004F
0059
0054
0032
003F
004A
0045
0032
003F
004B
0045
0059
005F
0057
0054
0059
005F
0059
0055
0007
0007
0007
000A
0008
0007
0007
0009
0025
001D
0029
0030
0028
001D
002A
0031
