(128, 1)
0008
0005
0003
0007
0007
0005
0003
0007
0000
0000
0000
0000
0000
0000
0000
0000
004D
0050
004A
004A
004D
0050
004A
004A
0007
0005
0015
0016
0007
0005
0014
0016
000C
000E
0004
0006
000D
000D
0004
0006
0000
0000
0000
0000
0000
0000
0000
0000
0000
0000
0000
0000
0000
0000
0000
0000
0002
0000
0001
0002
0002
0000
0001
0002
0009
000D
0009
0009
0009
000D
0009
0009
004A
0047
0044
0044
004A
0047
0044
0044
0000
0000
0000
0000
0000
0000
0000
0000
0034
002A
0025
0030
0034
002C
0025
002F
0025
0016
000B
001C
0025
0016
000B
001F
0033
0034
003A
003E
0031
0034
003A
003D
0000
0000
0000
0000
0000
0000
0000
0000
0007
0007
0003
0002
0007
0007
0002
0002
