(128, 1)
0013
0010
000E
000E
0014
0010
000E
000E
0006
000A
0007
0004
0007
000A
0007
0004
0028
002A
0028
0026
0028
002A
0028
0026
0014
000C
0012
001A
0014
000C
0012
001A
0012
0016
0010
000C
0012
0016
0010
000C
0003
0004
0004
0004
0003
0003
0004
0004
0002
0002
0002
0002
0002
0002
0002
0002
000E
000A
0009
000A
000E
000A
0009
000B
0010
0015
0012
0012
0011
0015
0013
0013
0026
0027
0026
0023
0026
0027
0026
0023
0004
0003
0003
0003
0004
0003
0003
0003
0020
0020
001B
001D
0020
0020
001B
001D
001D
001C
0012
0016
001C
001C
0012
0016
0022
001E
0021
0024
0021
001E
0021
0023
0003
0004
0003
0003
0003
0004
0003
0003
000F
0012
000F
000A
000F
0012
000F
0009
