(128, 1)
0029
0026
0029
002E
002A
0026
0029
002E
0017
0011
000F
0015
0018
0011
000F
0015
006F
006B
006A
006D
006F
006B
006A
006D
0029
0039
003E
0031
0029
0039
003E
0031
0036
0029
002A
0033
0035
002B
0029
0033
0009
0009
0009
0008
0009
0009
0009
0008
0003
0003
0003
0003
0004
0003
0003
0003
0019
0019
001E
0020
0019
0019
001E
0020
0034
0030
002F
0030
0033
002F
002E
002F
0067
0065
0064
0068
0067
0066
0063
0068
0009
0009
0009
000A
0009
0009
0009
000A
0051
004B
0051
0056
0052
004C
0051
0056
0042
0036
003F
0048
0042
0036
0040
0049
0056
005A
005E
0058
0056
005B
005E
0056
0009
0008
0007
0007
0009
0008
0007
0008
002E
0024
0021
002A
002D
0025
0020
002A
