(128, 1)
002A
0026
0029
002F
0029
0026
0029
002E
0017
0011
000F
0016
0017
0011
000F
0015
006F
006B
006A
006D
006F
006C
006A
006D
0029
0037
003E
0032
0029
0039
003F
0032
0036
0029
0029
0033
0036
002C
0029
0033
0009
0009
0009
0008
0009
0009
0009
0008
0004
0003
0003
0003
0004
0003
0003
0003
0019
0019
001E
0020
0018
0019
001F
0020
0034
002E
002F
002F
0034
0031
002F
002E
0066
0065
0064
0068
0067
0065
0064
0068
0009
0008
0009
000A
0009
0009
0009
000A
0051
004C
0050
0055
0052
004C
0052
0056
0042
0035
003F
004A
0042
0035
003F
004A
0056
005B
005D
0057
0056
005B
005E
0057
0009
0008
0007
0007
0009
0007
0007
0007
002C
0027
0022
0029
002E
0026
0022
0029
