(128, 1)
0012
0009
0005
0004
0014
0009
0005
0004
0000
0001
0000
0000
0000
0001
0000
0000
007F
007F
007F
007F
007F
007F
007F
007F
0016
0002
000E
0047
0016
0002
000E
0044
000D
0020
0008
0002
000D
0020
0009
0002
0000
0000
0000
0000
0000
0000
0000
0000
0000
0000
0000
0000
0000
0000
0000
0000
0003
0001
0000
0001
0003
0001
0000
0001
000A
001C
0010
0010
000A
001C
0011
0010
007F
007F
007F
007F
007F
007F
007F
007F
0000
0000
0000
0000
0000
0000
0000
0000
007F
007F
004D
0069
007F
007F
004F
0069
0064
0059
0010
001D
0061
005A
0010
001F
007F
0078
007F
007F
007F
0076
007F
007F
0000
0000
0000
0000
0000
0000
0000
0000
0005
0010
0007
0001
0005
0010
0007
0000
