(128, 1)
0003
0001
0001
0005
0003
0001
0001
0004
0000
0000
0000
0000
0000
0000
0000
0000
0070
006C
0067
006B
006F
006D
0067
006C
0001
0006
001B
000C
0001
0006
001E
000B
000D
0003
0001
0004
000B
0003
0001
0005
0000
0000
0000
0000
0000
0000
0000
0000
0000
0000
0000
0000
0000
0000
0000
0000
0000
0000
0000
0000
0000
0000
0000
0000
0009
0006
0004
0003
0009
0007
0004
0003
0068
0065
0061
0065
0068
0065
0061
0067
0000
0000
0000
0000
0000
0000
0000
0000
0054
002C
0039
0055
0055
002D
003D
0055
002D
0007
000D
0037
002D
0007
000C
003A
004E
0057
005D
0059
0050
0058
005F
0056
0000
0000
0000
0000
0000
0000
0000
0000
0005
0002
0000
0001
0004
0002
0000
0001
