(128, 1)
0002
0001
0002
0004
0002
0001
0002
0003
0000
0000
0000
0000
0000
0000
0000
0000
006D
006A
0069
006B
006E
0069
006A
006C
0002
000B
0013
0006
0002
000B
0014
0006
0009
0002
0002
0006
0009
0002
0002
0006
0000
0000
0000
0000
0000
0000
0000
0000
0000
0000
0000
0000
0000
0000
0000
0000
0000
0000
0000
0000
0000
0000
0000
0000
0007
0004
0004
0004
0007
0005
0004
0004
0065
0064
0062
0068
0066
0064
0063
0067
0000
0000
0000
0000
0000
0000
0000
0000
004D
0034
0049
0055
004E
0036
004A
0055
001B
0008
0017
002D
001A
0008
0016
002E
0055
005A
005E
0056
0055
005A
005D
0055
0000
0000
0000
0000
0000
0000
0000
0000
0003
0001
0000
0002
0003
0001
0000
0002
