(128, 1)
0011
000F
000E
000D
0010
0010
000D
000D
0005
0009
0007
0005
0006
0009
0007
0005
0027
0028
0027
0026
0026
0028
0027
0026
0015
000E
000F
0018
0015
000E
0010
0017
0010
0013
0011
000D
0010
0015
0011
000D
0002
0002
0003
0003
0002
0002
0003
0003
0001
0001
0001
0001
0001
0001
0001
0000
000B
000A
0007
0009
000C
0009
0008
000A
0011
0012
0012
0011
000F
0012
0012
0010
0025
0026
0025
0023
0024
0026
0025
0023
0003
0003
0002
0002
0003
0003
0002
0003
001E
001E
001B
001B
001E
001F
001B
001B
001A
001B
0014
0013
001A
001B
0014
0013
0021
001E
001F
0022
0021
001D
001F
0022
0002
0003
0003
0002
0002
0003
0003
0002
000D
0011
000F
000B
000D
0011
0010
000B
