(128, 1)
0008
0008
0008
0009
0008
0008
0008
0008
0003
0003
0003
0003
0004
0005
0004
0003
0032
0031
002F
002E
002D
0031
002E
0032
0011
0011
0012
0014
0011
0014
0012
0013
002A
0029
0026
0028
0024
0029
0026
0028
0000
0000
0000
0000
0000
0000
0000
0000
0000
0000
0000
0000
0000
0000
0000
0000
0001
0001
0001
0001
0001
0001
0001
0001
0003
0003
0003
0003
0003
0003
0003
0002
000F
0010
0010
000D
0010
0010
0010
0010
0001
0001
0001
0001
0001
0001
0001
0001
001B
001B
001C
001C
001E
001A
001F
001D
0014
0014
0014
0015
0015
0014
0013
0015
001D
001D
001D
0020
001E
0021
0021
001E
0003
0004
0003
0002
0003
0003
0004
0003
000B
000B
000A
000B
000B
000B
000B
000A
