(128, 1)
0006
0005
0005
0006
0006
0006
0006
0005
0003
0003
0003
0003
0004
0003
0004
0003
001A
0018
0018
0018
0018
001A
0019
0019
000D
000D
000D
000E
000D
000E
000D
000D
001A
001A
001A
001A
001A
001C
001A
001A
0001
0001
0001
0001
0001
0001
0001
0001
0001
0001
0001
0001
0001
0001
0001
0001
0001
0001
0001
0001
0001
0001
0001
0001
0003
0003
0003
0003
0003
0003
0003
0003
0006
0006
0006
0005
0006
0006
0006
0006
0001
0001
0001
0001
0001
0001
0001
0001
000F
000F
000F
0010
0010
0010
000F
000F
0009
0009
0009
0009
0009
0009
0009
0009
000E
000C
000D
000D
000C
000D
000C
000E
0004
0004
0004
0003
0004
0004
0005
0004
0008
0007
0007
0008
0007
0007
0008
0007
