(128, 1)
000E
000F
0011
0010
000E
000F
0012
000F
0006
0006
0008
000A
0006
0006
0008
000A
0028
0027
0028
0029
0027
0028
0027
002A
0014
0017
0012
000F
0014
0018
0012
000E
000F
000F
0013
0016
000E
000F
0012
0015
0004
0004
0003
0004
0004
0004
0003
0004
0001
0002
0002
0002
0001
0002
0002
0002
000A
000B
000C
000A
000A
000B
000C
0009
0012
0011
0011
0014
0012
0011
0012
0014
0026
0025
0027
0026
0026
0024
0026
0027
0003
0004
0004
0003
0004
0003
0004
0003
001B
001E
0020
001E
001C
001D
0021
001F
0013
0018
001C
0019
0012
0018
001C
001A
0021
0023
0020
0020
0021
0023
0021
001F
0003
0003
0003
0004
0003
0003
0003
0004
000E
000B
000F
0012
000E
000B
0010
0012
