(128, 1)
0009
0005
0003
0006
0009
0006
0003
0005
0000
0000
0000
0000
0000
0001
0000
0000
004D
0052
004A
004A
004D
0052
004A
004A
0008
0004
0010
0019
0008
0004
0012
0019
000B
000F
0004
0005
000B
0010
0004
0005
0000
0000
0000
0000
0000
0000
0000
0000
0000
0000
0000
0000
0000
0000
0000
0000
0002
0000
0001
0002
0003
0000
0001
0001
0009
000D
0009
0009
0009
000E
0009
0009
004A
0047
0044
0041
004A
0047
0044
0041
0000
0000
0000
0000
0000
0000
0000
0000
0034
002D
0023
002D
0035
002C
0025
002D
0026
0019
000A
001B
0023
0019
000A
001B
0033
0033
0037
003E
0034
0031
003A
003E
0000
0000
0000
0000
0000
0000
0000
0000
0006
0009
0003
0001
0007
0008
0003
0001
