(128, 1)
0004
0007
0009
0005
0003
0007
0007
0005
0000
0000
0000
0000
0000
0000
0000
0000
004A
004A
004D
004F
004A
004A
004D
004F
0011
0018
000A
0004
0014
0014
0009
0005
0005
0006
000C
000E
0005
0005
000B
000D
0000
0000
0000
0000
0000
0000
0000
0000
0000
0000
0000
0000
0000
0000
0000
0000
0001
0002
0003
0000
0000
0002
0002
0000
0009
0009
000A
000C
0009
0007
0009
000C
0044
0044
0047
0047
0046
0042
004A
0047
0000
0000
0000
0000
0000
0000
0000
0000
0023
002F
0031
002D
0026
002D
0033
002C
000B
0019
0022
0016
000C
0019
0023
0019
003A
003D
0034
0034
003A
003D
0034
0033
0000
0000
0000
0000
0000
0000
0000
0000
0003
0002
0006
0007
0003
0002
0006
0008
