(128, 1)
0002
0001
0002
0003
0002
0001
0002
0004
0000
0000
0000
0000
0000
0000
0000
0000
006E
0069
0069
006B
006E
0069
0069
006C
0002
000B
0016
0006
0001
000A
0014
0007
000A
0002
0002
0006
000B
0002
0002
0006
0000
0000
0000
0000
0000
0000
0000
0000
0000
0000
0000
0000
0000
0000
0000
0000
0000
0000
0000
0000
0000
0000
0000
0000
0007
0005
0004
0004
0008
0005
0004
0003
0066
0064
0061
0068
0067
0065
0063
0067
0000
0000
0000
0000
0000
0000
0000
0000
0051
0035
0049
0055
0050
0034
004A
0055
001C
0008
0015
002B
001E
0008
0014
002D
0055
0059
005E
0057
0055
0059
005D
0056
0000
0000
0000
0000
0000
0000
0000
0000
0003
0001
0000
0002
0003
0001
0000
0002
