(128, 1)
0010
000F
000F
0010
000F
000F
000F
000F
0008
0007
0007
0007
0008
0007
0007
0007
0028
0028
0027
0027
0028
0028
0027
0028
0012
0013
0015
0014
0012
0013
0016
0014
0013
0012
0010
0012
0012
0012
0010
0013
0003
0004
0004
0003
0004
0004
0004
0004
0002
0002
0002
0002
0002
0002
0002
0002
000A
000A
000B
000B
000A
000A
000B
000B
0013
0012
0012
0012
0012
0012
0012
0010
0026
0026
0025
0025
0026
0026
0025
0025
0004
0004
0004
0004
0004
0004
0004
0004
001E
001D
001C
001E
001E
001D
001D
001E
0018
0016
0017
0019
0018
0017
0017
001A
0020
0020
0021
0021
0020
0021
0022
0020
0003
0003
0003
0003
0003
0003
0003
0003
0010
000F
000E
000F
0010
0010
000F
000F
