(128, 1)
0008
0006
0004
0007
0007
0006
0003
0007
0000
0000
0000
0000
0001
0000
0000
0000
004D
0050
004A
004A
004D
004F
004A
004A
0007
0005
0015
0015
0007
0005
0015
0015
000D
000D
0004
0006
000D
000C
0004
0006
0000
0000
0000
0000
0000
0000
0000
0000
0000
0000
0000
0000
0000
0000
0000
0000
0002
0000
0001
0002
0002
0000
0001
0002
0009
000D
000A
0009
000A
000D
0007
0008
004A
0047
0044
0046
004A
0047
0044
0044
0000
0000
0000
0000
0000
0000
0000
0000
0034
002D
0023
0031
0034
002D
0022
002F
0022
0016
000A
001C
0026
0015
000B
001F
0033
0034
003D
003E
0031
0034
003A
003D
0000
0000
0000
0000
0000
0000
0000
0000
0007
0007
0002
0002
0007
0007
0002
0002
