(128, 1)
0001
0005
0003
0001
0001
0006
0003
0001
0000
0000
0000
0000
0000
0000
0000
0000
0068
006B
006F
006C
0067
006B
0070
006C
001C
000C
0001
0005
0021
000C
0001
0006
0001
0005
000D
0004
0001
0005
000C
0003
0000
0000
0000
0000
0000
0000
0000
0000
0000
0000
0000
0000
0000
0000
0000
0000
0000
0000
0000
0000
0000
0000
0000
0000
0004
0003
0008
0007
0004
0003
0009
0006
0061
0067
0069
0064
0061
0065
0068
0065
0000
0000
0000
0000
0000
0000
0000
0000
0039
0055
0054
0031
003D
0054
0055
0030
000A
0036
002D
0008
000C
0035
002E
0008
005E
0059
004F
0057
005D
005A
004F
0058
0000
0000
0000
0000
0000
0000
0000
0000
0000
0001
0005
0002
0000
0001
0004
0002
