(128, 1)
0006
0003
0001
0001
0007
0003
0001
0001
0000
0000
0000
0000
0000
0000
0000
0000
006B
0071
006C
0067
006B
0071
006B
0067
0009
0000
0004
0027
0009
0000
0005
0024
0004
000E
0002
0000
0004
000F
0003
0000
0000
0000
0000
0000
0000
0000
0000
0000
0000
0000
0000
0000
0000
0000
0000
0000
0000
0000
0000
0000
0000
0000
0000
0000
0003
000C
0006
0006
0003
000C
0006
0005
0067
006A
0065
005F
0067
0069
0065
005F
0000
0000
0000
0000
0000
0000
0000
0000
0056
0055
002B
003F
0057
0055
002D
003F
003B
0034
0006
000C
003A
0035
0006
000D
005A
004B
0058
0060
0059
004A
0059
005F
0000
0000
0000
0000
0000
0000
0000
0000
0001
0006
0002
0000
0001
0006
0002
0000
