(128, 1)
000F
000D
000E
0010
000F
000D
000E
0010
0008
0006
0005
0007
0008
0006
0005
0006
0028
0027
0026
0027
0027
0027
0026
0027
000E
0012
0016
0013
000E
0013
0016
0013
0014
0010
000E
0011
0013
0010
000E
0011
0003
0003
0003
0002
0002
0003
0003
0002
0001
0001
0001
0001
0001
0001
0001
0001
0009
0009
000A
000B
0009
0008
000A
000B
0012
0011
0010
0011
0012
0011
0011
0010
0025
0025
0024
0025
0025
0025
0023
0025
0003
0003
0003
0003
0003
0003
0003
0003
001E
001B
001D
001E
001E
001B
001D
001F
0018
0013
0016
001A
0018
0013
0016
001A
001E
0020
0021
0020
001E
0020
0022
0020
0003
0002
0002
0002
0003
0002
0002
0002
0010
000E
000B
000E
0010
000E
000C
000E
