(128, 1)
0007
0002
0001
0001
0007
0002
0001
0001
0000
0000
0000
0000
0000
0000
0000
0000
006C
0071
006A
0068
006C
0071
006A
0068
0006
0000
0009
0022
0006
0000
0009
0023
0005
000E
0001
0000
0005
000E
0001
0000
0000
0000
0000
0000
0000
0000
0000
0000
0000
0000
0000
0000
0000
0000
0000
0000
0001
0000
0000
0000
0000
0000
0000
0000
0003
000C
0005
0005
0004
000C
0005
0005
0068
0068
0065
0061
0069
0069
0065
0061
0000
0000
0000
0000
0000
0000
0000
0000
0057
0054
002B
004B
0058
0052
002B
004C
003D
0029
0005
0014
003E
0029
0005
0014
0056
004F
005A
005F
0056
0052
0059
005F
0000
0000
0000
0000
0000
0000
0000
0000
0001
0005
0001
0000
0001
0005
0001
0000
