(128, 1)
0005
0003
0009
0007
0005
0004
0007
0007
0000
0000
0000
0000
0000
0000
0000
0000
004D
004A
004A
004D
004F
004A
004A
004D
0005
0016
0014
0006
0007
0014
0014
0007
000D
0004
0007
000D
000D
0003
0007
000C
0000
0000
0000
0000
0000
0000
0000
0000
0000
0000
0000
0000
0000
0000
0000
0000
0000
0001
0003
0002
0000
0001
0002
0002
000B
0009
0009
000A
000C
0009
0008
0009
0046
0044
0044
004A
0047
0044
0044
004A
0000
0000
0000
0000
0000
0000
0000
0000
0029
0027
002D
0034
002A
0026
002F
0033
0015
000D
001F
0022
0016
000C
001E
0025
0035
0037
003E
0031
0035
003A
003B
002F
0000
0000
0000
0000
0000
0000
0000
0000
0006
0002
0003
0007
0006
0003
0002
0007
