(128, 1)
0011
0011
0011
0011
0011
0011
0011
0011
000A
000A
000A
000A
000A
000A
0009
000A
001E
001D
001D
001E
001D
001D
001D
001D
0011
0011
0011
0012
0011
0011
0012
0011
0015
0015
0015
0014
0015
0014
0015
0014
0005
0005
0005
0005
0005
0005
0004
0005
0003
0004
0003
0004
0004
0003
0004
0004
0008
0008
0008
0008
0009
0008
0009
0008
000E
000E
000E
000F
000F
000F
000F
000E
0017
0018
0017
0017
0018
0017
0017
0018
0007
0007
0007
0007
0007
0006
0006
0007
0017
0017
0017
0017
0017
0017
0018
0018
0018
0017
0018
0019
0018
0018
0018
0018
0017
0018
0017
0018
0019
0019
0019
0018
0009
0009
0009
0009
0009
0009
0009
0009
0012
0012
0011
0012
0012
0012
0012
0011
