(128, 1)
000E
000D
0010
0010
000E
000D
0011
000F
0006
0004
0005
0009
0006
0005
0006
0009
0027
0026
0026
0028
0027
0026
0026
0028
0011
0017
0015
000E
0011
0017
0014
000D
0011
000D
0010
0014
000F
000D
0010
0014
0003
0003
0003
0002
0003
0003
0002
0003
0001
0001
0001
0001
0001
0001
0001
0001
0008
000A
000B
0009
0008
0009
000B
0009
0012
0010
000F
0013
0012
0010
0011
0012
0025
0023
0025
0025
0025
0023
0025
0026
0003
0003
0003
0003
0003
0002
0003
0003
001A
001B
001E
001E
001B
001B
001F
001E
0013
0014
001B
001A
0013
0014
001A
001A
001F
0022
0020
001E
001F
0022
0021
001D
0002
0002
0002
0003
0003
0002
0002
0003
000E
000A
000D
0011
000F
000B
000D
0011
