(128, 1)
000E
000E
0012
0010
000E
000E
0013
0010
0007
0005
0007
000A
0007
0005
0007
000A
0028
0027
0028
002A
0028
0027
0028
002A
0012
0019
0014
000D
0013
0019
0014
000E
0010
000E
0012
0016
0011
000D
0012
0015
0004
0004
0003
0003
0004
0004
0003
0004
0002
0002
0002
0002
0002
0002
0002
0002
0009
000B
000E
000A
0008
000B
000D
000A
0013
0012
0011
0014
0013
0011
0011
0014
0026
0024
0026
0027
0026
0024
0026
0027
0004
0003
0004
0004
0003
0003
0004
0004
001B
001D
0020
0020
001C
001D
0020
001F
0014
0016
001C
001B
0013
0016
001C
001B
0022
0023
0021
001E
0021
0023
0021
001E
0003
0003
0003
0004
0004
0003
0003
0004
000F
000B
000F
0012
000F
000B
000E
0012
