(128, 1)
002E
0029
0024
002B
002D
002A
0023
002C
0017
0017
0010
000E
0017
0016
0010
000E
006D
0070
006A
006A
006E
0070
006A
006A
002D
0026
003D
003F
002E
0024
003D
003F
0034
0039
0026
002A
0034
0039
0025
002A
0007
0009
0009
0009
0007
0009
0009
0009
0003
0004
0002
0003
0003
0004
0002
0003
0020
0017
001A
0020
0020
0017
0019
0020
0030
0035
0030
002F
002F
0035
002F
002E
0069
0068
0064
0064
006A
0068
0065
0063
0009
0008
0008
0009
0009
0008
0008
0009
0058
0051
0048
0053
0056
0052
004A
0051
004A
0041
0031
0043
004C
0041
0032
0044
0056
0056
005C
0060
0056
0056
005B
0060
0008
000A
0007
0007
0008
000B
0007
0007
002C
002E
0023
001E
002C
0030
0023
001E
