(128, 1)
0007
0004
0004
0009
0007
0004
0004
0009
0001
0000
0000
0000
0001
0000
0000
0000
0050
004D
004A
004A
0050
004D
004A
004C
0003
000B
0019
000F
0004
0009
001B
0011
0010
0008
0004
0009
0010
0007
0004
0009
0000
0000
0000
0000
0000
0000
0000
0000
0000
0000
0000
0000
0000
0000
0000
0000
0001
0000
0001
0003
0001
0000
0001
0002
000D
000B
0009
0007
000D
000B
0009
0007
0047
0046
0041
0047
004A
0047
0041
0047
0000
0000
0000
0000
0000
0000
0000
0000
0033
0023
0026
0034
0034
0023
0026
0031
0022
000C
0010
0023
0023
000C
0010
0027
0030
0034
003E
0037
0030
0035
003E
0037
0000
0000
0000
0000
0000
0000
0000
0000
000A
0005
0001
0004
0009
0006
0001
0004
