(128, 1)
0006
0004
0005
0008
0005
0005
0004
0009
0000
0000
0000
0000
0000
0000
0000
0000
004D
004D
004A
004A
004D
004D
004A
004C
0006
000C
0014
000D
0006
000C
0016
000D
000D
0007
0005
000B
000D
0009
0005
000B
0000
0000
0000
0000
0000
0000
0000
0000
0000
0000
0000
0000
0000
0000
0000
0000
0001
0001
0001
0002
0001
0000
0001
0002
000B
0009
0009
0009
000B
000B
0009
0007
0047
0047
0044
0047
0047
0044
0044
0046
0000
0000
0000
0000
0000
0000
0000
0000
002F
0029
0029
0031
002F
0029
0029
0030
001C
000F
0012
0020
001E
0010
0014
0022
0034
0037
003A
0037
0033
0037
003A
0037
0000
0000
0000
0000
0000
0000
0000
0000
0007
0005
0003
0005
0007
0005
0003
0005
