(128, 1)
0010
000F
000F
0010
000F
000F
000F
0011
0009
0007
0006
0008
0009
0007
0006
0007
0028
0028
0027
0027
0029
0027
0027
0028
0010
0014
0017
0014
0010
0013
0017
0014
0014
0011
0010
0012
0014
0012
0010
0012
0003
0004
0004
0003
0003
0004
0004
0003
0002
0002
0002
0002
0002
0002
0002
0002
000A
000A
000C
000C
000A
000A
000B
000C
0013
0012
0012
0011
0013
0012
0011
0011
0026
0026
0024
0026
0026
0026
0025
0026
0004
0004
0004
0004
0004
0004
0004
0004
001E
001C
001C
0020
001F
001D
001D
001F
0019
0015
0016
001A
001A
0015
0016
001B
0020
0021
0022
0021
0020
0021
0022
0021
0004
0003
0003
0003
0004
0003
0003
0003
0011
000F
000D
000F
0011
000F
000D
000F
