(128, 1)
0005
0006
0005
0006
0005
0006
0005
0006
0000
0000
0000
0000
0000
0000
0000
0000
004C
004D
004C
004A
004D
004C
004C
004D
000C
000C
000E
000E
000D
000D
000F
000E
000B
0009
0007
000A
0009
000B
0007
000A
0000
0000
0000
0000
0000
0000
0000
0000
0000
0000
0000
0000
0000
0000
0000
0000
0001
0001
0001
0001
0001
0001
0001
0001
0009
0009
0009
0009
0008
0009
0008
0008
0044
0044
0044
0044
0044
0044
0044
0044
0000
0000
0000
0000
0000
0000
0000
0000
002A
002A
0027
002C
002A
002A
0029
002C
0018
0016
0015
001B
0019
0016
0016
001B
0034
0035
0034
0037
0033
0037
0035
0037
0000
0000
0000
0000
0000
0000
0000
0000
0006
0006
0005
0005
0005
0006
0005
0005
