(128, 1)
0002
0001
0002
0003
0002
0001
0002
0004
0000
0000
0000
0000
0000
0000
0000
0000
006E
0069
0069
006B
006E
006B
0068
006C
0002
000A
0015
0006
0001
000A
0014
0007
000A
0002
0002
0006
0009
0002
0002
0006
0000
0000
0000
0000
0000
0000
0000
0000
0000
0000
0000
0000
0000
0000
0000
0000
0000
0000
0000
0000
0000
0000
0000
0000
0008
0004
0004
0004
0007
0005
0004
0003
0066
0065
0063
0066
0067
0065
0063
0067
0000
0000
0000
0000
0000
0000
0000
0000
004F
0034
004A
0055
0050
0032
004C
0055
001A
0008
0016
002C
001B
0008
0016
002D
0055
0059
005C
0056
0055
005A
005E
0055
0000
0000
0000
0000
0000
0000
0000
0000
0003
0001
0000
0002
0003
0001
0000
0002
