(128, 1)
0013
0010
000F
000E
0013
0011
000E
000E
0007
000A
0007
0004
0007
000A
0007
0004
0027
002A
0028
0026
0028
002A
0028
0027
0015
000D
0012
001A
0016
000C
0012
001A
0012
0016
0011
000C
0012
0015
0011
000D
0003
0004
0004
0004
0003
0003
0004
0004
0002
0002
0002
0001
0002
0002
0002
0002
000E
000A
0009
000B
000E
000A
0008
000B
0010
0015
0013
0012
0010
0014
0012
0012
0026
0027
0025
0024
0026
0027
0026
0023
0004
0003
0003
0003
0004
0004
0003
0003
0020
0020
001B
001D
0020
0020
001B
001C
001C
001C
0013
0014
001D
001C
0013
0015
0022
001E
0021
0023
0022
001E
0020
0023
0003
0004
0004
0003
0003
0004
0004
0003
000F
0013
000F
000A
000E
0013
000F
000A
