(128, 1)
0004
0008
0007
0005
0003
0008
0007
0005
0000
0000
0000
0000
0000
0000
0000
0000
004A
004A
004D
004D
004A
004A
004D
004D
0014
0013
0006
0006
0016
0012
0006
0007
0004
0007
000E
000C
0005
0007
000D
000B
0000
0000
0000
0000
0000
0000
0000
0000
0000
0000
0000
0000
0000
0000
0000
0000
0001
0002
0002
0000
0001
0002
0001
0000
0008
0009
000B
000C
0008
0008
000A
000C
0044
0046
0047
0047
0044
0046
004A
0047
0000
0000
0000
0000
0000
0000
0000
0000
0026
0031
0031
002A
0027
0030
0031
0029
000C
001F
0022
0012
000E
001F
0022
0013
003B
003A
0033
0035
003A
003B
0031
0035
0000
0000
0000
0000
0000
0000
0000
0000
0003
0003
0007
0006
0002
0003
0007
0006
