(128, 1)
0011
0011
0012
0011
0012
0011
0011
0011
0009
0009
0009
0009
0009
0009
0009
0009
001F
001F
001F
001F
001F
001E
001E
001E
0011
0011
0011
0010
0011
0011
0011
0011
0014
0014
0014
0014
0015
0013
0014
0014
0004
0005
0004
0004
0004
0004
0004
0004
0003
0003
0003
0003
0003
0003
0003
0003
0008
0008
0008
0007
0008
0007
0007
0008
000F
000F
000F
0010
0010
0010
000F
000F
0019
0019
0019
001A
001A
0019
0019
001A
0006
0006
0006
0006
0006
0006
0006
0006
0018
0018
0018
0019
0018
0018
0018
0018
0019
0019
0019
001A
001A
0019
0019
001A
0019
0019
0019
0019
0019
0019
0019
0019
0009
0008
0008
0008
0008
0009
0008
0009
0012
0012
0012
0012
0012
0012
0012
0012
