(128, 1)
0005
0004
0006
0007
0005
0004
0005
0008
0000
0000
0000
0000
0001
0000
0000
0000
004F
004A
004A
004D
004F
004A
004A
004D
0005
0010
0016
0009
0006
0010
0015
000A
000E
0005
0007
000B
000F
0005
0006
000B
0000
0000
0000
0000
0000
0000
0000
0000
0000
0000
0000
0000
0000
0000
0000
0000
0001
0001
0002
0002
0001
0001
0001
0002
000B
000A
0009
0009
000C
0009
0007
0008
0047
0044
0042
004A
0047
0044
0042
0047
0000
0000
0000
0000
0000
0000
0000
0000
002C
0026
002C
0033
002C
0027
002A
0034
0019
000D
0018
0022
0019
000D
0018
0022
0034
0037
003E
0034
0034
003A
003D
0034
0000
0000
0000
0000
0000
0000
0000
0000
0008
0003
0002
0006
0007
0004
0002
0006
