(128, 1)
0001
0006
0002
0001
0001
0006
0002
0001
0000
0000
0000
0000
0000
0000
0000
0000
0068
006C
0070
0069
0069
006B
0070
0069
001A
0006
0000
000A
001E
0005
0000
000A
0001
0006
000D
0002
0001
0007
000D
0001
0000
0000
0000
0000
0000
0000
0000
0000
0000
0000
0000
0000
0000
0000
0000
0000
0000
0000
0000
0000
0000
0000
0000
0000
0005
0004
000A
0005
0005
0003
0009
0005
0061
0068
0067
0065
0062
0068
0067
0065
0000
0000
0000
0000
0000
0000
0000
0000
004A
0057
004F
002E
004D
0058
0050
002D
0014
0037
0020
0005
0016
0037
0022
0006
005F
0056
0054
005A
005E
0055
0053
005A
0000
0000
0000
0000
0000
0000
0000
0000
0000
0002
0005
0001
0000
0002
0004
0001
