(128, 1)
0001
0001
0005
0003
0001
0001
0005
0002
0000
0000
0000
0000
0000
0000
0000
0000
006B
0069
006B
0070
006B
0068
006B
0070
0007
001C
0008
0001
0008
001A
0007
0001
0002
0001
0006
000E
0002
0001
0005
000C
0000
0000
0000
0000
0000
0000
0000
0000
0000
0000
0000
0000
0000
0000
0000
0000
0000
0000
0000
0000
0000
0000
0000
0000
0006
0005
0003
0009
0005
0004
0004
0009
0064
0061
0067
0068
0065
0061
0068
0068
0000
0000
0000
0000
0000
0000
0000
0000
002D
004B
0055
0053
0031
0048
0056
0053
0007
0011
0031
0026
0007
0012
0034
0026
0059
005E
0057
0052
0058
005E
0057
0054
0000
0000
0000
0000
0000
0000
0000
0000
0001
0000
0001
0004
0001
0000
0001
0005
