(128, 1)
0004
0007
0007
0005
0004
0008
0007
0005
0000
0000
0000
0000
0000
0000
0000
0000
004A
004A
004D
004D
004A
004A
004D
004D
0016
0012
0005
0008
0016
0013
0006
0007
0004
0007
000D
000B
0004
0009
000D
000B
0000
0000
0000
0000
0000
0000
0000
0000
0000
0000
0000
0000
0000
0000
0000
0000
0001
0002
0001
0000
0001
0002
0001
0000
0009
0007
000A
000C
0008
0007
000B
000B
0044
0046
0047
0046
0044
0044
004A
0047
0000
0000
0000
0000
0000
0000
0000
0000
0025
0030
0031
0027
0027
0030
0034
0029
000D
0020
0022
0013
000E
0020
0022
0012
003B
003A
002F
0034
003A
003A
0031
0035
0000
0000
0000
0000
0000
0000
0000
0000
0002
0003
0008
0006
0002
0003
0008
0006
