(128, 1)
0010
000E
000F
0011
000F
000E
000F
0012
0009
0007
0006
0008
000A
0007
0006
0008
0029
0028
0027
0028
0029
0027
0027
0028
000F
0014
0017
0013
000F
0014
0017
0013
0014
0010
000F
0013
0014
0010
000F
0013
0004
0004
0004
0003
0003
0004
0004
0003
0002
0002
0002
0002
0002
0002
0002
0002
000A
000A
000B
000C
000A
0009
000B
000C
0013
0012
0012
0011
0013
0012
0012
0011
0026
0025
0025
0026
0026
0026
0025
0026
0004
0003
0004
0004
0004
0004
0004
0004
001E
001C
001E
0020
001E
001C
001E
0020
0019
0014
0017
001B
001A
0014
0017
001B
0020
0021
0023
0020
001F
0021
0023
0021
0004
0003
0003
0003
0004
0003
0003
0003
0011
000F
000C
000F
0011
000F
000C
000F
