(128, 1)
0031
002E
0031
0031
0031
002E
002E
002E
0020
0023
0022
0022
0023
0025
0022
0023
0070
0070
0070
0070
0068
0074
0070
0070
0048
004B
004B
004B
004E
0048
0048
004B
0074
0070
0078
0070
0074
0070
0074
0070
000C
000B
000C
000B
000C
000A
000C
000B
000C
000D
000C
000E
000D
000C
000C
000C
0012
0013
0012
0013
0012
0011
0012
0011
0020
001E
001E
0020
0020
001C
001E
001E
0036
0036
0039
0033
0036
0039
0033
0036
0011
0010
0010
0010
0011
0010
0011
0010
0052
0055
0059
0059
005C
0059
0059
0059
0044
0041
0044
0041
0041
0044
0041
0048
005C
0052
0059
0055
0055
0055
0059
0052
0022
0023
0023
0020
0022
0022
0023
0022
0039
0039
0039
003B
0039
0039
0039
0036
