(128, 1)
0002
0001
0002
0003
0002
0001
0001
0004
0000
0000
0000
0000
0000
0000
0000
0000
006E
006B
0068
006B
006D
006C
0068
006B
0002
0007
0014
0009
0002
0007
0014
0009
000A
0003
0002
0005
0009
0004
0002
0006
0000
0000
0000
0000
0000
0000
0000
0000
0000
0000
0000
0000
0000
0000
0000
0000
0000
0000
0000
0000
0000
0000
0000
0000
0006
0005
0004
0004
0006
0005
0004
0003
0067
0065
0063
0065
0067
0065
0062
0065
0000
0000
0000
0000
0000
0000
0000
0000
0052
0038
0042
0053
0053
003A
0043
0055
0021
000A
0010
0029
0020
000A
0011
002B
0054
0058
005C
0058
0054
0058
005D
0058
0000
0000
0000
0000
0000
0000
0000
0000
0003
0002
0000
0002
0003
0002
0000
0001
