(128, 1)
0002
0001
0002
0003
0002
0001
0002
0004
0000
0000
0000
0000
0000
0000
0000
0000
006E
0069
0069
006B
006E
0069
0069
006C
0002
000B
0015
0006
0001
000A
0014
0007
000A
0002
0002
0006
000A
0002
0002
0006
0000
0000
0000
0000
0000
0000
0000
0000
0000
0000
0000
0000
0000
0000
0000
0000
0000
0000
0000
0000
0000
0000
0000
0000
0007
0005
0004
0004
0008
0005
0004
0003
0065
0065
0062
0068
0067
0065
0063
0067
0000
0000
0000
0000
0000
0000
0000
0000
0050
0034
0049
0055
0051
0033
004B
0055
001D
0008
0016
002B
001D
0008
0014
002D
0057
0058
005E
0057
0055
0059
005E
0055
0000
0000
0000
0000
0000
0000
0000
0000
0003
0001
0000
0002
0003
0001
0000
0002
