(128, 1)
000F
0011
000F
000D
000E
0011
000E
000D
0005
0007
0008
0005
0005
0007
0009
0005
0026
0027
0028
0026
0026
0027
0029
0026
0017
0011
000D
0015
0017
0011
000D
0015
000F
0012
0014
000E
000E
0012
0014
000E
0003
0002
0003
0003
0003
0002
0003
0003
0001
0001
0001
0000
0001
0001
0001
0000
000B
000B
0008
0009
000A
000B
0008
0009
0011
0011
0013
0011
0010
0010
0013
0011
0023
0026
0025
0024
0023
0026
0025
0024
0003
0003
0002
0003
0003
0003
0002
0002
001D
001F
001D
001A
001D
001F
001D
001A
0018
001B
0017
0012
0017
001B
0017
0012
0022
001F
001F
0021
0022
001F
001F
0021
0002
0002
0003
0002
0002
0002
0003
0002
000A
000F
0010
000D
000A
0010
0010
000D
