(128, 1)
0009
0007
0005
0003
0009
0007
0004
0004
0000
0001
0000
0000
0000
0001
0000
0000
004A
0050
004D
004A
004C
004F
004D
004A
0011
0004
0008
0019
0013
0004
0008
0019
0008
000F
000A
0003
0009
000E
0009
0003
0000
0000
0000
0000
0000
0000
0000
0000
0000
0000
0000
0000
0000
0000
0000
0000
0003
0001
0000
0001
0003
0001
0000
0001
0007
000D
000C
0009
0007
000D
000B
0008
0046
004A
0044
0042
0046
004A
0047
0041
0000
0000
0000
0000
0000
0000
0000
0000
0033
0034
0023
0027
0031
0034
0023
0025
0023
0025
000D
000D
0026
0025
000D
000E
003A
002D
0035
003E
003A
002D
0034
003D
0000
0000
0000
0000
0000
0000
0000
0000
0004
000A
0006
0001
0003
0009
0006
0001
