(128, 1)
0027
0031
0029
0025
0028
0033
002A
0025
000C
0013
001A
0011
000C
0013
001A
0011
006A
006C
0072
006A
0069
006D
0071
006B
0043
0031
0022
0038
0043
0033
0023
0036
0025
0031
003A
0029
0024
0034
0038
0028
0009
0007
0009
0009
0009
0008
0008
0009
0003
0003
0004
0002
0003
0003
0004
0002
001E
0023
0017
0019
001D
0023
0017
0018
0031
002D
0038
0031
002F
002E
0039
0030
0062
0069
006A
0064
0063
0069
0069
0066
0008
0009
0008
0008
0008
0009
0008
0009
0050
0058
0053
0048
0052
0057
0054
004A
003F
004D
0046
0031
003F
004D
0047
0031
0060
0058
0052
005B
005F
0057
0054
005A
0007
0007
000A
0007
0007
0007
000B
0007
001B
0029
0030
0024
001C
0029
0030
0025
