(128, 1)
0006
0006
0006
0006
0006
0006
0006
0006
0003
0003
0003
0003
0004
0005
0004
0003
0020
001F
001F
0020
001C
0022
0020
0020
000E
0010
0010
0011
0010
0010
000F
0011
0021
0021
0023
0021
0021
0022
0021
0022
0000
0000
0000
0000
0000
0000
0000
0000
0000
0000
0000
0001
0000
0000
0000
0000
0001
0001
0001
0001
0001
0001
0001
0001
0003
0003
0003
0003
0003
0002
0003
0003
0008
0008
0009
0007
0008
0009
0008
0008
0001
0001
0001
0001
0001
0001
0001
0001
0013
0013
0015
0014
0016
0014
0015
0015
000D
000D
000D
000D
000C
000D
000D
000E
0014
0012
0013
0013
0013
0014
0013
0012
0004
0004
0004
0003
0004
0004
0004
0004
0009
000A
000A
000A
0009
000A
000A
0008
