(128, 1)
0001
0003
0003
0002
0001
0003
0003
0002
0000
0000
0000
0000
0000
0000
0000
0000
0068
006A
006D
006D
0069
0069
006D
006D
0011
0010
0003
0002
0012
0011
0002
0002
0001
0003
0009
0008
0001
0003
0008
0007
0000
0000
0000
0000
0000
0000
0000
0000
0000
0000
0000
0000
0000
0000
0000
0000
0000
0000
0000
0000
0000
0000
0000
0000
0004
0004
0005
0008
0004
0004
0006
0007
0063
0065
0067
0066
0063
0065
0068
0066
0000
0000
0000
0000
0000
0000
0000
0000
0034
0054
0054
0044
0039
0053
0054
0044
0008
0024
002D
0012
0009
0024
002D
0012
005C
005B
0055
0057
005B
005C
0054
0057
0000
0000
0000
0000
0000
0000
0000
0000
0001
0000
0003
0003
0001
0000
0003
0003
