(128, 1)
0005
0003
0001
0001
0005
0003
0001
0001
0000
0000
0000
0000
0000
0000
0000
0000
006B
0070
006D
0068
006A
0070
006C
0067
000C
0001
0004
0020
000C
0001
0004
001E
0004
000C
0004
0001
0004
000F
0004
0001
0000
0000
0000
0000
0000
0000
0000
0000
0000
0000
0000
0000
0000
0000
0000
0000
0000
0000
0000
0000
0000
0000
0000
0000
0003
0008
0007
0004
0003
0009
0007
0004
0065
0069
0065
0060
0066
0068
0065
0060
0000
0000
0000
0000
0000
0000
0000
0000
0055
0055
002E
0039
0056
0055
0031
0037
0036
0034
0008
0009
0034
0035
0007
000A
005A
004D
0056
005E
0059
004D
0058
005E
0000
0000
0000
0000
0000
0000
0000
0000
0001
0006
0002
0000
0001
0005
0002
0000
