(128, 1)
000C
0005
0003
0004
000D
0005
0004
0003
0000
0001
0000
0000
0000
0001
0000
0000
004D
0052
004A
004A
004C
0052
004A
004A
000B
0002
000B
0020
000B
0002
000C
0020
000A
0011
0005
0003
0009
0012
0005
0003
0000
0000
0000
0000
0000
0000
0000
0000
0000
0000
0000
0000
0000
0000
0000
0000
0003
0001
0000
0001
0003
0000
0000
0001
0008
0010
0009
000B
0009
0010
000A
0009
004A
004A
0044
0040
004A
004A
0046
0041
0000
0000
0000
0000
0000
0000
0000
0000
0035
0030
0022
002C
0037
002F
0022
002C
0027
0022
0009
0015
0027
0022
000A
0016
0037
002D
0037
003E
0037
002D
003A
003E
0000
0000
0000
0000
0000
0000
0000
0000
0005
0009
0004
0001
0005
0009
0004
0001
