(128, 1)
0002
0001
0002
0004
0002
0001
0003
0003
0000
0000
0000
0000
0000
0000
0000
0000
006F
0069
0069
006C
006D
006B
0068
006D
0002
000E
0013
0004
0002
0010
0013
0005
0009
0002
0002
0008
0007
0001
0003
0007
0000
0000
0000
0000
0000
0000
0000
0000
0000
0000
0000
0000
0000
0000
0000
0000
0000
0000
0000
0000
0000
0000
0000
0000
0007
0004
0003
0004
0007
0004
0004
0004
0066
0065
0063
0066
0066
0063
0063
0068
0000
0000
0000
0000
0000
0000
0000
0000
0046
0033
004A
0054
004D
0030
0051
0055
0015
0008
001C
002E
0015
0009
001B
002E
0055
005A
005A
0055
0056
005A
005E
0053
0000
0000
0000
0000
0000
0000
0000
0000
0003
0001
0000
0002
0003
0001
0000
0003
