(128, 1)
000E
000D
000E
0011
000F
000D
000E
0010
0007
0006
0005
0007
0008
0006
0005
0007
0028
0026
0026
0027
0027
0027
0026
0027
000E
0013
0016
0012
000E
0015
0016
0011
0013
000E
000F
0012
0012
000F
000F
0012
0003
0003
0003
0002
0003
0003
0003
0002
0001
0001
0001
0001
0001
0000
0001
0001
0009
0009
000A
000B
0009
0008
000A
000A
0013
0011
0010
0011
0012
0011
0011
0010
0025
0024
0024
0025
0025
0024
0024
0025
0003
0003
0003
0003
0003
0003
0003
0003
001C
001A
001D
001E
001D
001A
001E
001F
0017
0013
0017
001A
0016
0013
0017
001A
001F
0021
0021
001F
001F
0021
0022
001F
0003
0002
0002
0002
0003
0002
0002
0002
0010
000D
000B
000F
0010
000D
000B
000F
