(128, 1)
0006
0004
0004
000B
0007
0004
0004
000A
0000
0000
0000
0000
0001
0000
0000
0000
0052
004D
0047
004D
0050
004D
0047
004D
0003
0009
0019
0010
0002
000C
001C
000F
0010
0007
0003
000A
000E
0007
0003
000A
0000
0000
0000
0000
0000
0000
0000
0000
0000
0000
0000
0000
0000
0000
0000
0000
0001
0000
0001
0003
0001
0000
0001
0002
000F
000A
0008
0009
000E
000B
000A
0007
004A
0046
0041
0047
004A
0046
0041
0047
0000
0000
0000
0000
0000
0000
0000
0000
0031
0020
0029
0033
0034
0020
002A
0034
0022
000B
0012
0029
0022
000C
0011
0029
002C
0035
003D
0037
002D
0037
003E
0034
0000
0000
0000
0000
0000
0000
0000
0000
000A
0005
0001
0004
0009
0005
0001
0004
