(128, 1)
0004
0006
0008
0006
0004
0006
0009
0005
0000
0000
0000
0000
0000
0000
0000
0001
004A
004A
004D
0050
004A
004C
004D
0050
000F
0016
0009
0005
0011
0018
0009
0005
0005
0005
000B
0010
0004
0006
000B
000E
0000
0000
0000
0000
0000
0000
0000
0000
0000
0000
0000
0000
0000
0000
0000
0000
0001
0002
0002
0000
0001
0002
0002
0000
000A
0008
0008
000D
0009
0008
000A
000C
0046
0044
004A
0044
0046
0041
004A
0047
0000
0000
0000
0000
0000
0000
0000
0000
0023
002D
0031
002D
0027
002A
0034
002D
000B
0019
0025
0019
000B
0019
0025
0019
0037
003E
0033
0034
003A
003D
0034
0031
0000
0000
0000
0000
0000
0000
0000
0000
0003
0002
0006
0008
0004
0002
0006
0009
