(128, 1)
000E
0010
0012
0010
000E
0011
0011
0010
0007
0006
0009
0009
0007
0006
0009
0008
0027
0027
0028
0029
0027
0027
0028
0029
0016
0017
0012
000F
0017
0017
0012
000F
000F
0010
0014
0014
000F
0010
0013
0014
0004
0004
0003
0004
0004
0004
0003
0004
0001
0002
0002
0002
0001
0002
0002
0002
000A
000C
000C
0009
000A
000C
000C
000A
0012
0012
0012
0013
0011
0011
0012
0013
0025
0025
0026
0026
0026
0024
0027
0026
0004
0004
0004
0004
0003
0004
0004
0004
001C
001F
001F
001E
001C
001E
0020
001E
0013
0019
001B
0017
0014
0018
001B
0018
0022
0023
0020
0020
0022
0023
0020
0020
0003
0003
0003
0004
0003
0003
0003
0004
000E
000C
0010
0010
000E
000C
0010
0011
