(128, 1)
0010
000E
000D
0010
0010
000F
000D
000F
0007
0008
0005
0005
0008
0008
0005
0005
0027
0028
0026
0026
0027
0029
0026
0026
0010
000E
0015
0016
0010
000E
0016
0016
0012
0013
000D
000F
0012
0013
000D
000F
0002
0003
0003
0003
0002
0003
0003
0003
0001
0001
0000
0001
0001
0001
0000
0001
000B
0008
0009
000B
000B
0008
0009
000B
0011
0013
0011
0011
0011
0013
0011
0011
0026
0025
0024
0023
0026
0025
0024
0024
0003
0003
0002
0003
0003
0002
0002
0003
001F
001D
001B
001D
001F
001D
001B
001E
001B
0016
0012
0019
001A
0017
0012
0019
001E
001F
0021
0022
001E
001F
0021
0022
0002
0003
0002
0002
0002
0003
0002
0002
000F
0010
000D
000B
000F
0010
000C
000B
