(128, 1)
0005
0009
0005
0004
0005
0009
0006
0003
0000
0000
0001
0000
0000
0000
0000
0000
004A
004D
0052
004A
004A
004D
0052
004A
0019
0009
0003
0012
0019
000A
0003
0010
0005
000B
0011
0005
0004
000D
000F
0005
0000
0000
0000
0000
0000
0000
0000
0000
0000
0000
0000
0000
0000
0000
0000
0000
0001
0003
0000
0001
0001
0003
0000
0000
0009
0007
000D
0009
0009
0008
000E
0009
0041
004A
004A
0044
0041
004A
0047
0044
0000
0000
0000
0000
0000
0000
0000
0000
002D
0034
002D
0022
002D
0034
002F
0023
0018
0026
001C
000A
0018
0026
001C
000A
003E
0034
0030
0037
003E
0034
0033
003A
0000
0000
0000
0000
0000
0000
0000
0000
0001
0006
0009
0003
0001
0006
0009
0004
