(128, 1)
000A
000B
000B
000A
000B
000B
000A
000B
0000
0000
0000
0000
0000
0000
0000
0000
0037
003A
003A
0037
003A
0034
0037
0037
0007
0009
0009
0006
0007
0006
0009
0008
000E
000D
000D
000D
000D
000B
000C
000D
0000
0000
0000
0000
0000
0000
0000
0000
0000
0000
0000
0000
0000
0000
0000
0000
0000
0000
0000
0000
0000
0000
0000
0000
0009
0009
000A
000A
000B
000B
0009
0009
0026
0026
0026
002D
0029
0027
0026
0026
0000
0000
0000
0000
0000
0000
0000
0000
0022
0022
001F
0023
001F
0022
001F
0020
0023
0023
0022
0023
0027
0022
0025
0025
0022
0020
0022
0022
0023
0026
0022
0023
0000
0000
0000
0000
0000
0000
0000
0000
000D
000C
000B
000C
000D
000D
000B
000D
