(128, 1)
000F
000E
0011
0011
000F
000E
0011
0010
0007
0006
0007
000A
0008
0006
0007
000A
0028
0027
0027
0029
0028
0027
0027
0029
0011
0017
0016
000F
0011
0018
0016
000F
0012
000E
0011
0014
0011
000F
0011
0015
0004
0004
0004
0003
0004
0004
0003
0004
0002
0002
0002
0002
0002
0001
0002
0002
0009
000A
000C
000B
0009
000A
000C
000A
0013
0011
0011
0013
0013
0012
0012
0013
0026
0024
0026
0026
0026
0024
0026
0027
0004
0004
0004
0004
0004
0003
0004
0004
001C
001C
001F
0020
001D
001B
0020
0020
0015
0015
001B
001B
0015
0015
001B
001B
0020
0022
0021
001F
0020
0022
0022
001F
0004
0003
0003
0004
0004
0003
0003
0003
0010
000C
000E
0012
0010
000C
000E
0012
