(128, 1)
0006
0004
0006
0007
0006
0004
0005
0008
0000
0000
0000
0000
0000
0000
0000
0000
004F
004A
004A
004C
004F
004A
004A
004D
0005
000F
0016
000B
0005
000E
0016
000B
000F
0006
0006
000B
000F
0006
0006
000B
0000
0000
0000
0000
0000
0000
0000
0000
0000
0000
0000
0000
0000
0000
0000
0000
0001
0001
0002
0002
0000
0001
0001
0002
000C
0009
0009
0008
000B
0009
0008
0008
0047
0044
0041
004A
0047
0046
0044
0047
0000
0000
0000
0000
0000
0000
0000
0000
002F
0026
002C
0034
002D
0026
002C
0033
0019
000D
0016
0022
001C
000D
0016
0022
0034
0037
003E
0035
0033
0037
003D
0034
0000
0000
0000
0000
0000
0000
0000
0000
0008
0004
0002
0005
0008
0004
0002
0005
