(128, 1)
0008
0007
0005
0003
0007
0008
0005
0003
0000
0000
0000
0000
0000
0000
0000
0000
004A
004D
004F
004A
004C
004D
004F
004A
0014
0007
0006
0014
0016
0006
0006
0015
0007
000D
000D
0004
0007
000D
000D
0004
0000
0000
0000
0000
0000
0000
0000
0000
0000
0000
0000
0000
0000
0000
0000
0000
0002
0002
0000
0001
0002
0002
0000
0001
0009
000A
000D
0009
0007
000A
000C
0008
0044
004A
0047
0046
0044
004A
0047
0044
0000
0000
0000
0000
0000
0000
0000
0000
002F
0034
0029
0027
0030
0034
0029
0025
001F
0023
0015
000B
001F
0023
0014
000C
003E
0031
0035
003A
003E
0031
0034
003A
0000
0000
0000
0000
0000
0000
0000
0000
0002
0007
0007
0003
0002
0007
0006
0003
