(128, 1)
000E
0013
0010
000E
000E
0013
0010
000E
0004
0007
000A
0007
0005
0007
000A
0007
0027
0028
002A
0028
0026
0028
002A
0028
0019
0014
000D
0013
001A
0014
000C
0013
000D
0012
0016
0010
000E
0012
0016
0010
0004
0003
0004
0004
0004
0003
0003
0004
0001
0002
0002
0002
0002
0002
0002
0002
000B
000E
000A
0009
000B
000E
000A
0009
0012
0012
0015
0013
0012
0010
0014
0013
0023
0027
0027
0026
0024
0026
0027
0026
0003
0004
0003
0003
0003
0004
0004
0003
001D
0020
001F
001B
001D
0020
001F
001B
0015
001C
001B
0012
0016
001C
001B
0013
0023
0020
001F
0021
0023
0021
001E
0020
0003
0003
0004
0003
0003
0003
0004
0004
000B
000F
0012
000F
000A
000F
0012
000F
