(128, 1)
0006
0004
0005
0007
0006
0004
0005
0007
0000
0000
0000
0000
0000
0000
0000
0000
004D
004C
004A
004C
004D
004D
004A
004D
0007
000D
0013
000D
0007
000C
0014
000E
000D
0007
0006
000A
000D
0007
0006
0009
0000
0000
0000
0000
0000
0000
0000
0000
0000
0000
0000
0000
0000
0000
0000
0000
0001
0001
0001
0002
0001
0001
0001
0002
000B
000A
0008
0009
000B
0009
0008
0007
0047
0047
0044
0047
0047
0044
0044
0046
0000
0000
0000
0000
0000
0000
0000
0000
002D
0026
002A
0030
002D
0027
002C
002F
001B
000F
0015
0020
001B
0010
0014
0020
0034
0037
003B
0037
0034
0037
003D
0035
0000
0000
0000
0000
0000
0000
0000
0000
0007
0005
0003
0005
0007
0005
0003
0005
