(128, 1)
0001
0001
0005
0003
0001
0001
0003
0003
0000
0000
0000
0000
0000
0000
0000
0000
006D
0068
006A
006E
006D
0067
006B
006E
0003
0018
000E
0001
0005
0018
000E
0002
0006
0001
0004
000A
0004
0001
0004
000B
0000
0000
0000
0000
0000
0000
0000
0000
0000
0000
0000
0000
0000
0000
0000
0000
0000
0000
0000
0000
0000
0000
0000
0000
0006
0004
0004
0007
0007
0004
0003
0006
0064
0061
0064
0068
0066
0061
0065
0068
0000
0000
0000
0000
0000
0000
0000
0000
0034
003B
0053
0055
0037
0037
0053
0054
000B
000B
002B
002B
000C
000A
002C
002D
0057
005C
005A
0053
0056
005C
005A
0050
0000
0000
0000
0000
0000
0000
0000
0000
0002
0000
0000
0004
0003
0000
0000
0004
