(128, 1)
0011
000F
000E
0011
0011
000F
000E
0012
000A
0008
0006
0006
000A
0008
0006
0006
0028
0028
0027
0027
0029
0028
0027
0028
0010
0010
0017
0017
0010
000F
0017
0016
0014
0013
000E
0010
0014
0014
000E
0011
0003
0004
0004
0004
0003
0004
0004
0004
0002
0002
0001
0002
0002
0002
0001
0002
000C
0009
000A
000D
000B
0009
000A
000C
0012
0013
0012
0011
0012
0013
0011
0011
0026
0026
0024
0026
0027
0026
0025
0025
0004
0003
0003
0004
0004
0004
0003
0004
0020
001D
001C
001F
0020
001E
001B
001F
001B
0017
0013
001A
001C
0016
0013
001A
001F
0020
0022
0023
001F
0020
0022
0022
0003
0004
0003
0003
0003
0004
0003
0003
0011
0010
000C
000C
0011
0011
000C
000C
