(128, 1)
000D
0010
0011
000E
000D
0010
000F
000F
0005
0005
0008
0007
0006
0005
0009
0007
0026
0026
0027
0027
0026
0026
0027
0028
0016
0016
0010
000E
0016
0016
0010
000E
000E
000F
0013
0013
000E
0010
0012
0013
0003
0003
0002
0003
0003
0003
0002
0003
0000
0001
0001
0001
0000
0001
0001
0001
0009
000B
000B
0008
0009
000B
000A
0009
0010
0010
0011
0012
0010
0010
0011
0012
0024
0024
0025
0025
0024
0024
0026
0025
0003
0003
0003
0003
0003
0003
0003
0003
001B
001E
001E
001D
001B
001E
001E
001D
0012
0019
001A
0016
0013
0019
001A
0016
0021
0021
001F
001F
0021
0022
001E
001F
0002
0002
0002
0003
0002
0002
0002
0003
000C
000C
000F
000F
000C
000C
0010
0010
