(128, 1)
0010
000E
000D
0010
0010
000E
000D
0010
0008
0007
0005
0006
0009
0007
0005
0006
0028
0027
0026
0026
0027
0028
0026
0026
000E
0010
0017
0015
000E
0010
0017
0016
0013
0011
000D
0010
0013
0011
000D
0010
0002
0003
0003
0002
0002
0003
0003
0002
0001
0001
0000
0001
0001
0001
0000
0001
000A
0008
0009
000B
000A
0007
0009
000B
0012
0012
0010
0010
0012
0012
0011
0010
0026
0025
0023
0025
0026
0025
0023
0025
0003
0002
0002
0003
0003
0002
0002
0003
001F
001B
001B
001E
001F
001B
001B
001E
001B
0014
0013
001A
001A
0014
0013
001A
001E
001F
0021
0021
001E
001F
0022
0021
0003
0003
0002
0002
0003
0003
0002
0002
0011
000F
000B
000D
0010
000F
000B
000C
