(128, 1)
0006
0004
0005
0009
0007
0004
0005
0009
0000
0000
0000
0000
0000
0000
0000
0000
004F
004C
004A
004D
004F
004D
004A
004D
0005
000D
0016
000D
0004
000D
0016
000C
000E
0006
0005
000B
000D
0008
0005
000B
0000
0000
0000
0000
0000
0000
0000
0000
0000
0000
0000
0000
0000
0000
0000
0000
0001
0001
0001
0002
0001
0000
0002
0002
000C
0009
0007
0008
000B
0009
0009
0007
0047
0044
0044
0047
0047
0046
0042
0047
0000
0000
0000
0000
0000
0000
0000
0000
002D
0025
002C
0030
002F
0025
002D
0033
001C
000D
0015
0023
001C
000D
0015
0023
0031
0037
003A
0037
0030
0037
003D
0035
0000
0000
0000
0000
0000
0000
0000
0000
0008
0004
0002
0005
0009
0005
0002
0005
