(128, 1)
0004
0003
0001
0001
0004
0003
0001
0001
0000
0000
0000
0000
0000
0000
0000
0000
006A
006F
006D
0068
006B
006E
006D
0068
000E
0001
0003
001A
000F
0001
0003
0019
0003
000A
0005
0001
0004
000C
0005
0001
0000
0000
0000
0000
0000
0000
0000
0000
0000
0000
0000
0000
0000
0000
0000
0000
0000
0000
0000
0000
0000
0000
0000
0000
0003
0007
0007
0004
0003
0007
0007
0003
0065
0068
0064
0062
0065
0068
0065
0061
0000
0000
0000
0000
0000
0000
0000
0000
0055
0055
0034
0038
0054
0056
0036
0034
002F
0030
000B
0009
002E
0032
000A
0009
005B
004F
0057
005E
005A
0050
0056
005D
0000
0000
0000
0000
0000
0000
0000
0000
0000
0005
0002
0000
0000
0004
0002
0000
