(128, 1)
0029
0026
002A
002E
0029
0026
0029
002F
0018
0011
000F
0016
0018
0010
0010
0014
006E
006A
006A
006D
006F
006A
006A
006D
002A
0038
003F
0031
002A
0037
003F
0030
0036
002A
002A
0033
0036
002C
0029
0034
0009
0009
0009
0008
0009
0009
0009
0008
0004
0003
0003
0003
0004
0003
0003
0003
0019
0019
001F
0020
0018
0019
001F
0020
0033
0030
002F
002F
0032
0030
002E
002E
0066
0064
0064
0068
0068
0065
0064
0068
0009
0009
0009
000A
0009
0009
0009
000A
0050
004C
0050
0055
0050
004E
004F
0056
0040
0037
003F
0048
0043
0036
0040
0049
0056
005B
005E
0058
0056
005B
005C
0057
0009
0007
0007
0008
000A
0008
0007
0008
002D
0024
0022
0029
002D
0027
0021
002A
