(128, 1)
0011
000F
000D
000D
0011
000F
000D
000D
0005
0009
0006
0004
0005
0009
0006
0004
0026
0029
0027
0026
0026
0029
0027
0026
0014
000C
0010
0019
0014
000C
0011
0018
0011
0014
0010
000D
0010
0015
0010
000C
0002
0002
0003
0003
0002
0002
0003
0003
0001
0001
0001
0001
0001
0001
0001
0000
000C
0009
0007
000A
000C
0009
0007
0009
0010
0013
0012
0011
0010
0013
0012
0011
0025
0026
0025
0022
0025
0026
0025
0023
0003
0003
0002
0002
0003
0003
0002
0002
001F
001F
001A
001B
001F
001F
001B
001B
001B
001B
0013
0013
001B
001B
0012
0014
0021
001D
001F
0022
0020
001D
001F
0022
0002
0003
0003
0002
0002
0003
0003
0002
000D
0011
000E
000A
000D
0011
000F
000A
