(128, 1)
0001
0003
0003
0002
0001
0003
0003
0002
0000
0000
0000
0000
0000
0000
0000
0000
0069
006A
006D
006E
0068
006A
006C
006E
0011
0012
0003
0003
0012
0012
0003
0001
0001
0003
0009
0009
0001
0003
0007
0009
0000
0000
0000
0000
0000
0000
0000
0000
0000
0000
0000
0000
0000
0000
0000
0000
0000
0000
0000
0000
0000
0000
0000
0000
0004
0004
0005
0008
0004
0003
0005
0007
0063
0064
0068
0065
0064
0063
0068
0067
0000
0000
0000
0000
0000
0000
0000
0000
0032
0052
0055
0047
0037
0050
0056
0047
0008
0023
002E
0013
0008
0022
002D
0014
005A
005C
0053
0056
005A
005C
0055
0056
0000
0000
0000
0000
0000
0000
0000
0000
0001
0000
0003
0003
0001
0000
0003
0003
