(128, 1)
0001
0001
0005
0003
0001
0001
0004
0003
0000
0000
0000
0000
0000
0000
0000
0000
006C
0068
006A
0070
006B
0069
006A
0070
0004
001B
000B
0001
0006
001C
000A
0001
0003
0001
0004
000D
0003
0001
0004
000B
0000
0000
0000
0000
0000
0000
0000
0000
0000
0000
0000
0000
0000
0000
0000
0000
0000
0000
0000
0000
0000
0000
0000
0000
0006
0005
0003
0008
0007
0004
0003
0008
0064
0061
0067
0067
0065
0060
0066
0068
0000
0000
0000
0000
0000
0000
0000
0000
002F
003F
0055
0053
0035
003B
0056
0054
0008
000C
0031
002D
0008
000D
0031
002D
0058
005E
0058
0050
0058
005E
005A
004F
0000
0000
0000
0000
0000
0000
0000
0000
0002
0000
0001
0004
0002
0000
0001
0005
