(128, 1)
0010
000E
000D
0010
0010
000E
000C
0010
0008
0007
0005
0005
0009
0007
0005
0005
0027
0028
0026
0026
0027
0028
0026
0026
000F
000E
0016
0016
000F
000E
0016
0016
0013
0013
000D
000F
0013
0013
000D
000F
0002
0003
0003
0003
0002
0003
0003
0003
0001
0001
0000
0001
0001
0001
0000
0001
000B
0008
0009
000B
000B
0008
0009
000B
0011
0013
0011
0010
0011
0013
0010
0010
0025
0025
0024
0024
0026
0025
0024
0024
0003
0002
0002
0003
0003
0002
0002
0003
001F
001D
001A
001E
001F
001D
001A
001E
001A
0016
0012
0019
001B
0016
0012
0019
001E
001F
0021
0022
001E
001F
0021
0022
0002
0003
0002
0002
0002
0003
0002
0002
0010
000F
000C
000B
000F
0010
000B
000B
