(128, 1)
0027
0034
002A
0025
0026
0033
002B
0025
000B
0012
0019
0012
000B
0012
001B
0011
0069
006D
0071
006C
0069
006D
0071
006D
0044
0034
0020
0035
0044
0035
0022
0033
0024
0030
003A
002A
0023
0033
0039
0029
0009
0008
0009
0009
0009
0008
0008
0009
0003
0003
0004
0003
0003
0003
0004
0002
001D
0024
0018
0017
001D
0024
0019
0016
0032
002C
0038
0032
002F
002E
0039
0031
0061
0069
0069
0064
0062
0068
0069
0066
0008
0009
0008
0008
0008
0009
0008
0008
004F
0057
0055
0048
0050
0057
0056
004A
003B
004D
0049
0031
003B
004E
0049
0032
005F
0059
0051
005A
005F
0058
0052
005A
0007
0007
000A
0008
0007
0007
000B
0008
001B
0028
0030
0027
001B
0028
0030
0027
