(128, 1)
0008
0008
0008
0007
0007
0008
0007
0007
0003
0002
0003
0002
0003
0002
0003
0002
0022
0023
0023
001F
0025
001E
0023
0022
000B
000C
000D
000A
000C
000A
000B
000D
0016
0014
0014
0014
0015
0012
0013
0013
0000
0000
0000
0000
0000
0000
0000
0000
0000
0000
0000
0000
0000
0000
0000
0000
0001
0001
0001
0001
0001
0001
0001
0001
0003
0004
0004
0004
0003
0003
0003
0003
000F
0011
0010
0013
0010
0012
000F
0011
0001
0000
0000
0001
0000
0000
0000
0000
0015
0015
0013
0016
0015
0016
0014
0015
0012
0012
0012
0012
0015
0011
0012
0014
0018
0013
0018
0018
0016
0016
0016
0016
0002
0001
0002
0001
0001
0002
0001
0002
0009
0009
0009
0008
0009
000A
0007
0007
