(128, 1)
0005
0002
0001
0002
0005
0002
0001
0002
0000
0000
0000
0000
0000
0000
0000
0000
006C
006F
0069
0069
006C
0070
0069
0069
0004
0001
000C
0019
0004
0001
000E
0019
0006
000C
0001
0001
0006
000C
0001
0001
0000
0000
0000
0000
0000
0000
0000
0000
0000
0000
0000
0000
0000
0000
0000
0000
0000
0000
0000
0000
0000
0000
0000
0000
0004
0009
0005
0005
0004
000A
0005
0004
0068
0067
0063
0063
0068
0067
0064
0062
0000
0000
0000
0000
0000
0000
0000
0000
0057
004D
002D
0052
0057
004B
0031
0050
0036
001B
0005
001B
0033
001B
0005
001B
0055
0054
005A
005E
0055
0055
005B
005E
0000
0000
0000
0000
0000
0000
0000
0000
0002
0005
0001
0000
0003
0004
0001
0000
