(128, 1)
0002
0001
0002
0003
0002
0002
0001
0002
0000
0000
0000
0000
0000
0000
0000
0000
006D
006C
006A
006B
006C
006C
006A
006B
0003
0008
000B
000A
0005
0008
000D
000A
0008
0003
0003
0005
0006
0004
0003
0006
0000
0000
0000
0000
0000
0000
0000
0000
0000
0000
0000
0000
0000
0000
0000
0000
0000
0000
0000
0000
0000
0000
0000
0000
0006
0004
0003
0005
0006
0005
0005
0003
0063
0066
0062
0066
0064
0065
0063
0065
0000
0000
0000
0000
0000
0000
0000
0000
004D
003B
003F
0051
0051
0038
0047
004C
001A
000E
0014
0022
0019
0010
0013
0025
0058
0057
005B
0057
0058
0058
005C
0056
0000
0000
0000
0000
0000
0000
0000
0000
0002
0002
0001
0002
0002
0002
0001
0001
