(128, 1)
0008
0002
0001
0001
0007
0003
0001
0001
0000
0000
0000
0000
0000
0000
0000
0000
006C
0072
006A
0067
006B
0072
006A
0068
0007
0000
0006
0027
0007
0000
0006
0025
0005
000E
0002
0000
0005
000F
0002
0000
0000
0000
0000
0000
0000
0000
0000
0000
0000
0000
0000
0000
0000
0000
0000
0000
0001
0000
0000
0000
0000
0000
0000
0000
0003
000C
0006
0006
0003
000E
0006
0006
0068
006A
0065
005E
0068
0069
0065
0060
0000
0000
0000
0000
0000
0000
0000
0000
0057
0054
002A
0046
0059
0053
002B
0045
003A
0031
0005
0010
003D
0031
0005
0010
0057
004D
0058
0060
0058
004F
005A
0060
0000
0000
0000
0000
0000
0000
0000
0000
0001
0006
0001
0000
0001
0006
0001
0000
