(128, 1)
0006
0004
0005
0009
0005
0004
0005
0007
0000
0000
0000
0000
0000
0000
0000
0000
004F
004A
004A
004D
004D
004C
004A
004D
0005
000F
0015
000B
0005
0010
0016
000B
000E
0005
0006
000B
000D
0006
0006
000B
0000
0000
0000
0000
0000
0000
0000
0000
0000
0000
0000
0000
0000
0000
0000
0000
0001
0001
0001
0002
0000
0001
0001
0002
000C
0009
0008
0009
000C
0009
0008
0008
0047
0046
0044
0047
0047
0044
0044
0047
0000
0000
0000
0000
0000
0000
0000
0000
002D
0025
002D
0031
002D
0025
002D
0033
001B
000D
0018
0023
0019
000D
0018
0022
0033
003A
003D
0034
0034
003A
003D
0034
0000
0000
0000
0000
0000
0000
0000
0000
0007
0004
0003
0006
0007
0004
0002
0006
