(128, 1)
000F
0011
0010
000F
000F
000F
000D
0010
0000
0000
0000
0000
0000
0000
0000
0000
007F
007F
007F
007F
007F
007F
007F
007F
000A
000D
000C
0009
0009
0009
000D
000A
0015
0012
0013
0013
0015
0012
0010
0013
0000
0000
0000
0000
0000
0000
0000
0000
0000
0000
0000
0000
0000
0000
0000
0000
0000
0000
0000
0000
0000
0000
0000
0000
0012
0010
0012
0012
0012
0014
0011
0011
005C
005D
005C
006A
0064
005F
005D
005E
0000
0000
0000
0000
0000
0000
0000
0000
004B
0049
0049
004F
0049
004A
0047
0048
0048
0047
0048
004E
0050
0046
0049
0050
004E
004F
0051
0053
0051
005A
0053
0055
0000
0000
0000
0000
0000
0000
0000
0000
0012
0012
0010
0012
0012
0012
000F
0012
