(128, 1)
0010
0010
0010
0010
000F
0010
000F
000F
000D
000B
000C
000B
000D
000B
000C
000B
001A
001A
001A
0019
001B
0019
001A
001A
0012
0012
0013
0011
0012
0011
0012
0013
0016
0016
0016
0016
0016
0015
0015
0015
0006
0006
0006
0006
0006
0005
0006
0005
0005
0005
0005
0005
0005
0005
0005
0005
0009
0009
000A
0009
0009
0009
0009
0009
000D
000D
000D
000D
000D
000D
000C
000D
0014
0015
0014
0015
0014
0015
0014
0015
0009
0007
0008
0009
0008
0008
0008
0008
0016
0016
0015
0016
0016
0016
0016
0016
0015
0015
0015
0015
0016
0015
0015
0016
0017
0015
0017
0017
0016
0016
0016
0016
000B
000A
000B
000A
000A
000B
000A
000B
0011
0011
0011
0010
0011
0011
0010
0010
