(128, 1)
0010
0012
0010
000E
0010
0012
0010
000E
0005
0008
0009
0006
0006
0008
0009
0006
0027
0028
002A
0027
0027
0028
002A
0027
0018
0012
000E
0015
0018
0012
000E
0016
000F
0013
0015
000F
000F
0013
0015
000E
0004
0003
0004
0004
0004
0003
0004
0004
0002
0002
0002
0001
0002
0002
0002
0001
000C
000C
0009
000A
000B
000D
0009
000A
0012
0012
0014
0012
0012
0011
0014
0012
0024
0027
0026
0026
0024
0027
0026
0026
0004
0004
0003
0003
0004
0004
0004
0003
001E
0020
001E
001C
001F
0020
001E
001B
0018
001C
0019
0012
0018
001C
0019
0013
0024
001F
0020
0022
0023
0020
0020
0022
0003
0003
0004
0003
0003
0003
0004
0003
000B
0010
0012
000E
000B
0010
0012
000E
