(128, 1)
000E
000E
000E
000E
000E
000E
000E
000E
0005
0005
0005
0005
0005
0005
0005
0005
0026
0026
0026
0026
0026
0026
0026
0026
000F
0011
0011
0010
000F
0011
0011
0010
000F
000E
000E
000F
000F
000E
000E
000F
0002
0002
0002
0002
0002
0002
0002
0002
0001
0001
0001
0001
0001
0001
0001
0001
0009
0008
0008
0009
0008
0008
0009
0009
0015
0014
0014
0014
0015
0014
0014
0013
0022
0022
0022
0023
0022
0022
0022
0023
0002
0002
0003
0003
0003
0002
0003
0003
001D
001D
001D
001D
001D
001D
001E
001E
0016
0015
0016
0016
0016
0015
0016
0016
0021
0021
0021
0020
0021
0021
0021
0021
0003
0003
0003
0003
0003
0003
0003
0003
000E
000E
000D
000F
000E
000E
000D
000E
