(128, 1)
0005
0009
0007
0003
0006
0009
0006
0003
0000
0000
0001
0000
0000
0000
0001
0000
004A
004D
0052
004A
004A
004D
0052
004A
0018
0009
0004
0010
0019
0008
0004
0011
0005
000B
0010
0004
0005
000B
0010
0004
0000
0000
0000
0000
0000
0000
0000
0000
0000
0000
0000
0000
0000
0000
0000
0000
0002
0002
0001
0001
0001
0003
0000
0001
0009
0009
000E
0009
0009
0008
000D
0009
0041
004A
0047
0046
0042
004A
0047
0046
0000
0000
0000
0000
0000
0000
0000
0000
002D
0035
002D
0025
002D
0037
002C
0023
0019
0025
0019
000A
0019
0025
0019
000A
003E
0033
0033
003A
003E
0034
0033
003A
0000
0000
0000
0000
0000
0000
0000
0000
0001
0006
0009
0003
0001
0007
0008
0003
