(128, 1)
000E
000E
0012
0010
000E
000E
0013
0010
0007
0005
0007
000A
0007
0005
0007
000A
0028
0027
0028
002A
0027
0027
0028
002A
0013
0019
0014
000D
0014
0019
0013
000E
0010
000E
0012
0016
000F
000E
0012
0016
0004
0004
0003
0003
0004
0004
0003
0004
0001
0002
0002
0002
0002
0002
0002
0002
0009
000B
000D
000A
0009
000B
000D
000A
0013
0012
0011
0014
0013
0012
0012
0014
0025
0024
0026
0026
0026
0024
0026
0027
0003
0003
0004
0003
0004
0003
0004
0003
001B
001E
0020
001F
001C
001D
0021
001F
0013
0016
001C
001B
0013
0017
001C
001A
0021
0023
0020
001E
0021
0023
0021
001F
0003
0003
0003
0004
0003
0003
0003
0004
000E
000B
000F
0012
000F
000A
000F
0013
