(128, 1)
0011
000F
000E
0012
0011
000F
000E
0011
0009
0008
0005
0007
0009
0008
0005
0007
0029
0028
0027
0027
0028
0029
0027
0028
000F
0010
0018
0016
000E
0012
0018
0016
0015
0013
000E
0012
0014
0012
000E
0012
0003
0004
0004
0003
0003
0004
0004
0004
0002
0002
0002
0002
0002
0002
0001
0002
000B
0009
000A
000D
000B
0009
000A
000C
0013
0013
0011
0011
0013
0013
0012
0011
0027
0026
0025
0025
0026
0026
0024
0026
0004
0004
0003
0004
0004
0003
0003
0004
0020
001B
001C
001F
0020
001C
001D
001F
001B
0015
0014
001B
001B
0016
0014
001C
001F
0020
0022
0022
001F
0020
0023
0022
0004
0004
0003
0003
0004
0004
0003
0003
0012
0010
000C
000E
0012
0010
000B
000E
