(128, 1)
0010
000D
000D
0011
0010
000D
000D
0010
0008
0007
0004
0006
0009
0007
0004
0006
0029
0027
0025
0027
0028
0028
0026
0027
000D
0011
0017
0015
000D
0011
0017
0015
0014
0011
000D
0011
0014
000F
000D
0010
0002
0003
0003
0002
0002
0003
0003
0002
0001
0001
0001
0001
0001
0001
0000
0001
0009
0008
0009
000B
0009
0008
0009
000B
0013
0012
0010
0010
0013
0012
0011
000F
0026
0025
0023
0025
0025
0025
0023
0025
0003
0003
0003
0003
0003
0002
0003
0003
001F
001A
001B
001F
001F
001A
001B
001F
001A
0013
0015
001B
001A
0013
0014
001B
001E
001F
0022
0020
001E
001F
0022
0020
0003
0003
0002
0002
0003
0003
0002
0002
0011
000E
000A
000D
0011
000F
000A
000D
