(128, 1)
05AA
0588
0599
05AA
05BB
05AA
05BB
0599
0943
0971
092E
0971
092E
0971
092E
0971
07FD
0813
0852
0828
083D
083D
0828
0852
0566
0566
0577
0535
0566
0556
0577
0546
0460
0460
0444
0460
0460
0436
0460
0452
0758
0758
0745
0758
076D
0758
076D
0758
076D
0781
076D
0781
0745
0796
0781
076D
0546
0577
0577
0577
0566
0577
0566
0588
0601
0614
0601
05DE
0626
05F0
0626
05DE
0781
0758
0745
076D
076D
0730
0796
0758
04E6
0515
04E6
0515
0505
04F6
0515
0505
0682
06BB
0682
06BB
066F
06BB
066F
06BB
0796
0745
0745
0709
0745
0745
0730
0730
06F5
06E2
06F5
06CE
071C
06F5
0709
06A8
0758
0730
071C
0745
0730
0745
0745
071C
0436
0452
0444
0452
0444
0436
0444
0452
