(128, 1)
0029
0025
002C
002D
0029
0026
0029
002E
0018
0011
000F
0015
0018
0011
000F
0015
006F
006A
006B
006C
0070
006A
006B
006C
0029
003A
003F
0030
0029
0038
003F
0032
0038
0029
002B
0033
0038
0029
002B
0033
0009
0009
0009
0008
0009
0009
0009
0008
0004
0002
0003
0003
0004
0002
0003
0003
0019
0019
0020
0020
0018
001B
001F
0020
0033
0030
0030
002F
0034
002F
002D
002E
0066
0066
0063
0069
0067
0066
0064
0068
0009
0008
0009
000A
0009
0009
0009
000A
0051
004C
004F
0057
0052
004D
004F
0055
0041
0034
0041
0048
0043
0034
0040
0049
0057
0059
005F
0057
0057
005A
005E
0056
0009
0007
0007
0007
000A
0008
0007
0008
002D
0026
0020
002A
002D
0026
0020
0029
