(128, 1)
0001
0003
0004
0002
0001
0003
0003
0002
0000
0000
0000
0000
0000
0000
0000
0000
0069
0069
006D
006E
0069
006A
006D
006E
0011
0013
0004
0002
0013
0012
0004
0001
0002
0003
0009
0009
0001
0003
0007
0009
0000
0000
0000
0000
0000
0000
0000
0000
0000
0000
0000
0000
0000
0000
0000
0000
0000
0000
0000
0000
0000
0000
0000
0000
0004
0004
0005
0007
0003
0003
0005
0007
0064
0063
0067
0066
0064
0063
0068
0066
0000
0000
0000
0000
0000
0000
0000
0000
0032
0052
0055
004A
0035
0053
0055
0047
0008
0021
002D
0013
0009
0020
002D
0015
005A
005C
0053
0057
0059
005C
0055
0056
0000
0000
0000
0000
0000
0000
0000
0000
0001
0000
0003
0003
0001
0000
0003
0003
