(128, 1)
0002
0001
0003
0003
0002
0001
0002
0003
0000
0000
0000
0000
0000
0000
0000
0000
006D
006A
006A
006B
006F
0069
006A
006C
0002
000C
0015
0005
0001
000A
0014
0007
000A
0002
0002
0006
000A
0002
0002
0006
0000
0000
0000
0000
0000
0000
0000
0000
0000
0000
0000
0000
0000
0000
0000
0000
0000
0000
0000
0000
0000
0000
0000
0000
0007
0004
0004
0004
0007
0005
0003
0003
0065
0065
0062
0067
0066
0065
0063
0067
0000
0000
0000
0000
0000
0000
0000
0000
004E
0035
0046
0055
004F
0036
0047
0054
0019
0008
0018
002D
001B
0008
0017
002D
0055
0059
005D
0057
0056
0059
005C
0055
0000
0000
0000
0000
0000
0000
0000
0000
0003
0001
0000
0002
0003
0001
0000
0002
