(128, 1)
0012
000F
000D
000E
0012
000F
000D
000E
0006
0009
0005
0004
0006
0009
0005
0004
0027
0029
0026
0026
0027
0029
0026
0026
0011
000B
0013
0019
0011
000C
0014
0018
0012
0014
000D
000D
0011
0015
000D
000D
0002
0003
0003
0003
0002
0003
0002
0003
0001
0001
0000
0001
0001
0001
0000
0001
000D
0008
0008
000A
000D
0008
0009
000A
0011
0014
0011
0011
0010
0014
0012
0011
0026
0026
0025
0023
0026
0026
0024
0023
0003
0002
0003
0002
0003
0002
0003
0002
0020
001E
001A
001D
0021
001D
001A
001E
001B
0019
0011
0017
001B
0019
0011
0017
001F
001E
0020
0022
001F
001E
0021
0022
0002
0003
0002
0002
0002
0003
0002
0002
000F
0011
000D
0009
000F
0011
000D
0009
