(128, 1)
000F
000E
000F
000E
000E
000F
000E
000F
0007
0007
0007
0007
0008
0007
0007
0007
0028
0028
0028
0028
0028
0027
0028
0028
0013
0014
0014
0012
0013
0013
0014
0013
0012
0011
0011
0012
0012
0010
0011
0012
0003
0003
0003
0003
0003
0003
0003
0003
0002
0002
0002
0002
0002
0002
0002
0002
000A
000A
000A
000A
000A
000A
000A
000A
0013
0013
0013
0013
0013
0013
0012
0013
0025
0025
0025
0026
0025
0025
0025
0025
0004
0004
0004
0004
0004
0004
0004
0004
001D
001D
001D
001E
001D
001D
001D
001E
0017
0016
0017
0017
0017
0016
0017
0017
0022
0022
0023
0022
0023
0023
0022
0022
0003
0003
0003
0003
0003
0003
0003
0003
000F
000E
000E
000F
000F
000E
000E
000F
