(128, 1)
000D
000E
0011
000F
000D
000E
0011
000F
0006
0004
0006
0009
0006
0004
0006
0009
0026
0026
0027
0029
0027
0026
0027
0029
0012
0018
0013
000C
0013
0017
0012
000D
000E
000D
0012
0015
000F
000D
0011
0014
0003
0003
0002
0003
0003
0003
0002
0003
0000
0001
0001
0001
0000
0001
0001
0001
0008
000A
000D
0009
0008
000A
000C
0009
0011
0011
0010
0013
0011
0011
0010
0013
0024
0023
0025
0026
0025
0023
0026
0026
0002
0002
0003
0003
0003
0002
0003
0002
001A
001D
001F
001E
001A
001D
001F
001E
0012
0016
001A
0019
0012
0016
001B
0019
0021
0022
0020
001E
0020
0022
0020
001E
0002
0002
0002
0003
0002
0002
0002
0003
000D
000A
000E
0011
000D
000A
000E
0011
