(128, 1)
0006
0004
0007
0006
0006
0005
0005
0006
0000
0000
0000
0000
0000
0000
0000
0000
004D
004D
004C
004A
004D
004D
004A
004C
0007
000E
0012
000D
0009
000B
0013
000D
000D
0007
0006
000A
000C
0007
0006
000A
0000
0000
0000
0000
0000
0000
0000
0000
0000
0000
0000
0000
0000
0000
0000
0000
0001
0001
0002
0002
0001
0001
0001
0002
000A
000A
0009
0008
000A
000A
0008
0007
0044
0047
0042
0047
0047
0046
0044
0046
0000
0000
0000
0000
0000
0000
0000
0000
002D
002A
0027
0031
002D
0029
0029
002D
001B
0010
0015
001E
001C
0010
0014
0020
0035
0035
003B
0037
0034
0037
003A
0035
0000
0000
0000
0000
0000
0000
0000
0000
0007
0005
0003
0005
0007
0005
0003
0005
