(128, 1)
000B
0007
0005
0003
000B
0007
0004
0004
0000
0001
0000
0000
0000
0001
0000
0000
004A
0052
004D
0047
004D
0052
004D
004A
000F
0003
0009
001E
0011
0002
0009
001E
0009
0012
0007
0002
0009
0010
0007
0003
0000
0000
0000
0000
0000
0000
0000
0000
0000
0000
0000
0000
0000
0000
0000
0000
0003
0001
0000
0001
0003
0001
0000
0001
0007
000F
000B
0009
0007
000E
000A
0009
0047
004A
0044
0041
0047
004A
0046
003E
0000
0000
0000
0000
0000
0000
0000
0000
0034
0034
0022
002A
0034
0034
0022
0027
0026
0026
000B
000D
0029
0025
000B
000F
003A
002C
0037
003E
003A
002C
0035
003E
0000
0000
0000
0000
0000
0000
0000
0000
0004
000B
0005
0001
0004
000B
0005
0001
