(128, 1)
0006
0006
0006
0006
0006
0006
0006
0005
0003
0003
0003
0003
0004
0004
0004
0003
001D
001B
001A
001D
0019
001F
001C
001D
000D
000D
000E
0010
000E
0010
000E
0010
001D
001F
001D
001F
001C
0021
001D
0020
0000
0000
0000
0000
0000
0000
0000
0000
0001
0001
0001
0001
0001
0001
0001
0001
0001
0001
0001
0001
0001
0001
0001
0001
0003
0002
0003
0003
0003
0003
0003
0002
0007
0006
0007
0006
0006
0007
0007
0006
0001
0001
0001
0001
0001
0001
0001
0001
0012
0010
0013
0012
0013
0011
0013
0013
000B
000B
000C
000B
000A
000B
000B
000C
0010
000F
0010
0010
000F
0012
0010
0010
0004
0004
0004
0003
0004
0004
0005
0004
0008
0009
0009
0009
0008
0009
0009
0008
