(128, 1)
0034
0029
0024
0025
0035
0029
0025
0024
0011
001C
0011
000B
0011
001C
0011
000B
006D
0073
006B
0069
006C
0073
006B
0069
0032
001F
0033
0047
0032
0020
0034
0047
0031
003A
0029
0024
0030
003B
0029
0024
0008
0009
0009
0009
0008
0008
0009
0009
0003
0005
0002
0003
0004
0004
0002
0003
0024
0019
0017
001D
0024
0018
0018
001C
002E
0039
0030
0032
002F
0039
0031
0030
0069
006A
0065
0061
0069
006A
0066
0062
0009
0008
0008
0007
0009
0008
0009
0008
0058
0054
0049
0050
0059
0053
0049
0050
004D
0048
0030
003E
004D
0049
0031
003F
0059
0052
005A
0060
0059
0052
005B
0060
0007
000B
0008
0007
0007
000A
0008
0006
0029
0030
0026
0019
0029
0030
0025
0019
