(128, 1)
0005
0005
0005
0007
0006
0005
0005
0006
0000
0000
0000
0000
0000
0000
0000
0000
004D
004D
004C
004D
004C
004D
004A
004D
000C
000C
000E
000F
000B
000D
000F
000E
000A
000A
0007
000A
0009
000B
0007
000A
0000
0000
0000
0000
0000
0000
0000
0000
0000
0000
0000
0000
0000
0000
0000
0000
0001
0001
0001
0001
0001
0001
0001
0001
000A
0009
0008
000A
0009
000A
0009
0007
0044
0044
0044
0044
0044
0044
0044
0044
0000
0000
0000
0000
0000
0000
0000
0000
002A
0029
0029
002C
002D
0027
002C
002C
0019
0016
0016
001B
0018
0016
0015
001C
0034
0037
0034
0037
0034
0035
0037
0035
0000
0000
0000
0000
0000
0000
0000
0000
0005
0005
0005
0005
0006
0005
0005
0005
