(128, 1)
0004
0002
0001
0002
0003
0002
0001
0003
0000
0000
0000
0000
0000
0000
0000
0000
006C
006F
0068
0069
006D
0070
0068
0069
0003
0001
0010
0016
0004
0001
0011
0016
0007
000B
0001
0002
0007
000B
0001
0002
0000
0000
0000
0000
0000
0000
0000
0000
0000
0000
0000
0000
0000
0000
0000
0000
0000
0000
0000
0000
0000
0000
0000
0000
0004
0008
0005
0005
0004
0009
0004
0004
0068
0067
0063
0062
0068
0066
0064
0062
0000
0000
0000
0000
0000
0000
0000
0000
0056
004B
002C
0051
0056
004C
002F
004F
0031
0019
0006
001C
0034
0019
0006
001E
0054
0055
0059
005E
0053
0055
005A
005E
0000
0000
0000
0000
0000
0000
0000
0000
0003
0004
0001
0000
0003
0004
0001
0000
