(128, 1)
0001
0005
0003
0001
0001
0006
0003
0001
0000
0000
0000
0000
0000
0000
0000
0000
0068
006B
006F
006C
0067
006C
006F
006C
001C
000B
0001
0006
001F
000C
0001
0006
0001
0005
000E
0003
0001
0006
000C
0003
0000
0000
0000
0000
0000
0000
0000
0000
0000
0000
0000
0000
0000
0000
0000
0000
0000
0000
0000
0000
0000
0000
0000
0000
0004
0003
0008
0007
0004
0003
000A
0006
0061
0067
0069
0063
005F
0066
0068
0066
0000
0000
0000
0000
0000
0000
0000
0000
0039
0055
0055
002F
003F
0054
0055
002F
000B
0037
002E
0007
000C
0038
002F
0008
005E
0058
004E
0057
005E
0059
004F
0057
0000
0000
0000
0000
0000
0000
0000
0000
0000
0001
0005
0002
0000
0001
0004
0002
