(128, 1)
000E
000F
0012
0010
000E
000F
0012
000F
0006
0006
0008
0009
0007
0006
0008
0009
0027
0027
0028
0029
0027
0027
0028
0029
0014
0018
0012
000F
0016
0018
0012
000F
000F
000F
0013
0014
000F
000F
0013
0014
0004
0004
0003
0004
0004
0004
0003
0004
0001
0002
0002
0002
0001
0002
0002
0002
0009
000B
000D
000A
000A
000B
000C
0009
0012
0012
0012
0014
0012
0012
0012
0014
0025
0025
0026
0026
0025
0024
0026
0027
0004
0004
0004
0004
0004
0004
0004
0004
001B
001E
0020
001F
001C
001E
0020
001E
0013
0017
001B
0018
0012
0018
001C
001A
0022
0023
0020
001F
0022
0023
0020
001F
0003
0003
0003
0004
0003
0003
0003
0004
000E
000C
0010
0011
000E
000C
000F
0012
