(128, 1)
0006
0006
0007
0006
0006
0007
0006
0006
0003
0003
0003
0003
0005
0004
0004
0003
0023
0024
0024
0023
0021
0022
0024
0024
0010
0011
0011
0011
0011
0010
000F
0011
0024
0023
0025
0023
0024
0024
0024
0024
0000
0000
0000
0000
0000
0000
0000
0000
0000
0000
0000
0000
0000
0000
0000
0000
0001
0001
0001
0001
0001
0001
0001
0001
0003
0003
0003
0003
0003
0003
0002
0003
0009
0009
000A
000A
0009
000B
0009
000A
0001
0001
0001
0001
0001
0001
0001
0001
0015
0016
0015
0017
0018
0016
0015
0017
000E
000D
000D
000D
000F
000E
000E
0010
0017
0014
0017
0017
0015
0017
0015
0015
0004
0004
0004
0003
0004
0004
0004
0005
000A
000A
000A
000A
0009
000B
0009
0009
