(128, 1)
0002
0001
0002
0003
0002
0001
0002
0004
0000
0000
0000
0000
0000
0000
0000
0000
006F
006A
0068
006B
006E
006B
0068
006C
0002
000B
0015
0006
0001
000A
0014
0007
000A
0002
0002
0006
000A
0002
0002
0006
0000
0000
0000
0000
0000
0000
0000
0000
0000
0000
0000
0000
0000
0000
0000
0000
0000
0000
0000
0000
0000
0000
0000
0000
0007
0005
0004
0004
0007
0005
0004
0003
0067
0065
0062
0067
0067
0065
0063
0067
0000
0000
0000
0000
0000
0000
0000
0000
0051
0035
0049
0055
0050
0034
004A
0055
001B
0008
0015
002B
001D
0008
0015
002D
0055
0059
005C
0056
0055
005A
005E
0056
0000
0000
0000
0000
0000
0000
0000
0000
0003
0001
0000
0002
0003
0001
0000
0002
