(128, 1)
0001
0004
0003
0001
0001
0005
0003
0001
0000
0000
0000
0000
0000
0000
0000
0000
0068
006B
0070
006C
0068
006A
0070
006D
001B
000C
0001
0004
0020
000C
0001
0006
0001
0005
000C
0004
0001
0004
000C
0003
0000
0000
0000
0000
0000
0000
0000
0000
0000
0000
0000
0000
0000
0000
0000
0000
0000
0000
0000
0000
0000
0000
0000
0000
0004
0003
0008
0007
0004
0003
0008
0006
0061
0066
0068
0064
0061
0065
0068
0065
0000
0000
0000
0000
0000
0000
0000
0000
0036
0055
0054
0032
003C
0055
0055
0031
000A
0033
002D
0008
000C
0033
002E
0008
005E
0059
0050
0057
005D
0059
004F
0057
0000
0000
0000
0000
0000
0000
0000
0000
0000
0001
0005
0002
0000
0001
0004
0002
