(128, 1)
0008
0003
0001
0001
0007
0003
0001
0001
0000
0000
0000
0000
0000
0000
0000
0000
006B
0072
006B
0067
006C
0071
006B
0068
0008
0000
0006
0025
0008
0000
0006
0025
0005
000F
0002
0000
0005
000E
0002
0000
0000
0000
0000
0000
0000
0000
0000
0000
0000
0000
0000
0000
0000
0000
0000
0000
0001
0000
0000
0000
0000
0000
0000
0000
0003
000C
0006
0006
0003
000D
0006
0006
0068
006A
0064
005F
0068
0069
0065
005F
0000
0000
0000
0000
0000
0000
0000
0000
0058
0055
0029
0046
0056
0055
0029
0042
003A
0033
0005
000E
003E
0032
0005
000F
0057
004B
0058
0060
0057
004D
0058
0060
0000
0000
0000
0000
0000
0000
0000
0000
0001
0006
0001
0000
0001
0006
0001
0000
