(128, 1)
002F
002A
0023
002B
002F
002A
0024
002A
0015
0019
000F
000D
0015
0019
000F
000D
006E
0071
006A
006A
006D
0071
006A
006A
002E
0023
0039
0042
002D
0025
003A
0042
0033
0039
0026
0029
0032
003A
0024
0029
0007
0009
0009
0009
0007
0009
0008
0009
0003
0004
0002
0003
0003
0004
0002
0003
0022
0017
0019
0020
0023
0017
0019
001E
0030
0036
002F
0030
002E
0037
0030
002E
006A
0068
0066
0062
006A
0068
0066
0063
0009
0008
0008
0009
000A
0008
0008
0009
0058
0051
0049
0052
0058
0050
004B
0052
004B
0043
0030
0043
004B
0043
0030
0042
0056
0056
005A
0060
0056
0056
005B
0060
0007
000A
0007
0007
0007
000A
0007
0006
002B
002F
0024
001D
002B
0030
0023
001D
