(128, 1)
0004
0002
0001
0003
0003
0002
0001
0003
0000
0000
0000
0000
0000
0000
0000
0000
006D
006F
0069
0069
006D
006E
0069
0069
0003
0001
0011
0015
0003
0001
0011
0014
0007
0009
0001
0002
0008
0009
0001
0002
0000
0000
0000
0000
0000
0000
0000
0000
0000
0000
0000
0000
0000
0000
0000
0000
0000
0000
0000
0000
0000
0000
0000
0000
0005
0008
0005
0005
0004
0009
0004
0004
0068
0066
0063
0065
0069
0067
0063
0063
0000
0000
0000
0000
0000
0000
0000
0000
0055
0048
0031
0054
0055
004A
0031
0052
0031
0015
0006
001F
0033
0015
0006
0023
0055
0055
005D
005E
0054
0055
005A
005D
0000
0000
0000
0000
0000
0000
0000
0000
0003
0003
0001
0000
0003
0003
0000
0000
