(128, 1)
0006
0003
0006
0009
0005
0003
0007
0007
0000
0000
0000
0000
0000
0000
0000
0000
004F
004A
004A
004D
004D
004C
004A
004D
0005
0011
0015
0009
0005
0013
0015
0009
000D
0005
0006
000D
000C
0005
0006
000C
0000
0000
0000
0000
0000
0000
0000
0000
0000
0000
0000
0000
0000
0000
0000
0000
0000
0001
0002
0002
0000
0001
0002
0001
000C
0008
0007
0009
000B
0009
0009
0008
0047
0046
0044
0047
0047
0044
0044
0047
0000
0000
0000
0000
0000
0000
0000
0000
002C
0025
002C
0031
002D
0023
002F
0031
0016
000D
001B
0023
0016
000D
001B
0023
0034
003A
003A
0034
0034
003A
003E
0033
0000
0000
0000
0000
0000
0000
0000
0000
0007
0003
0003
0006
0007
0004
0002
0007
