(128, 1)
0001
0002
0004
0002
0001
0002
0004
0002
0000
0000
0000
0000
0000
0000
0000
0000
0069
0069
006C
006E
006A
0068
006D
006E
000B
0015
0005
0001
000F
0015
0005
0001
0002
0001
0007
000A
0001
0002
0006
0009
0000
0000
0000
0000
0000
0000
0000
0000
0000
0000
0000
0000
0000
0000
0000
0000
0000
0000
0000
0000
0000
0000
0000
0000
0005
0004
0004
0008
0005
0004
0005
0007
0063
0063
0067
0067
0065
0062
0068
0067
0000
0000
0000
0000
0000
0000
0000
0000
002E
004F
0054
004E
0037
0049
0055
004B
0007
0018
002F
0018
0007
0019
0032
001B
005A
005D
0056
0055
005A
005D
0055
0055
0000
0000
0000
0000
0000
0000
0000
0000
0001
0000
0002
0003
0001
0000
0002
0004
