(128, 1)
000E
000D
0011
000F
000D
000D
0012
000F
0006
0004
0006
0009
0006
0004
0006
0009
0027
0026
0027
0028
0027
0025
0027
0029
0011
0018
0014
000C
0012
0017
0013
000D
000F
000D
0011
0015
0010
000D
0011
0014
0003
0003
0002
0002
0003
0003
0002
0002
0001
0001
0001
0001
0001
0001
0001
0001
0008
000A
000D
0009
0008
000A
000C
0009
0011
0011
0010
0013
0011
0010
0010
0013
0024
0023
0025
0026
0025
0023
0025
0026
0003
0002
0003
0003
0002
0002
0003
0003
001A
001D
001E
001F
001B
001C
001F
001E
0012
0015
001B
0019
0012
0015
001B
001A
0020
0022
0020
001D
0020
0022
0020
001D
0002
0002
0002
0003
0002
0002
0002
0003
000E
000A
000E
0011
000E
000A
000D
0011
