(128, 1)
0005
0005
0005
0005
0005
0005
0005
0004
0003
0003
0003
0003
0003
0004
0003
0003
0012
0011
0010
0012
000F
0013
0011
0012
0009
0009
000A
000B
000A
000B
000A
000B
0012
0013
0012
0013
0011
0014
0012
0014
0000
0000
0000
0000
0000
0000
0000
0000
0001
0001
0001
0001
0001
0001
0001
0001
0001
0001
0001
0001
0001
0001
0001
0001
0003
0002
0003
0003
0003
0003
0003
0002
0006
0005
0006
0005
0005
0006
0006
0005
0001
0001
0001
0001
0001
0001
0001
0001
000C
000B
000D
000C
000D
000B
000D
000D
0008
0008
0009
0008
0007
0008
0008
0009
000B
000B
000B
000B
000B
000D
000C
000B
0003
0003
0003
0003
0003
0003
0004
0003
0006
0007
0007
0007
0006
0007
0007
0006
