(128, 1)
0034
002A
0024
0025
0034
002A
0024
0024
0011
001C
0011
000B
0011
001C
0011
000B
006D
0073
006B
0068
006C
0073
006B
0069
0033
001F
0033
0049
0032
0020
0034
0046
0031
003A
0029
0024
0030
003C
0028
0024
0007
0009
0009
0009
0008
0009
0009
0009
0003
0005
0002
0003
0004
0004
0002
0003
0024
0019
0017
001D
0024
0017
0018
001C
002E
0039
0031
0032
002D
003A
0032
0030
0069
006B
0066
005F
0069
006A
0066
0061
0009
0008
0008
0008
000A
0008
0009
0008
0058
0055
0049
004F
005A
0054
004A
0051
004D
004A
0030
003F
004D
004A
002F
003E
0058
0053
0059
0061
0059
0053
005B
0061
0007
000B
0008
0007
0007
000A
0008
0006
0029
0030
0025
0019
0029
0031
0027
0019
