(128, 1)
000A
000B
000A
000A
0009
0009
0008
000A
0000
0000
0000
0000
0000
0000
0000
0000
003E
0041
003E
003E
0040
003D
003E
003E
0007
0008
0007
0006
0006
0006
0008
0006
000B
0009
000A
000A
000B
000A
0008
000A
0000
0000
0000
0000
0000
0000
0000
0000
0000
0000
0000
0000
0000
0000
0000
0000
0000
0000
0000
0000
0000
0000
0000
0000
000D
000C
000D
000D
000D
000E
000D
000D
002F
002F
002F
0033
0031
0030
0030
002F
0000
0000
0000
0000
0000
0000
0000
0000
0026
0025
0026
0027
0026
0026
0025
0025
0022
0022
0022
0025
0025
0022
0022
0026
0027
0029
0029
002A
0027
002C
0029
002C
0000
0000
0000
0000
0000
0000
0000
0000
000B
000B
000A
000B
000B
000B
0009
000B
