(128, 1)
0001
0002
0004
0002
0001
0002
0004
0002
0000
0000
0000
0000
0000
0000
0000
0000
0069
0069
006C
006E
0069
0069
006D
006F
000B
0015
0005
0001
000E
0017
0005
0001
0002
0001
0007
000B
0001
0002
0006
000A
0000
0000
0000
0000
0000
0000
0000
0000
0000
0000
0000
0000
0000
0000
0000
0000
0000
0000
0000
0000
0000
0000
0000
0000
0005
0004
0004
0008
0005
0004
0005
0007
0063
0063
0067
0066
0065
0062
0068
0067
0000
0000
0000
0000
0000
0000
0000
0000
002E
004D
0053
004E
0037
0046
0055
004C
0007
0018
0031
0019
0007
0019
0032
001B
005A
005D
0055
0055
005A
005D
0055
0055
0000
0000
0000
0000
0000
0000
0000
0000
0001
0000
0002
0003
0001
0000
0002
0004
