(128, 1)
0010
000E
000E
0012
0011
000E
000E
0012
000A
0007
0005
0007
000A
0007
0005
0007
002A
0028
0027
0028
0029
0028
0027
0028
000E
0012
0019
0015
000E
0013
0019
0015
0016
0011
000E
0012
0015
0011
000D
0012
0003
0004
0004
0003
0003
0004
0004
0003
0002
0002
0002
0002
0002
0002
0002
0002
000A
0008
000B
000E
000A
0008
000B
000D
0014
0012
0012
0011
0014
0013
0012
0011
0027
0026
0024
0026
0027
0026
0024
0026
0004
0003
0003
0004
0004
0003
0004
0004
0020
001B
001C
0020
0020
001B
001D
0020
001B
0013
0016
001C
001B
0013
0015
001D
001E
0020
0023
0021
001E
0021
0023
0021
0004
0004
0003
0003
0004
0004
0003
0003
0012
000F
000B
000F
0012
0010
000B
000E
