(128, 1)
0011
000F
000E
0010
0011
0010
000D
0010
0009
0009
0006
0006
0009
0008
0006
0006
0028
0029
0027
0027
0028
0029
0027
0027
0011
000E
0017
0017
0011
000E
0017
0017
0013
0015
000E
0010
0013
0015
000E
0010
0003
0004
0004
0004
0003
0004
0004
0004
0002
0002
0001
0002
0002
0002
0001
0002
000C
0009
000A
000C
000C
0009
000A
000C
0012
0014
0012
0012
0012
0014
0012
0011
0027
0026
0025
0025
0027
0026
0025
0024
0004
0003
0003
0004
0004
0003
0003
0004
0020
001E
001B
001F
0020
001E
001B
001E
001B
0018
0012
0019
001C
0018
0013
0019
0020
0020
0022
0023
0020
0020
0022
0023
0003
0004
0003
0003
0003
0004
0003
0003
0010
0011
000D
000B
0010
0012
000D
000B
