(128, 1)
0026
0031
002B
0026
0026
0031
002C
0025
000B
0012
001A
0013
000C
0012
001A
0013
0069
006C
0070
006D
0068
006D
0070
006D
0043
0037
0022
0033
0043
0039
0023
0032
0024
0030
003B
002D
0022
0031
0039
002C
0009
0008
0009
0009
0009
0008
0008
0009
0002
0003
0004
0003
0003
0003
0004
0002
001D
0023
0019
0017
001D
0023
0019
0016
0030
002D
0035
0033
002F
002C
0038
0031
0062
0068
006A
0064
0060
0067
0069
0067
0008
000A
0008
0008
0008
0009
0009
0008
004D
0056
0056
0049
0050
0055
0056
004A
0039
004C
004A
0033
0039
004E
004B
0034
005F
0059
0051
0058
005F
005A
0052
0058
0007
0007
000A
0009
0007
0007
000A
0008
001C
0027
0031
0029
001B
0027
0030
0029
