(128, 1)
0005
0002
0001
0002
0005
0002
0001
0002
0000
0000
0000
0000
0000
0000
0000
0000
006D
0070
0069
0069
006C
0070
0069
0069
0005
0000
000C
001A
0004
0000
000D
001A
0006
000D
0001
0001
0006
000C
0001
0001
0000
0000
0000
0000
0000
0000
0000
0000
0000
0000
0000
0000
0000
0000
0000
0000
0001
0000
0000
0000
0000
0000
0000
0000
0004
000A
0005
0005
0004
000A
0005
0005
0069
0067
0065
0061
0069
0067
0065
0062
0000
0000
0000
0000
0000
0000
0000
0000
0057
0050
002B
0051
0057
004F
002D
0050
0036
001F
0005
0019
0037
001F
0005
0019
0055
0055
0059
005F
0055
0055
005A
005F
0000
0000
0000
0000
0000
0000
0000
0000
0002
0005
0001
0000
0002
0005
0001
0000
