(128, 1)
0002
0001
0002
0003
0002
0001
0001
0004
0000
0000
0000
0000
0000
0000
0000
0000
006D
006B
0069
006B
006D
006C
0069
006B
0002
0007
0012
0009
0002
0007
0013
0009
0009
0003
0002
0006
0009
0004
0002
0006
0000
0000
0000
0000
0000
0000
0000
0000
0000
0000
0000
0000
0000
0000
0000
0000
0000
0000
0000
0000
0000
0000
0000
0000
0006
0005
0004
0004
0006
0006
0004
0003
0067
0065
0063
0066
0067
0065
0063
0065
0000
0000
0000
0000
0000
0000
0000
0000
0052
003A
0040
0054
0052
003B
0044
0054
001F
000B
000F
0027
0020
000B
0011
002A
0055
0059
005C
0058
0055
0058
005C
0058
0000
0000
0000
0000
0000
0000
0000
0000
0003
0002
0001
0002
0003
0002
0001
0001
