(128, 1)
000F
000F
0010
0010
000F
0010
000F
000F
000C
000C
000C
000C
000D
000C
000C
000C
0019
0019
0019
0019
0019
0018
0019
0019
0012
0012
0013
0012
0012
0012
0012
0013
0016
0016
0016
0016
0016
0016
0016
0015
0006
0006
0006
0006
0006
0006
0006
0005
0005
0005
0005
0005
0006
0005
0005
0006
000A
0009
000A
0009
0009
000A
0009
0009
000D
000D
000D
000D
000D
000D
000C
000D
0013
0013
0013
0013
0013
0013
0013
0014
0009
0008
0008
0009
0008
0008
0008
0008
0016
0015
0015
0016
0016
0015
0015
0016
0014
0014
0015
0015
0015
0014
0014
0015
0016
0015
0016
0016
0016
0016
0016
0016
000B
000B
000B
000B
000B
000B
000A
000B
0011
0011
0010
0010
0011
0011
0010
0010
