(128, 1)
0012
000F
000D
000D
0012
000F
000D
000D
0006
0009
0006
0003
0006
0009
0006
0003
0026
0029
0027
0025
0027
0028
0027
0025
0013
000B
0011
0019
0014
000B
0011
0019
0011
0015
000F
000C
0011
0015
000F
000C
0002
0003
0003
0003
0002
0002
0003
0003
0001
0001
0001
0000
0001
0001
0001
0001
000D
0009
0008
000A
000D
0009
0007
000A
0010
0014
0012
0011
000F
0014
0012
0011
0025
0026
0024
0023
0025
0026
0025
0022
0003
0002
0002
0002
0003
0002
0002
0002
001F
001F
001A
001C
001F
001F
001A
001C
001B
001B
0012
0014
001C
001B
0012
0014
0021
001D
0020
0022
0020
001D
001F
0022
0002
0003
0003
0002
0002
0003
0003
0002
000D
0012
000E
0009
000E
0012
000E
0009
