(128, 1)
000F
000E
000F
0010
000E
000E
000E
0011
0008
0006
0005
0006
0009
0006
0005
0006
0028
0027
0026
0027
0028
0026
0026
0027
000E
0013
0017
0012
000F
0013
0016
0012
0014
000F
000E
0011
0014
000F
000E
0011
0003
0003
0003
0002
0002
0003
0003
0002
0001
0001
0001
0001
0001
0001
0001
0001
0009
0009
000B
000B
0009
0009
000A
000B
0012
0012
0011
0010
0012
0011
0010
0010
0025
0024
0023
0025
0025
0025
0023
0025
0003
0002
0003
0003
0003
0003
0003
0003
001D
001B
001C
001F
001D
001B
001C
001F
0018
0013
0016
0019
0019
0013
0016
001A
001F
001F
0022
0020
001F
0020
0021
001F
0003
0002
0002
0002
0003
0002
0002
0002
0011
000D
000B
000E
0010
000E
000B
000E
