(128, 1)
0005
0004
0005
0009
0006
0004
0005
0008
0000
0000
0000
0000
0000
0000
0000
0000
0050
004A
004A
004D
004D
004D
004A
004D
0005
000E
0015
000B
0005
0012
0015
000A
000D
0005
0006
000C
000B
0006
0006
000C
0000
0000
0000
0000
0000
0000
0000
0000
0000
0000
0000
0000
0000
0000
0000
0000
0001
0001
0001
0002
0001
0000
0001
0001
000D
0009
0007
0009
000C
0009
0009
0008
0047
0044
0044
0047
0047
0044
0044
0047
0000
0000
0000
0000
0000
0000
0000
0000
002A
0023
002D
0030
002D
0022
0030
0033
0018
000E
0019
0023
0016
000D
0019
0023
0033
003A
003A
0035
0033
003A
003E
0034
0000
0000
0000
0000
0000
0000
0000
0000
0008
0003
0002
0007
0008
0004
0002
0007
