(128, 1)
002A
0026
0029
002D
002A
0026
0029
002E
0017
0011
000F
0014
0018
0011
000F
0014
006F
006C
006A
006C
0070
006B
006A
006D
0028
0037
003F
0032
0029
0036
003F
0033
0038
002B
0029
0032
0038
002A
0029
0032
0009
0009
0009
0008
0009
0009
0009
0008
0004
0003
0003
0003
0004
0002
0003
0003
0019
0019
001E
0021
0019
0019
001D
0021
0034
0030
002F
002E
0034
0030
002E
002E
0067
0066
0063
0068
0068
0066
0064
0068
0009
0008
0009
000A
0009
0009
0009
0009
0053
004C
004F
0056
0052
004D
004F
0056
0044
0035
003F
0049
0045
0035
003E
0049
0056
0059
005F
0059
0056
005B
005E
0058
0009
0007
0007
0007
0009
0008
0007
0008
002F
0026
0020
0029
002E
0028
0020
0029
