(128, 1)
0012
0011
000F
000E
0011
0011
000E
000E
0007
0009
0008
0006
0007
0009
0008
0006
0027
0029
0029
0027
0028
0028
0029
0027
0016
0010
0010
0017
0017
000F
0011
0017
0011
0014
0013
000E
0011
0015
0013
000E
0003
0003
0004
0004
0003
0003
0004
0004
0002
0002
0002
0001
0002
0002
0002
0002
000C
000B
0009
000A
000C
000B
0009
000B
0011
0013
0014
0012
0011
0012
0013
0011
0025
0027
0026
0025
0025
0027
0026
0024
0004
0004
0004
0004
0004
0004
0003
0003
001F
0020
001C
001D
001F
0020
001C
001C
001A
001B
0016
0013
001B
001B
0015
0014
0022
001E
0020
0023
0022
001F
0020
0022
0003
0003
0004
0003
0003
0004
0004
0003
000D
0012
0010
000C
000E
0012
0010
000C
