(128, 1)
000D
0011
000F
000E
000D
0012
000F
000D
0004
0006
0009
0006
0004
0006
0009
0006
0026
0027
0029
0027
0026
0026
0029
0027
0018
0014
000D
0011
0019
0014
000D
0011
000D
0011
0015
0010
000D
0011
0014
0010
0003
0002
0002
0003
0003
0002
0002
0003
0001
0001
0001
0001
0001
0001
0001
0001
000A
000C
0009
0008
0009
000D
0009
0007
0011
0010
0013
0012
0011
000F
0013
0012
0023
0025
0026
0024
0023
0025
0026
0025
0002
0003
0003
0002
0002
0003
0003
0003
001C
001F
001E
001B
001C
001F
001F
001A
0014
001B
001A
0012
0014
001B
001A
0012
0022
0020
001D
001F
0022
0020
001D
001F
0002
0002
0003
0002
0002
0002
0003
0003
000A
000D
0011
000E
000A
000E
0011
000F
