(128, 1)
0006
0004
0005
0008
0005
0004
0005
0009
0000
0000
0000
0000
0001
0000
0000
0000
004F
004C
004A
004D
004F
004A
004A
004D
0005
000D
0016
000B
0005
000D
0016
000B
000E
0006
0005
000B
000E
0006
0005
000B
0000
0000
0000
0000
0000
0000
0000
0000
0000
0000
0000
0000
0000
0000
0000
0000
0001
0001
0001
0002
0001
0000
0001
0002
000C
0009
0009
0008
000C
000A
0009
0008
0047
0044
0044
0047
0047
0046
0044
0047
0000
0000
0000
0000
0000
0000
0000
0000
002D
0027
002C
0033
002D
0027
002C
0034
001B
000D
0015
0022
001E
000D
0016
0022
0033
0037
003E
0035
0031
0037
003D
0037
0000
0000
0000
0000
0000
0000
0000
0000
0008
0004
0002
0005
0007
0005
0002
0005
