(128, 1)
0025
0029
0030
002A
0024
0029
002F
002B
0011
000D
0014
0019
0011
000E
0015
0019
006B
0069
006D
0070
006C
0069
006D
0071
0036
0042
0034
0024
0038
0041
0032
0024
0029
0028
0033
0039
0029
0028
0032
0039
0009
0009
0008
0009
0009
0009
0008
0009
0002
0003
0003
0004
0002
0003
0003
0004
0019
001E
0023
0019
0018
001E
0021
0019
0030
002F
002E
0036
002F
002E
002E
0036
0065
0063
0068
0069
0066
0063
0068
0069
0009
0009
0009
0009
0008
0008
0009
0008
004A
0051
0056
0054
0049
0051
0056
0052
0032
0040
004A
0044
0032
0040
004A
0044
005B
005F
0058
0055
005B
005F
0057
0055
0007
0007
0007
000A
0008
0007
0007
000A
0026
001D
0029
002D
0026
001E
0029
0030
