(128, 1)
0003
0003
0003
0003
0003
0003
0003
0003
0000
0000
0000
0000
0000
0000
0000
0000
006A
006A
0069
006A
0069
006A
0069
0069
0003
0004
0003
0003
0002
0003
0004
0003
0004
0003
0003
0004
0004
0004
0003
0004
0000
0000
0000
0000
0000
0000
0000
0000
0000
0000
0000
0000
0000
0000
0000
0000
0000
0000
0000
0000
0000
0000
0000
0000
000B
0009
000A
0009
000B
000B
000A
0009
0059
005D
0059
0060
005F
005A
0059
005E
0000
0000
0000
0000
0000
0000
0000
0000
0038
0035
003A
003B
003A
0037
0039
003A
001F
001B
001F
0023
0021
001D
001F
0023
0046
0047
0046
0049
0047
004E
004C
004A
0000
0000
0000
0000
0000
0000
0000
0000
0004
0003
0003
0004
0004
0004
0003
0004
