(128, 1)
0001
0004
0003
0001
0001
0004
0003
0001
0000
0000
0000
0000
0000
0000
0000
0000
0068
006B
006F
006C
0067
006B
006E
006D
0018
000C
0001
0005
001A
000F
0001
0005
0001
0004
000A
0005
0001
0004
000B
0004
0000
0000
0000
0000
0000
0000
0000
0000
0000
0000
0000
0000
0000
0000
0000
0000
0000
0000
0000
0000
0000
0000
0000
0000
0005
0003
0007
0007
0004
0003
0008
0006
0060
0066
0068
0065
0060
0065
0068
0066
0000
0000
0000
0000
0000
0000
0000
0000
0034
0055
0054
0031
003E
0054
0055
0034
000A
002E
002F
0009
0009
0031
002E
000A
005E
0059
004F
0057
005E
0059
0053
0055
0000
0000
0000
0000
0000
0000
0000
0000
0000
0001
0005
0002
0000
0001
0004
0002
