(128, 1)
0004
000C
0007
0003
0004
000C
0006
0004
0000
0000
0001
0000
0000
0000
0001
0000
004A
004D
0052
004A
004A
004C
0052
004A
001C
000B
0003
000C
001F
000B
0002
000D
0003
000A
0012
0005
0004
000A
0011
0005
0000
0000
0000
0000
0000
0000
0000
0000
0000
0000
0000
0000
0000
0000
0000
0000
0001
0003
0001
0000
0001
0003
0000
0000
0009
0009
0011
000A
0009
0008
000E
0009
0040
004A
004A
0047
0041
004A
004A
0046
0000
0000
0000
0000
0000
0000
0000
0000
002C
0037
002F
0023
002C
0037
002F
0022
0015
0027
001F
0009
0016
0026
0020
000A
0040
0035
0031
003A
003E
0035
002D
0037
0000
0000
0000
0000
0000
0000
0000
0000
0001
0005
0009
0003
0001
0006
0008
0004
