(128, 1)
0001
0001
0005
0003
0001
0001
0006
0002
0000
0000
0000
0000
0000
0000
0000
0000
006B
0068
006B
006F
006B
0067
006C
0070
0005
001E
000A
0001
0006
001D
0009
0001
0003
0001
0005
000E
0003
0001
0005
000C
0000
0000
0000
0000
0000
0000
0000
0000
0000
0000
0000
0000
0000
0000
0000
0000
0000
0000
0000
0000
0000
0000
0000
0000
0006
0005
0003
0008
0006
0004
0003
0009
0063
0061
0066
0069
0065
0061
0067
0069
0000
0000
0000
0000
0000
0000
0000
0000
002D
0041
0054
0055
0034
003C
0055
0054
0008
000D
0034
002B
0007
000E
0035
002D
0059
005D
0059
0050
0058
005D
0059
004E
0000
0000
0000
0000
0000
0000
0000
0000
0002
0000
0001
0004
0002
0000
0001
0006
