(128, 1)
0004
0003
0002
0001
0003
0003
0001
0001
0000
0000
0000
0000
0000
0000
0000
0000
006B
006E
006D
0068
006A
006E
006D
0068
0010
0002
0003
0018
0011
0001
0003
0016
0003
0009
0006
0001
0004
000B
0006
0001
0000
0000
0000
0000
0000
0000
0000
0000
0000
0000
0000
0000
0000
0000
0000
0000
0000
0000
0000
0000
0000
0000
0000
0000
0004
0006
0007
0004
0003
0006
0007
0003
0065
0068
0065
0061
0064
0068
0065
0061
0000
0000
0000
0000
0000
0000
0000
0000
0054
0054
0037
0038
0054
0055
003A
0033
002A
002F
000D
0009
002B
0030
000C
0009
005A
0052
0055
005E
005A
0051
0056
005D
0000
0000
0000
0000
0000
0000
0000
0000
0000
0005
0002
0000
0000
0004
0003
0000
