(128, 1)
0004
0005
0009
0005
0003
0006
0007
0005
0000
0000
0000
0000
0000
0000
0000
0000
004A
004A
004D
004F
004A
004A
004D
0050
000F
0018
000A
0004
0012
0016
000A
0004
0005
0005
000C
000F
0005
0005
000B
000F
0000
0000
0000
0000
0000
0000
0000
0000
0000
0000
0000
0000
0000
0000
0000
0000
0001
0002
0003
0001
0000
0002
0002
0001
0009
0009
0009
000C
0009
0008
0009
000D
0044
0044
0047
0047
0044
0042
0047
0047
0000
0000
0000
0000
0000
0000
0000
0000
0023
002D
0031
002D
0025
002D
0033
002D
000B
0019
0023
0019
000C
0019
0023
0019
003A
003D
0034
0033
003A
003D
0034
0033
0000
0000
0000
0000
0000
0000
0000
0000
0003
0002
0006
0007
0004
0002
0005
0008
