(128, 1)
0006
0004
0005
0006
0006
0005
0005
0007
0000
0000
0000
0000
0000
0000
0000
0000
004D
004C
004A
004C
004D
004A
004A
004C
0006
000D
0015
000C
0007
000B
0015
000E
000D
0007
0006
000A
000E
0007
0006
000A
0000
0000
0000
0000
0000
0000
0000
0000
0000
0000
0000
0000
0000
0000
0000
0000
0001
0001
0002
0002
0001
0001
0001
0002
000A
000A
0009
0008
000B
000A
0007
0007
0047
0047
0042
0047
0047
0047
0044
0046
0000
0000
0000
0000
0000
0000
0000
0000
002D
0029
0027
0033
002D
0027
002A
002F
001B
000F
0014
001E
001E
000F
0014
0020
0035
0037
003D
0037
0034
0037
003B
0035
0000
0000
0000
0000
0000
0000
0000
0000
0007
0005
0003
0005
0007
0005
0003
0005
