(128, 1)
0004
0009
0007
0004
0003
0009
0006
0004
0000
0000
0001
0000
0000
0000
0001
0000
004A
004A
004F
004D
004A
004A
004F
004D
0018
0013
0005
0007
0019
0011
0005
0008
0004
0009
000E
000A
0004
0009
000F
0009
0000
0000
0000
0000
0000
0000
0000
0000
0000
0000
0000
0000
0000
0000
0000
0000
0001
0002
0001
0000
0001
0003
0001
0000
0008
0009
000C
000B
0009
0007
000B
000B
0041
0047
0047
0047
0042
0046
0047
0047
0000
0000
0000
0000
0000
0000
0000
0000
0026
0031
0031
0027
0027
0031
0031
0026
000E
0022
0022
000F
000E
0022
0022
000F
003D
003A
0030
0035
003B
003A
002F
0035
0000
0000
0000
0000
0000
0000
0000
0000
0002
0003
0009
0006
0002
0004
0008
0006
