(128, 1)
000D
0011
000F
000D
000D
0011
000F
000D
0003
0006
0009
0006
0004
0006
0009
0006
0026
0027
0028
0027
0025
0027
0028
0027
0018
0013
000C
0012
0018
0014
000C
0012
000D
0011
0015
0010
000C
0011
0014
000F
0003
0002
0003
0003
0003
0002
0002
0003
0000
0001
0001
0001
0001
0001
0001
0000
000A
000C
0009
0008
000A
000C
0009
0007
0011
0010
0013
0012
0011
000F
0014
0011
0023
0025
0026
0024
0022
0025
0026
0025
0002
0003
0002
0002
0002
0003
0003
0002
001B
001F
001F
001A
001D
001E
001F
001A
0014
001B
001A
0012
0014
001C
001B
0012
0022
0020
001D
001F
0022
0020
001D
001F
0002
0002
0003
0003
0002
0002
0003
0002
000A
000E
0011
000E
0009
000E
0011
000E
