(128, 1)
0005
0004
0007
0007
0005
0004
0005
0008
0000
0000
0000
0000
0000
0000
0000
0000
004F
004A
004A
004C
0050
004A
004A
004D
0005
0011
0016
0009
0005
000F
0016
000B
000F
0005
0006
000B
000F
0005
0006
000B
0000
0000
0000
0000
0000
0000
0000
0000
0000
0000
0000
0000
0000
0000
0000
0000
0001
0001
0002
0002
0000
0001
0002
0002
000B
0009
0009
0009
000C
0009
0007
0008
0047
0046
0042
004A
0047
0047
0044
0047
0000
0000
0000
0000
0000
0000
0000
0000
002D
0026
002A
0034
002D
0027
002A
0031
0019
000C
0019
0022
001B
000C
0018
0022
0034
0037
003E
0034
0034
0037
003D
0034
0000
0000
0000
0000
0000
0000
0000
0000
0007
0004
0002
0006
0007
0004
0002
0005
