(128, 1)
0004
0006
0007
0006
0003
0007
0008
0005
0000
0000
0000
0000
0000
0000
0000
0000
004A
004A
004D
004F
004A
004C
004D
004F
0012
0015
0008
0006
0012
0016
0008
0005
0005
0006
000D
000E
0004
0007
000B
000D
0000
0000
0000
0000
0000
0000
0000
0000
0000
0000
0000
0000
0000
0000
0000
0000
0001
0002
0002
0001
0001
0002
0002
0000
0009
0007
0009
000C
0008
0007
000A
000B
0044
0044
004A
0046
0044
0042
004A
0047
0000
0000
0000
0000
0000
0000
0000
0000
0025
002D
0033
002C
0026
002C
0035
002C
000D
001B
0023
0018
000B
001B
0023
0016
003A
003D
0031
0033
003A
003D
0034
0034
0000
0000
0000
0000
0000
0000
0000
0000
0003
0002
0007
0007
0003
0002
0007
0009
