(128, 1)
0004
0005
000A
0006
0003
0005
0009
0006
0000
0000
0000
0000
0000
0000
0000
0000
004A
004A
004D
0050
004A
004A
004D
0050
000E
0019
000B
0004
0011
0016
0009
0004
0005
0005
000B
0010
0005
0004
000B
000F
0000
0000
0000
0000
0000
0000
0000
0000
0000
0000
0000
0000
0000
0000
0000
0000
0001
0001
0003
0001
0000
0002
0002
0000
0009
000A
0009
000D
0009
0008
0008
000D
0044
0044
0047
0047
0044
0042
0047
0047
0000
0000
0000
0000
0000
0000
0000
0000
0022
002D
0034
002F
0025
002D
0034
002D
000B
0016
0023
0019
000B
0016
0025
001E
003A
003D
0035
0033
0037
003E
0034
0031
0000
0000
0000
0000
0000
0000
0000
0000
0004
0001
0006
0008
0004
0002
0005
0009
