(128, 1)
0012
0010
000E
000F
0012
0010
000E
000F
0008
0009
0007
0005
0008
000A
0007
0005
0028
002A
0027
0027
0028
002A
0027
0027
0012
000D
0015
0018
0012
000C
0015
0018
0013
0016
000E
000F
0013
0015
000E
000F
0003
0004
0003
0004
0003
0004
0004
0004
0002
0002
0001
0002
0002
0002
0001
0002
000D
0009
000A
000B
000D
0009
000A
000C
0011
0015
0012
0012
0012
0014
0012
0012
0027
0027
0025
0025
0027
0027
0026
0024
0004
0003
0003
0003
0004
0003
0004
0003
0020
001F
001B
001F
0020
001F
001B
001E
001C
0019
0012
0018
001C
0019
0012
0018
0020
001F
0022
0023
0020
0020
0022
0023
0003
0004
0003
0003
0003
0004
0003
0003
0010
0012
000E
000A
0010
0012
000D
000A
