(128, 1)
0026
0027
0030
002C
0024
0028
0030
002B
0012
000D
0013
0019
0011
000D
0013
0019
006C
006A
006C
0071
006C
0069
006C
0071
0035
0042
0034
0024
0036
0042
0033
0024
0029
0027
0033
003A
0029
0027
0031
003A
0009
0009
0008
0009
0009
0009
0008
0009
0002
0003
0003
0004
0002
0003
0003
0004
0019
001D
0024
0019
0018
001D
0023
0019
0030
002F
002E
0036
0030
002F
002E
0037
0065
0062
0068
0069
0066
0062
0069
0069
0009
0008
0009
0009
0009
0008
0009
0008
0049
0051
0056
0054
004A
0051
0057
0054
0032
003E
0049
0046
0033
003F
004B
0046
005A
005F
0058
0053
0059
005F
0058
0055
0007
0007
0007
000A
0008
0007
0007
000A
0026
001D
0029
002F
0027
001D
0029
0030
