(128, 1)
0011
0012
0012
0011
0012
0012
0011
0012
0008
0007
0008
0007
0008
0007
0007
0007
0020
0021
0021
0020
0021
001F
0020
0020
0010
0011
0011
000F
0010
000F
0011
0010
0013
0013
0013
0013
0013
0012
0012
0013
0003
0004
0003
0004
0003
0003
0003
0003
0003
0002
0002
0002
0002
0002
0002
0003
0007
0007
0008
0007
0007
0007
0007
0008
0011
0011
0011
0011
0012
0012
0011
0011
001B
001B
001B
001D
001C
001B
001B
001B
0005
0005
0005
0006
0005
0005
0005
0005
001A
001A
0019
001A
0019
001A
0019
0019
001A
001A
001A
001A
001B
001A
001B
001B
001A
0019
001A
001A
001A
001B
001A
001A
0007
0007
0007
0007
0007
0007
0007
0007
0013
0012
0012
0012
0013
0013
0012
0013
