(128, 1)
0013
0010
000E
000E
0013
0010
000E
000E
0007
000A
0007
0004
0007
000A
0007
0004
0027
002A
0028
0026
0028
002A
0028
0027
0013
000C
0013
001A
0014
000B
0013
001A
0012
0016
0010
000D
0012
0016
000F
000D
0003
0004
0004
0004
0003
0003
0004
0004
0002
0002
0001
0002
0002
0002
0001
0002
000E
000A
0009
000B
000E
000A
0009
000B
0010
0015
0013
0012
0010
0016
0012
0012
0026
0027
0025
0024
0026
0027
0026
0023
0004
0003
0003
0003
0004
0003
0003
0003
0020
0020
001A
001E
0020
0020
001A
001D
001C
001C
0012
0016
001D
001C
0012
0016
0021
001E
0021
0024
0021
001E
0021
0023
0003
0004
0003
0003
0003
0004
0003
0003
000F
0012
000F
0009
000F
0013
000F
0009
