(128, 1)
0002
0001
0002
0003
0002
0001
0002
0003
0000
0000
0000
0000
0000
0000
0000
0000
006E
0069
006A
006B
006F
0069
006A
006B
0002
000C
0015
0006
0001
000A
0014
0007
000A
0002
0002
0006
000A
0002
0002
0006
0000
0000
0000
0000
0000
0000
0000
0000
0000
0000
0000
0000
0000
0000
0000
0000
0000
0000
0000
0000
0000
0000
0000
0000
0007
0004
0004
0004
0008
0005
0004
0003
0065
0065
0062
0068
0066
0065
0063
0067
0000
0000
0000
0000
0000
0000
0000
0000
004D
0033
0048
0056
0050
0033
004A
0054
0019
0008
0018
002C
001A
0008
0017
002D
0056
0058
005E
0056
0056
0059
005D
0055
0000
0000
0000
0000
0000
0000
0000
0000
0003
0001
0000
0002
0003
0001
0000
0002
