(128, 1)
000C
0006
0003
0004
000C
0006
0003
0003
0000
0001
0000
0000
0000
0001
0000
0000
004D
0052
004A
0047
004D
0052
004A
004A
000B
0002
000B
0022
000B
0002
000C
001F
000A
0011
0005
0003
0009
0013
0005
0003
0000
0000
0000
0000
0000
0000
0000
0000
0000
0000
0000
0000
0000
0000
0000
0000
0003
0001
0000
0001
0003
0000
0000
0001
0008
0010
000A
000B
0007
0011
000B
0009
004A
004A
0046
003E
004A
004A
0046
0040
0000
0000
0000
0000
0000
0000
0000
0000
0035
0031
0022
002A
0037
0030
0023
002D
0027
0023
0009
0016
0027
0023
0009
0015
0035
002F
0037
0040
0037
002F
003A
0040
0000
0000
0000
0000
0000
0000
0000
0000
0005
0009
0004
0001
0005
000A
0004
0001
