(128, 1)
0006
0003
0001
0001
0006
0003
0001
0001
0000
0000
0000
0000
0000
0000
0000
0000
006B
0070
006C
0067
006B
0070
006C
0067
000A
0000
0004
0024
000B
0000
0005
0022
0004
000E
0003
0000
0004
000E
0003
0001
0000
0000
0000
0000
0000
0000
0000
0000
0000
0000
0000
0000
0000
0000
0000
0000
0000
0000
0000
0000
0000
0000
0000
0000
0003
000B
0007
0004
0003
000B
0006
0004
0067
0069
0064
005F
0067
0069
0065
005F
0000
0000
0000
0000
0000
0000
0000
0000
0056
0055
002C
003E
0055
0055
002D
003B
0037
0036
0006
000A
003B
0036
0007
000C
0059
004B
0057
005F
0059
004B
0057
005F
0000
0000
0000
0000
0000
0000
0000
0000
0001
0006
0002
0000
0001
0006
0002
0000
