(128, 1)
0034
002B
0025
0024
0033
002B
0024
0025
0011
001B
0011
000B
0011
001B
0012
000A
006B
0072
006D
0067
006D
0071
006D
0069
0034
001F
0033
0046
0035
001E
0032
0046
0031
003B
002A
0022
0031
003B
0029
0022
0007
0009
0009
0009
0008
0008
0009
0009
0004
0005
0002
0003
0003
0004
0002
0003
0024
0019
0018
001D
0024
0019
0017
001D
002C
0039
0033
0031
002C
003A
0031
0031
0068
006B
0064
0061
0068
006A
0066
005F
0009
0008
0008
0008
0009
0008
0008
0008
0058
0056
0047
0050
0057
0057
0047
004F
004D
004B
002F
003B
004F
004B
002F
003C
005A
0051
005A
0062
0059
0052
0059
0060
0007
000A
0008
0007
0007
000B
0008
0007
0028
0031
0027
0017
0028
0033
0027
0018
