(128, 1)
0002
0001
0003
0003
0001
0001
0003
0003
0000
0000
0000
0000
0000
0000
0000
0000
006D
0068
0069
006E
006D
0069
0069
006F
0003
0015
000F
0002
0003
0017
000F
0002
0006
0001
0003
0009
0005
0001
0003
000B
0000
0000
0000
0000
0000
0000
0000
0000
0000
0000
0000
0000
0000
0000
0000
0000
0000
0000
0000
0000
0000
0000
0000
0000
0007
0003
0004
0006
0007
0004
0004
0006
0065
0062
0065
0067
0066
0061
0065
0068
0000
0000
0000
0000
0000
0000
0000
0000
0037
0038
0053
0055
003C
0036
0055
0055
000C
000A
0027
002B
000D
000A
0029
002E
0056
005C
0059
0052
0056
005C
005C
0052
0000
0000
0000
0000
0000
0000
0000
0000
0002
0000
0000
0004
0003
0000
0000
0004
