(128, 1)
0004
0004
0005
0005
0005
0004
0004
0004
0000
0000
0000
0000
0000
0000
0000
0000
0045
0046
0045
0044
0042
0041
003F
0043
0005
0005
0006
0006
0005
0005
0006
0006
0010
000E
000E
000D
000E
000D
000D
000D
0000
0000
0000
0000
0000
0000
0000
0000
0000
0000
0000
0000
0000
0000
0000
0000
0000
0000
0000
0000
0000
0000
0000
0000
0002
0002
0002
0002
0002
0002
0002
0001
0017
001A
0017
0018
001A
0018
0017
0019
0000
0000
0000
0000
0000
0000
0000
0000
0018
0018
0018
0019
0019
0017
001A
001A
001A
0018
001B
001D
001B
0019
001A
001B
0019
001B
001A
001D
001D
001E
001F
001B
0000
0000
0000
0000
0000
0000
0000
0000
0006
0006
0005
0006
0006
0006
0006
0006
