(128, 1)
000E
000D
0011
0010
000D
000D
000F
0010
0007
0005
0006
0009
0007
0004
0006
0008
0027
0026
0027
0027
0027
0025
0027
0028
0010
0017
0015
000E
0011
0016
0015
000E
0012
000D
0010
0013
0012
000D
0010
0013
0003
0003
0002
0002
0003
0003
0003
0002
0001
0000
0001
0001
0001
0000
0001
0001
0008
0009
000C
000A
0007
0009
000B
000A
0012
0011
0011
0012
0012
0011
0010
0011
0024
0024
0024
0026
0025
0023
0024
0026
0003
0002
0003
0003
0003
0002
0003
0003
001B
001C
001E
001F
001B
001C
001D
001F
0014
0013
0019
001A
0015
0013
0019
001A
001F
0021
0021
001E
001F
0021
0021
001E
0003
0002
0002
0002
0003
0002
0002
0003
000F
000B
000D
0010
000F
000B
000C
0011
