(128, 1)
0002
0001
0002
0003
0002
0002
0001
0002
0000
0000
0000
0000
0000
0000
0000
0000
006C
006B
006B
006B
006D
006B
006A
006C
0003
0009
000D
0009
0005
0007
000F
0009
0008
0003
0002
0005
0007
0003
0002
0005
0000
0000
0000
0000
0000
0000
0000
0000
0000
0000
0000
0000
0000
0000
0000
0000
0000
0000
0000
0000
0000
0000
0000
0000
0006
0005
0004
0004
0006
0005
0004
0003
0065
0065
0063
0065
0066
0064
0064
0065
0000
0000
0000
0000
0000
0000
0000
0000
004F
003E
003D
0053
0050
003C
0044
004E
001C
000C
0013
0022
001D
000D
0012
0026
0055
0059
005B
0058
0055
0058
005B
0058
0000
0000
0000
0000
0000
0000
0000
0000
0003
0002
0001
0002
0003
0002
0001
0001
