(128, 1)
0025
0031
002C
0027
0024
0032
002A
0026
000D
0011
001A
0013
000D
0011
001B
0012
0069
006C
0071
006D
0069
006B
0071
006E
0043
0039
0024
0030
0046
0038
0024
0031
0024
002F
003B
002E
0024
0031
0039
002D
0009
0008
0008
0009
0009
0008
0008
0009
0003
0003
0004
0003
0003
0003
0004
0003
001D
0023
001B
0017
001B
0024
0019
0016
002F
002E
0036
0032
002F
002C
0035
0032
0062
0067
0069
0065
0062
0066
0069
0066
0008
0009
0009
0008
0008
0009
0009
0009
004E
0056
0055
004B
004E
0056
0056
004A
0038
004D
0049
0034
0039
004C
004A
0034
005F
005A
0051
0058
005E
005A
0051
0058
0007
0007
0009
0008
0007
0007
000A
0009
001D
0025
0031
0029
001D
0027
0030
002A
