(128, 1)
0001
0003
0003
0002
0001
0003
0003
0002
0000
0000
0000
0000
0000
0000
0000
0000
006A
0069
006C
006E
0068
006B
006C
006E
000D
0014
0005
0002
0010
0014
0005
0001
0002
0002
0008
0009
0001
0003
0006
0009
0000
0000
0000
0000
0000
0000
0000
0000
0000
0000
0000
0000
0000
0000
0000
0000
0000
0000
0000
0000
0000
0000
0000
0000
0005
0003
0005
0008
0004
0003
0005
0007
0063
0063
0068
0065
0064
0062
0068
0067
0000
0000
0000
0000
0000
0000
0000
0000
0032
0050
0055
004B
0036
004B
0057
0049
0007
001C
002E
0017
0007
001B
002F
0018
005A
005D
0054
0055
005A
005D
0055
0055
0000
0000
0000
0000
0000
0000
0000
0000
0001
0000
0002
0003
0001
0000
0002
0004
