(128, 1)
0004
0004
000A
0006
0004
0004
000B
0006
0000
0000
0000
0001
0000
0000
0000
0001
004D
004A
004D
0050
004D
0047
004D
0052
000A
001C
000F
0003
000C
0019
000D
0003
0006
0004
0009
0011
0007
0003
0009
0010
0000
0000
0000
0000
0000
0000
0000
0000
0000
0000
0000
0000
0000
0000
0000
0000
0000
0001
0003
0001
0000
0001
0003
0001
000A
000A
0008
000D
000A
0008
0007
000E
0044
0041
0047
004A
0046
0041
0047
004A
0000
0000
0000
0000
0000
0000
0000
0000
0022
002C
0031
0033
0025
002A
0034
0031
000B
0011
0025
0020
000B
0012
0026
0022
0037
003D
0037
002D
0037
003D
0037
002D
0000
0000
0000
0000
0000
0000
0000
0000
0005
0001
0005
0009
0005
0001
0004
000A
