(128, 1)
0003
0002
0001
0003
0003
0002
0001
0004
0000
0000
0000
0000
0000
0000
0000
0000
006D
006D
0069
0069
006E
006D
0069
006B
0002
0002
0014
0011
0002
0002
0014
0011
0008
0007
0001
0003
000A
0008
0001
0003
0000
0000
0000
0000
0000
0000
0000
0000
0000
0000
0000
0000
0000
0000
0000
0000
0000
0000
0000
0000
0000
0000
0000
0000
0005
0008
0005
0004
0006
0008
0003
0004
0067
0065
0062
0065
0068
0065
0063
0064
0000
0000
0000
0000
0000
0000
0000
0000
0055
0043
0031
0053
0055
0047
0031
0053
002F
0012
0006
0024
0032
0010
0007
0027
0053
0056
005C
005E
0052
0057
005B
005C
0000
0000
0000
0000
0000
0000
0000
0000
0003
0002
0000
0000
0003
0003
0000
0000
