(128, 1)
0002
0001
0002
0004
0002
0001
0002
0004
0000
0000
0000
0000
0000
0000
0000
0000
006F
0069
0069
006C
006D
0069
0069
006C
0002
000A
0013
0006
0002
000E
0013
0005
0009
0002
0002
0007
0008
0002
0002
0007
0000
0000
0000
0000
0000
0000
0000
0000
0000
0000
0000
0000
0000
0000
0000
0000
0000
0000
0000
0000
0000
0000
0000
0000
0007
0004
0003
0004
0007
0005
0004
0004
0066
0065
0062
0067
0067
0064
0062
0067
0000
0000
0000
0000
0000
0000
0000
0000
0046
0033
004B
0055
004D
0032
004E
0054
0018
0009
0018
002C
0017
0009
0018
002E
0055
0059
005D
0055
0055
005A
005E
0054
0000
0000
0000
0000
0000
0000
0000
0000
0003
0001
0000
0003
0003
0001
0000
0003
