(128, 1)
0003
0005
0009
0006
0003
0005
0009
0005
0000
0000
0000
0000
0000
0000
0000
0000
004A
004A
004D
0050
004A
004A
004D
0050
000E
0018
000A
0004
0011
0018
0009
0005
0005
0005
000B
000E
0005
0004
000B
000E
0000
0000
0000
0000
0000
0000
0000
0000
0000
0000
0000
0000
0000
0000
0000
0000
0000
0001
0003
0001
0001
0001
0002
0000
000A
0009
0009
000D
0009
0009
0009
000D
0044
0044
0047
0047
0044
0042
0047
004A
0000
0000
0000
0000
0000
0000
0000
0000
0023
002C
0033
002F
0026
002C
0034
002D
000B
0016
0023
0019
000A
0019
0025
001E
003A
003D
0034
0031
003A
003D
0034
0030
0000
0000
0000
0000
0000
0000
0000
0000
0003
0002
0006
0008
0004
0002
0005
0009
