(128, 1)
0006
0004
0006
0007
0005
0004
0005
0009
0000
0000
0000
0000
0001
0000
0000
0000
004D
004A
004A
004D
004F
004A
004A
004D
0005
0011
0016
0009
0006
000E
0016
000A
000E
0005
0006
000B
0010
0005
0006
000B
0000
0000
0000
0000
0000
0000
0000
0000
0000
0000
0000
0000
0000
0000
0000
0000
0001
0001
0002
0002
0001
0001
0001
0002
000B
000A
0009
0009
000B
0009
0007
0008
0046
0044
0042
004A
0047
0046
0042
0047
0000
0000
0000
0000
0000
0000
0000
0000
002D
0027
002C
0034
002D
0029
002A
0033
0019
000D
0016
0022
001B
000C
0016
0023
0034
0037
003E
0035
0034
003A
003B
0034
0000
0000
0000
0000
0000
0000
0000
0000
0008
0004
0002
0005
0007
0004
0002
0005
