(128, 1)
0033
002B
0026
0024
0033
002C
0024
0025
0011
001B
0012
000B
0011
001B
0012
000B
006C
0071
006D
0068
006C
0071
006D
0068
0037
0020
0030
0047
0036
0020
0031
0046
0030
003A
002C
0022
002F
003C
002B
0021
0008
0009
0009
0009
0008
0008
0009
0009
0004
0004
0003
0003
0004
0004
0003
0003
0024
001A
0017
001C
0024
0019
0017
001C
002D
0038
0033
0031
002C
0039
0032
0031
0068
006A
0065
0060
0068
006A
0066
0060
0009
0008
0008
0008
000A
0008
0008
0008
0057
0056
0049
004E
0056
0056
0049
004E
004C
004C
0031
0039
004E
004C
0032
0039
005A
0051
0058
0060
005A
0051
0058
0060
0007
000A
0008
0007
0007
000A
0009
0007
0027
0032
0029
0019
0026
0032
0029
0019
