(128, 1)
000E
000F
000E
000F
000E
000F
000E
000F
0007
0006
0006
0006
0007
0006
0007
0006
0027
0027
0027
0026
0027
0026
0027
0027
0013
0013
0014
0013
0013
0013
0014
0013
0011
0011
0011
0011
0012
0011
0010
0011
0003
0003
0003
0003
0003
0003
0003
0002
0001
0001
0001
0001
0001
0001
0001
0001
0009
0009
000A
000A
0009
0009
000A
000A
0010
0011
0011
0010
0010
0011
000F
0010
0023
0024
0024
0025
0025
0024
0024
0024
0003
0003
0003
0003
0003
0003
0003
0003
001C
001D
001B
001D
001C
001D
001B
001C
0016
0016
0016
0017
0017
0016
0016
0018
001F
001F
0020
0020
001F
001F
001F
0020
0002
0002
0002
0002
0002
0002
0002
0003
000F
000F
000E
000E
000F
000F
000E
000E
