(128, 1)
0007
0008
0006
0003
0007
0008
0005
0003
0000
0000
0000
0000
0000
0000
0000
0000
004A
004D
0050
004A
004A
004D
004F
004A
0016
0008
0004
0013
0016
0007
0004
0015
0006
000D
000E
0004
0006
000C
000F
0004
0000
0000
0000
0000
0000
0000
0000
0000
0000
0000
0000
0000
0000
0000
0000
0000
0002
0002
0000
0001
0002
0002
0000
0001
0009
0009
000D
0009
0009
0009
000D
0009
0044
004A
0047
0044
0044
004A
0047
0044
0000
0000
0000
0000
0000
0000
0000
0000
002F
0034
002C
0026
002D
0034
002D
0023
001B
0023
0019
000B
001C
0023
0018
000B
003E
0031
0034
003A
003E
0031
0034
003A
0000
0000
0000
0000
0000
0000
0000
0000
0002
0007
0008
0003
0002
0007
0008
0003
