(128, 1)
0003
0003
0002
0001
0003
0004
0002
0001
0000
0000
0000
0000
0000
0000
0000
0000
006A
006D
006E
0069
0068
006D
006E
0069
0014
0003
0001
0011
0015
0003
0001
0012
0002
0008
0009
0001
0002
0008
0009
0001
0000
0000
0000
0000
0000
0000
0000
0000
0000
0000
0000
0000
0000
0000
0000
0000
0000
0000
0000
0000
0000
0000
0000
0000
0004
0004
0007
0005
0004
0004
0009
0004
0064
0068
0067
0063
0062
0068
0067
0063
0000
0000
0000
0000
0000
0000
0000
0000
0052
0054
0049
0033
0051
0055
004E
0030
001D
002F
0018
0007
001D
0031
0016
0007
005E
0055
0055
005A
005E
0055
0057
005A
0000
0000
0000
0000
0000
0000
0000
0000
0000
0003
0003
0001
0000
0003
0003
0001
