(128, 1)
0002
0001
0002
0003
0002
0001
0001
0003
0000
0000
0000
0000
0000
0000
0000
0000
006D
006B
0069
006B
006C
006C
0069
006B
0003
0008
000E
0009
0003
0008
0011
0009
0008
0003
0002
0006
0007
0004
0002
0006
0000
0000
0000
0000
0000
0000
0000
0000
0000
0000
0000
0000
0000
0000
0000
0000
0000
0000
0000
0000
0000
0000
0000
0000
0006
0005
0004
0004
0006
0006
0004
0003
0066
0065
0063
0066
0067
0064
0063
0065
0000
0000
0000
0000
0000
0000
0000
0000
0050
003B
0040
0053
0051
003A
0047
004F
001C
000C
0012
0024
001E
000D
0011
0025
0055
0059
005C
0058
0056
0058
005D
0057
0000
0000
0000
0000
0000
0000
0000
0000
0003
0002
0001
0002
0003
0002
0001
0001
