(128, 1)
0007
0005
0004
0008
0008
0005
0003
0008
0000
0000
0000
0000
0001
0000
0000
0000
004F
004F
004A
004A
004D
004F
004A
004A
0005
0006
0016
0013
0005
0007
0016
0013
000E
000B
0004
0008
000E
000A
0004
0008
0000
0000
0000
0000
0000
0000
0000
0000
0000
0000
0000
0000
0000
0000
0000
0000
0001
0000
0001
0002
0001
0000
0001
0002
000B
000C
0009
0008
000B
000D
0009
0008
004A
0047
0042
0046
004A
0047
0042
0047
0000
0000
0000
0000
0000
0000
0000
0000
0033
0027
0026
0031
0034
0027
0026
0031
0023
0010
000D
0022
0023
0011
000D
0022
0031
0034
003D
003A
0030
0035
003D
003A
0000
0000
0000
0000
0000
0000
0000
0000
0009
0006
0002
0003
0008
0006
0002
0003
