(128, 1)
0012
0013
0012
0012
0012
0012
0011
0012
0007
0007
0007
0007
0007
0007
0007
0007
0023
0024
0023
0023
0024
0023
0023
0023
0010
0011
0011
0010
0010
0010
0011
0010
0013
0012
0012
0012
0013
0012
0011
0012
0004
0004
0004
0004
0004
0004
0004
0004
0003
0003
0003
0003
0003
0003
0003
0003
0008
0008
0008
0008
0008
0008
0008
0008
0014
0013
0014
0014
0014
0014
0014
0014
001F
001F
001F
0020
001F
001F
001F
001F
0005
0005
0005
0006
0005
0005
0005
0005
001C
001C
001C
001C
001C
001C
001C
001C
001B
001B
001B
001C
001C
001B
001B
001C
001C
001D
001D
001D
001C
001E
001D
001E
0007
0007
0007
0007
0007
0007
0007
0007
0013
0013
0012
0013
0013
0013
0012
0013
