(128, 1)
0009
0006
0003
0006
0009
0006
0003
0006
0000
0001
0000
0000
0000
0001
0000
0000
004D
0052
004A
004A
004D
0052
004A
004A
0008
0003
0010
0019
0007
0004
0011
0019
000B
0010
0004
0005
000B
0011
0003
0005
0000
0000
0000
0000
0000
0000
0000
0000
0000
0000
0000
0000
0000
0000
0000
0000
0003
0000
0001
0002
0003
0000
0001
0001
0009
000D
0009
0009
0008
000E
0009
0008
004A
0047
0046
0041
004A
0047
0046
0042
0000
0000
0000
0000
0000
0000
0000
0000
0035
002D
0022
002D
0035
002C
0025
002D
0025
001B
0009
001B
0025
001B
0009
0019
0033
0033
0037
003E
0033
0034
003A
003E
0000
0000
0000
0000
0000
0000
0000
0000
0006
0009
0003
0001
0006
0009
0003
0001
