(128, 1)
0004
0008
0006
0005
0004
0009
0007
0004
0000
0000
0001
0000
0000
0000
0001
0000
004A
004C
004F
004D
004A
004C
004F
004D
0016
0010
0004
0009
0019
0012
0004
0009
0004
0008
000F
0009
0003
0009
000F
000A
0000
0000
0000
0000
0000
0000
0000
0000
0000
0000
0000
0000
0000
0000
0000
0000
0001
0002
0001
0000
0001
0002
0001
0000
0009
0007
000C
000B
0009
0008
000C
000B
0041
0047
004A
0046
0042
0046
0047
0047
0000
0000
0000
0000
0000
0000
0000
0000
0026
0031
0031
0025
0027
0030
0033
0026
000D
0023
0023
000F
000E
0023
0022
0010
003D
003A
002D
0035
003B
003A
0030
0035
0000
0000
0000
0000
0000
0000
0000
0000
0002
0003
0009
0006
0002
0004
0009
0006
