(128, 1)
0029
0031
002B
0024
0028
0031
0029
0024
000D
0013
001A
0011
000D
0013
001A
0010
0069
006D
0072
006A
006A
006C
0072
006A
0042
0032
0024
0037
0044
0030
0023
0038
0027
0032
003A
0028
0028
0032
003A
0027
0009
0007
0009
0009
0009
0007
0009
0009
0003
0003
0004
0002
0003
0003
0004
0002
001F
0022
0019
0019
001D
0024
0017
0019
0030
0030
0038
0030
002F
002D
0036
0030
0062
006A
0068
0066
0063
0069
0068
0066
0009
0009
0008
0009
0008
0009
0008
0009
0051
0059
0051
004A
0051
0059
0051
0049
003F
004C
0044
002F
0040
004C
0044
0031
0061
0056
0055
005B
005F
0056
0054
005A
0007
0007
000A
0007
0007
0007
000A
0008
001C
002A
002F
0024
001C
002B
002E
0024
