(128, 1)
0005
0006
0005
0006
0004
0005
0004
0006
0000
0000
0000
0000
0000
0000
0000
0000
004A
004A
004C
004A
004D
004A
004A
004C
000D
000D
0010
000D
000D
000D
0010
000C
000B
000A
0009
000B
000A
000B
0009
000B
0000
0000
0000
0000
0000
0000
0000
0000
0000
0000
0000
0000
0000
0000
0000
0000
0001
0001
0001
0001
0001
0001
0001
0001
0009
0009
0009
0009
0008
0009
0008
0008
0044
0044
0044
0044
0044
0044
0044
0042
0000
0000
0000
0000
0000
0000
0000
0000
0029
0029
0027
002C
0029
002A
0026
002A
0016
0016
0015
0018
0018
0016
0015
0019
0035
0037
0037
003A
0034
0037
0037
0037
0000
0000
0000
0000
0000
0000
0000
0000
0006
0005
0004
0005
0005
0006
0004
0005
