(128, 1)
0033
002C
0031
0036
0031
002E
002C
0031
0008
0007
0007
0008
000A
0008
0006
0007
00F7
00F7
00F6
00F6
00F7
00F7
00F5
00F7
0044
0052
0064
005C
0048
0052
006C
005C
004E
0041
0039
0048
0048
0048
0039
004B
0001
0001
0001
0001
0001
0001
0001
0001
0000
0000
0000
0000
0000
0000
0000
0000
0011
0010
0014
0015
0011
000F
0013
0015
004B
0044
0041
0044
0044
0044
0044
0039
00EF
00F0
00EC
00EE
00EF
00EF
00EE
00ED
0001
0001
0001
0001
0001
0001
0002
0002
00C3
00B6
00B3
00C0
00C0
00B6
00BA
00BD
0082
0070
0078
0092
0086
0074
0078
0096
00D4
00D4
00D7
00D7
00D2
00D7
00DC
00D4
0001
0001
0001
0001
0001
0001
0001
0001
0033
0031
0027
002C
0036
0033
002A
002C
