(128, 1)
0005
0004
0009
0007
0004
0004
0007
0007
0000
0000
0000
0001
0000
0000
0000
0000
004D
004A
004C
004D
004F
004A
004C
004F
0006
0018
0013
0005
0009
0015
0012
0005
000B
0004
0008
000D
000B
0004
0008
000D
0000
0000
0000
0000
0000
0000
0000
0000
0000
0000
0000
0000
0000
0000
0000
0000
0000
0001
0003
0001
0000
0001
0002
0001
000B
0009
0009
000B
000B
0009
0007
000B
0044
0044
0044
004A
0047
0044
0044
004A
0000
0000
0000
0000
0000
0000
0000
0000
0027
0027
002D
0034
0029
0027
002F
0033
0011
000D
001F
0020
0013
000D
0020
0023
0037
003A
003B
0031
0034
003B
003A
002F
0000
0000
0000
0000
0000
0000
0000
0000
0007
0002
0003
0007
0006
0002
0003
0008
