(128, 1)
0011
0010
000E
000D
0011
0010
000D
000D
0006
0009
0006
0004
0006
0009
0006
0004
0026
0028
0027
0026
0027
0028
0027
0026
0015
000D
0010
0018
0015
000C
0011
0018
0011
0014
0011
000D
0011
0015
0010
000C
0002
0002
0003
0003
0002
0002
0003
0003
0001
0001
0001
0001
0001
0001
0001
0000
000D
0009
0008
000A
000C
0009
0007
000A
0010
0013
0012
0011
000F
0013
0012
0011
0025
0026
0024
0023
0025
0026
0025
0023
0003
0003
0002
0002
0003
0003
0002
0002
001F
001F
001A
001B
001E
001F
001A
001B
001B
001B
0012
0013
001B
001B
0013
0014
0021
001D
001F
0022
0020
001D
001F
0022
0002
0003
0003
0002
0002
0003
0003
0002
000D
0012
000F
000A
000D
0011
000F
000A
