(128, 1)
000F
000F
000F
000F
000F
000F
000F
000F
0006
0006
0006
0006
0006
0006
0006
0006
0027
0027
0027
0027
0027
0027
0027
0027
0010
0012
0012
0011
0010
0012
0012
0011
0010
000F
000F
0010
0010
000F
000F
0010
0003
0003
0003
0003
0003
0003
0003
0003
0002
0002
0002
0002
0002
0002
0002
0002
000A
0009
0009
000A
0009
0009
000A
000A
0016
0015
0015
0015
0016
0015
0015
0014
0023
0023
0023
0024
0023
0023
0023
0024
0003
0003
0004
0004
0004
0003
0004
0004
001E
001E
001E
001E
001E
001E
001F
001F
0017
0016
0017
0017
0017
0016
0017
0017
0022
0022
0022
0021
0022
0022
0022
0022
0004
0004
0004
0004
0004
0004
0004
0004
000F
000F
000E
0010
000F
000F
000E
000F
