(128, 1)
000D
000E
0011
000E
000D
000F
000F
000E
0006
0005
0007
0008
0006
0005
0007
0008
0026
0026
0027
0028
0026
0026
0027
0028
0014
0017
0011
000E
0015
0016
0011
000D
000E
000E
0012
0014
000E
000E
0012
0014
0003
0003
0002
0003
0003
0003
0002
0003
0000
0001
0001
0001
0000
0001
0001
0001
0009
000B
000C
0009
0008
000B
000B
0009
0011
0011
0011
0012
0011
0010
0011
0013
0024
0024
0025
0025
0024
0023
0025
0025
0003
0003
0003
0003
0002
0003
0003
0003
001A
001D
001E
001D
001B
001D
001F
001D
0012
0017
001A
0017
0012
0017
001A
0017
0021
0022
001F
001F
0021
0022
001F
001F
0002
0002
0002
0003
0002
0002
0002
0003
000D
000B
000F
0010
000D
000B
000E
0010
