(128, 1)
0001
0003
0004
0002
0001
0003
0003
0002
0000
0000
0000
0000
0000
0000
0000
0000
0068
0069
006D
006D
0069
0068
006D
006E
0010
0014
0004
0002
0013
0012
0004
0001
0002
0003
0009
0009
0001
0002
0007
0009
0000
0000
0000
0000
0000
0000
0000
0000
0000
0000
0000
0000
0000
0000
0000
0000
0000
0000
0000
0000
0000
0000
0000
0000
0004
0004
0005
0007
0004
0003
0005
0007
0063
0063
0067
0067
0064
0063
0068
0066
0000
0000
0000
0000
0000
0000
0000
0000
0032
0052
0054
004B
0034
0053
0054
0046
0008
001F
002C
0013
0009
001E
002D
0016
005B
005C
0055
0057
005A
005D
0053
0056
0000
0000
0000
0000
0000
0000
0000
0000
0001
0000
0003
0003
0001
0000
0003
0003
