(128, 1)
0005
0006
0005
0006
0005
0006
0004
0007
0000
0000
0000
0000
0000
0000
0000
0000
004D
004C
004A
004A
004D
004A
004A
004C
000D
000D
000F
000D
000D
000D
000F
000E
000A
0009
0009
0009
000B
0009
0009
000B
0000
0000
0000
0000
0000
0000
0000
0000
0000
0000
0000
0000
0000
0000
0000
0000
0001
0001
0001
0001
0001
0001
0001
0001
0008
0009
0008
0008
0009
0009
0007
0008
0044
0044
0044
0044
0044
0044
0044
0044
0000
0000
0000
0000
0000
0000
0000
0000
0029
0029
0027
002C
002C
0029
0029
002C
0016
0016
0016
0019
0018
0016
0016
0019
0034
0034
0035
0035
0034
0035
0035
0037
0000
0000
0000
0000
0000
0000
0000
0000
0006
0005
0005
0005
0006
0006
0005
0005
