(128, 1)
0004
0007
0009
0005
0003
0008
0007
0005
0000
0000
0000
0000
0000
0000
0000
0000
004A
004A
004D
004D
004A
004A
004D
004F
0013
0016
0008
0005
0016
0014
0008
0005
0005
0007
000D
000D
0005
0006
000C
000D
0000
0000
0000
0000
0000
0000
0000
0000
0000
0000
0000
0000
0000
0000
0000
0000
0001
0002
0002
0000
0001
0002
0002
0001
0008
0009
000A
000C
0008
0008
0009
000B
0042
0044
0047
0047
0044
0044
004A
0047
0000
0000
0000
0000
0000
0000
0000
0000
0025
0030
0031
002D
0025
0030
0031
002A
000C
001C
0022
0014
000D
001B
0022
0016
003A
003B
0034
0034
003A
003D
0031
0034
0000
0000
0000
0000
0000
0000
0000
0000
0003
0002
0006
0007
0003
0003
0006
0007
