(128, 1)
000E
000D
000E
000D
000D
000E
000D
000E
0006
0006
0006
0006
0007
0006
0006
0006
0027
0027
0027
0027
0027
0026
0027
0027
0012
0013
0013
0011
0012
0012
0013
0012
0011
0010
0010
0011
0011
000F
0010
0011
0002
0002
0002
0002
0002
0002
0002
0002
0001
0001
0001
0001
0001
0001
0001
0001
0009
0009
0009
0009
0009
0009
0009
0009
0012
0012
0012
0012
0012
0012
0011
0012
0024
0024
0024
0025
0024
0024
0024
0024
0003
0003
0003
0003
0003
0003
0003
0003
001C
001C
001C
001D
001C
001C
001C
001D
0016
0015
0016
0016
0016
0015
0016
0016
0021
0021
0022
0021
0022
0022
0021
0021
0002
0002
0002
0002
0002
0002
0002
0002
000E
000D
000D
000E
000E
000D
000D
000E
