(128, 1)
0006
0004
0005
0007
0006
0004
0005
0009
0001
0000
0000
0000
0001
0000
0000
0000
004D
004C
004A
004C
0050
004A
004A
004D
0005
000D
0018
000B
0005
000C
0016
000C
000F
0006
0005
000B
000F
0007
0005
000B
0000
0000
0000
0000
0000
0000
0000
0000
0000
0000
0000
0000
0000
0000
0000
0000
0001
0001
0002
0002
0001
0001
0001
0002
000C
0009
0009
0008
000B
000A
0008
0007
0047
0044
0042
0047
0047
0046
0042
0047
0000
0000
0000
0000
0000
0000
0000
0000
002D
0026
002A
0033
002D
0027
0029
0033
001C
000E
0014
0022
001F
000D
0015
0022
0033
0037
003E
0035
0033
0037
003D
0035
0000
0000
0000
0000
0000
0000
0000
0000
0009
0004
0002
0005
0007
0005
0002
0005
