(128, 1)
0001
0002
0001
0002
0001
0002
0001
0002
0000
0000
0000
0000
0000
0000
0000
0000
006C
006C
006B
006B
006B
006D
0069
006C
0008
0008
000A
000A
0008
0008
000B
0009
0006
0005
0003
0005
0005
0006
0003
0005
0000
0000
0000
0000
0000
0000
0000
0000
0000
0000
0000
0000
0000
0000
0000
0000
0000
0000
0000
0000
0000
0000
0000
0000
0004
0004
0004
0004
0004
0005
0004
0004
0064
0064
0064
0063
0064
0063
0064
0063
0000
0000
0000
0000
0000
0000
0000
0000
0042
0041
003A
0048
0044
0041
003E
0047
0016
0014
0013
001B
0018
0014
0014
001D
0055
0058
0055
0059
0055
0057
0059
0057
0000
0000
0000
0000
0000
0000
0000
0000
0002
0002
0001
0002
0002
0002
0001
0001
