(128, 1)
002B
0026
0029
002E
002A
0025
0029
002E
0017
0011
000E
0014
0018
0012
000E
0014
006F
006C
006A
006C
006F
006B
006A
006C
0028
0037
003F
0033
0029
0036
003F
0034
0038
002B
0029
0031
0037
0029
0029
0031
0009
0009
0009
0008
0009
0009
0009
0008
0004
0003
0003
0003
0004
0002
0003
0003
0019
0019
001E
0020
0019
0019
001D
0020
0034
0031
002E
002E
0034
0030
002E
002E
0067
0066
0062
0068
0068
0066
0064
0068
0009
0008
0009
000A
0009
0009
0009
0009
0052
004C
0050
0056
0053
004C
0050
0056
0043
0035
003F
0049
0044
0035
003E
004A
0056
0059
005F
0058
0056
005A
005F
0057
0009
0007
0007
0007
0009
0008
0007
0008
002E
0026
0020
0029
002E
0028
0020
0029
