(128, 1)
0001
0001
0004
0002
0001
0002
0005
0002
0000
0000
0000
0000
0000
0000
0000
0000
006B
0069
006C
006F
0069
006A
006C
0070
0009
0017
0006
0001
000A
0019
0006
0001
0002
0001
0006
000C
0001
0001
0006
000C
0000
0000
0000
0000
0000
0000
0000
0000
0000
0000
0000
0000
0000
0000
0000
0000
0000
0000
0000
0000
0000
0000
0000
0000
0005
0004
0003
0009
0005
0004
0004
0009
0064
0063
0067
0066
0064
0062
0067
0068
0000
0000
0000
0000
0000
0000
0000
0000
002E
004A
0055
004F
0033
0046
0056
0050
0007
0017
0033
001E
0005
0017
0034
0021
0059
005D
0055
0053
005A
005E
0057
0054
0000
0000
0000
0000
0000
0000
0000
0000
0001
0000
0002
0004
0001
0000
0002
0005
