(128, 1)
0004
0005
0008
0007
0004
0005
0009
0005
0000
0000
0000
0001
0000
0000
0000
0001
004C
004A
004D
0050
004A
004C
004D
0052
000D
0016
0009
0005
0010
0019
0009
0004
0005
0005
000B
0010
0004
0005
000A
0010
0000
0000
0000
0000
0000
0000
0000
0000
0000
0000
0000
0000
0000
0000
0000
0000
0001
0001
0002
0001
0001
0001
0002
0000
000A
0008
0007
000D
0009
0009
0009
000D
0046
0044
004A
0046
0044
0041
004A
004A
0000
0000
0000
0000
0000
0000
0000
0000
0023
002A
0034
002C
0026
0029
0037
002D
000B
0018
0025
001B
000A
0019
0025
001C
003A
003E
0031
0031
003A
003E
0035
0031
0000
0000
0000
0000
0000
0000
0000
0000
0003
0002
0006
0008
0004
0002
0006
0009
