(128, 1)
0005
0005
0006
0005
0006
0005
0004
0005
0000
0000
0000
0000
0000
0000
0000
0000
0053
0056
0055
0053
0053
004C
004D
0051
0004
0005
0006
0004
0004
0004
0005
0005
000D
000C
000C
000B
000D
000A
000B
000B
0000
0000
0000
0000
0000
0000
0000
0000
0000
0000
0000
0000
0000
0000
0000
0000
0000
0000
0000
0000
0000
0000
0000
0000
0003
0003
0003
0003
0003
0003
0003
0002
0020
0022
0020
0025
0024
0021
0020
0023
0000
0000
0000
0000
0000
0000
0000
0000
001D
001C
001C
0020
001C
001C
001C
001D
0021
001F
0021
0024
0024
001F
0021
0023
001F
001F
0020
0022
0023
0024
0023
0020
0000
0000
0000
0000
0000
0000
0000
0000
0007
0007
0006
0006
0007
0007
0006
0007
