(128, 1)
0004
0007
0006
0005
0004
0007
0007
0004
0000
0000
0000
0000
0000
0000
0000
0000
004A
004A
004D
004D
0047
004D
004D
004D
0016
0011
0005
0008
0016
0014
0005
0009
0004
0008
000E
000B
0003
0009
000E
000B
0000
0000
0000
0000
0000
0000
0000
0000
0000
0000
0000
0000
0000
0000
0000
0000
0001
0002
0001
0000
0001
0002
0001
0000
0009
0007
000A
000C
0009
0007
000C
000B
0042
0046
004A
0044
0042
0044
004A
0047
0000
0000
0000
0000
0000
0000
0000
0000
0025
0030
0033
0027
0029
002F
0034
0027
000E
0022
0022
0011
000D
0022
0023
0012
003B
003A
002F
0035
003B
003A
0033
0034
0000
0000
0000
0000
0000
0000
0000
0000
0002
0003
0009
0007
0002
0003
0008
0007
