(128, 1)
0006
0005
0006
0006
0005
0005
0005
0006
0000
0000
0000
0000
0000
0000
0000
0000
004D
004D
004C
004A
004D
004D
004A
004C
0009
000D
0010
000D
000B
000B
0010
000E
000B
0008
0009
0009
000B
0008
0008
000A
0000
0000
0000
0000
0000
0000
0000
0000
0000
0000
0000
0000
0000
0000
0000
0000
0001
0001
0001
0001
0001
0001
0001
0001
0009
000A
0009
0009
000A
0009
0007
0008
0044
0047
0042
0047
0046
0046
0044
0044
0000
0000
0000
0000
0000
0000
0000
0000
002D
002A
0027
002F
002D
0029
0029
002C
0018
0013
0016
0019
001B
0014
0016
001C
0035
0035
003A
0035
0035
0037
003A
0034
0000
0000
0000
0000
0000
0000
0000
0000
0006
0005
0004
0005
0006
0005
0004
0005
