(128, 1)
000B
0007
0004
0004
000B
0007
0004
0004
0000
0001
0000
0000
0000
0001
0000
0000
004D
0052
004D
004A
004A
0052
004D
0047
000F
0003
0009
001E
000F
0003
0009
001E
0009
0011
0007
0003
0009
0011
0008
0003
0000
0000
0000
0000
0000
0000
0000
0000
0000
0000
0000
0000
0000
0000
0000
0000
0003
0001
0000
0001
0003
0001
0000
0001
0007
000D
000B
0009
0007
000E
000B
0009
0047
004A
0046
0040
0047
004A
0046
0040
0000
0000
0000
0000
0000
0000
0000
0000
0034
0033
0022
0029
0034
0034
0022
0027
0027
0025
000D
000E
0026
0026
000B
000F
003A
002D
0034
003E
0037
002C
0037
003E
0000
0000
0000
0000
0000
0000
0000
0000
0004
000B
0005
0001
0004
000A
0006
0001
