(128, 1)
0002
0001
0002
0004
0002
0001
0001
0004
0000
0000
0000
0000
0000
0000
0000
0000
006E
006B
0069
006B
006F
0069
0069
006B
0002
0009
0015
0007
0002
0009
0014
0008
000A
0002
0002
0006
000A
0002
0002
0006
0000
0000
0000
0000
0000
0000
0000
0000
0000
0000
0000
0000
0000
0000
0000
0000
0000
0000
0000
0000
0000
0000
0000
0000
0007
0005
0004
0004
0007
0005
0004
0003
0066
0064
0062
0067
0067
0065
0062
0067
0000
0000
0000
0000
0000
0000
0000
0000
0050
0035
0046
0055
0051
0039
0043
0055
0020
0009
0012
002A
0022
0009
0012
002D
0055
0057
005E
0058
0055
0059
005C
0057
0000
0000
0000
0000
0000
0000
0000
0000
0004
0001
0000
0002
0003
0001
0000
0001
