(128, 1)
0033
002C
0028
0024
0032
002D
0025
0025
0011
001A
0013
000B
0012
001B
0013
000B
006B
0071
006E
0068
006C
0071
006E
0069
0038
0023
0030
0045
003A
0020
0030
0045
002F
003B
002D
0021
0030
0039
002D
0022
0008
0009
0009
0009
0008
0008
0009
0009
0003
0004
0003
0002
0003
0004
0003
0003
0024
001A
0017
001C
0024
001B
0016
001D
002C
0038
0033
0030
002C
0037
0031
002F
0067
006A
0064
0062
0067
006A
0066
0060
0009
0008
0008
0008
0009
0009
0008
0008
0056
0056
0048
004F
0056
0057
0048
004D
004C
004C
0033
0036
004E
004B
0033
0038
005B
0050
005A
0060
005B
0050
0058
005F
0007
000A
0009
0007
0007
000A
0009
0007
0027
0032
0029
001B
0026
0033
0029
0019
