(128, 1)
0003
0003
0002
0001
0003
0004
0002
0001
0000
0000
0000
0000
0000
0000
0000
0000
0069
006D
006E
0068
0069
006D
006E
0069
0014
0003
0001
0010
0015
0003
0001
0012
0002
0008
000A
0001
0002
0008
000A
0001
0000
0000
0000
0000
0000
0000
0000
0000
0000
0000
0000
0000
0000
0000
0000
0000
0000
0000
0000
0000
0000
0000
0000
0000
0004
0004
0008
0005
0004
0004
0009
0004
0063
0068
0066
0063
0063
0068
0067
0063
0000
0000
0000
0000
0000
0000
0000
0000
0051
0055
0049
0034
0050
0055
004E
002F
001C
002F
0019
0006
001D
0032
0018
0006
005E
0054
0055
005A
005E
0055
0056
005A
0000
0000
0000
0000
0000
0000
0000
0000
0000
0003
0003
0001
0000
0003
0003
0001
