(128, 1)
0012
0010
000D
0010
0012
0010
000E
0010
0008
000A
0006
0005
0008
000A
0006
0005
0028
002A
0027
0027
0028
002A
0027
0027
0011
000D
0015
0018
0011
000E
0016
0018
0013
0015
000E
000F
0013
0016
000E
000F
0003
0004
0004
0004
0003
0004
0003
0004
0002
0002
0001
0002
0002
0002
0001
0002
000D
0009
000A
000C
000D
0009
000A
000B
0012
0014
0012
0012
0011
0014
0012
0011
0027
0026
0026
0024
0027
0026
0026
0024
0004
0003
0003
0004
0004
0003
0003
0004
0020
001E
001B
001E
0020
001E
001C
001E
001C
0019
0012
0019
001C
0019
0012
0018
0020
0020
0021
0023
0020
0020
0022
0023
0003
0004
0003
0003
0003
0004
0003
0003
0010
0012
000E
000B
0010
0012
000D
000B
