(128, 1)
000D
0011
0010
000E
000D
0011
000F
000D
0004
0006
0009
0006
0004
0006
0009
0006
0026
0027
0028
0027
0025
0027
0028
0027
0017
0014
000D
0010
0018
0014
000D
0011
000D
0011
0014
0010
000D
0010
0014
0010
0003
0002
0003
0003
0003
0002
0002
0003
0000
0001
0001
0001
0000
0001
0001
0001
000A
000C
0009
0008
000A
000C
0009
0007
0010
0010
0013
0012
0011
0010
0013
0012
0023
0025
0026
0025
0023
0025
0026
0025
0002
0003
0003
0002
0003
0003
0003
0003
001B
001F
001E
001A
001C
001E
001F
001A
0014
001A
001A
0012
0013
001B
001A
0013
0022
0020
001E
001F
0022
0020
001E
001F
0002
0002
0003
0003
0002
0002
0003
0003
000A
000D
0011
000E
000A
000D
0011
000F
