(128, 1)
000F
000F
0010
0011
000F
000F
000F
0011
000A
0006
0006
0008
000A
0006
0006
0008
0028
0027
0027
0028
0029
0027
0027
0028
0010
0016
0017
0012
0010
0014
0017
0012
0014
000F
0010
0013
0015
000F
0010
0013
0004
0004
0004
0003
0004
0004
0004
0003
0002
0001
0002
0002
0002
0002
0002
0002
000A
000A
000C
000C
0009
000A
000C
000C
0013
0012
0012
0012
0013
0012
0011
0012
0026
0025
0024
0027
0026
0026
0024
0026
0004
0003
0004
0004
0004
0004
0004
0004
001E
001C
001D
0020
001E
001D
001D
0020
0018
0014
0017
001A
0019
0014
0018
001B
0020
0021
0023
0020
0020
0022
0022
0020
0004
0003
0003
0003
0004
0003
0003
0003
0011
000E
000C
000F
0011
000E
000C
000F
