(128, 1)
0001
0006
0003
0001
0001
0006
0002
0001
0000
0000
0000
0000
0000
0000
0000
0000
0068
006B
0070
006B
0068
006A
0070
006B
001E
0009
0001
0006
0021
0009
0000
0006
0001
0005
000E
0002
0001
0005
000D
0002
0000
0000
0000
0000
0000
0000
0000
0000
0000
0000
0000
0000
0000
0000
0000
0000
0000
0000
0000
0000
0000
0000
0000
0000
0004
0004
000A
0007
0004
0003
0009
0006
005F
0068
0068
0065
0061
0067
0068
0065
0000
0000
0000
0000
0000
0000
0000
0000
003C
0057
0053
002F
0041
0057
0053
002D
000C
0037
002D
0006
000D
003A
002F
0007
0060
0057
0051
0059
005E
0059
004D
0058
0000
0000
0000
0000
0000
0000
0000
0000
0000
0001
0005
0001
0000
0001
0004
0002
