(128, 1)
000E
0012
0011
000E
000E
0012
0010
000E
0005
0007
000A
0007
0006
0007
000A
0007
0027
0027
0029
0028
0027
0027
002A
0028
0019
0015
000E
0011
001A
0015
000E
0013
000E
0012
0015
0011
000E
0012
0016
0011
0004
0003
0003
0004
0004
0003
0003
0004
0002
0002
0002
0002
0001
0002
0002
0002
000B
000D
000A
0009
000A
000D
000A
0009
0011
0011
0014
0013
0012
0010
0013
0013
0023
0026
0027
0026
0024
0026
0027
0026
0004
0004
0004
0004
0003
0004
0004
0003
001C
0020
001F
001C
001C
0020
001F
001B
0015
001C
001B
0013
0016
001C
001B
0014
0023
0021
001F
0020
0023
0022
001E
0020
0003
0003
0004
0003
0003
0003
0004
0004
000B
000E
0012
000F
000B
000E
0012
0010
