(128, 1)
002A
0026
0029
002D
002A
0026
0028
002F
0019
0012
000E
0015
0019
0011
000F
0013
006E
006C
006A
006C
0070
006A
006A
006D
0029
0035
0040
0033
0029
0034
003F
0034
0038
002B
0029
0032
0038
002C
0029
0032
0008
0009
0009
0008
0008
0009
0009
0008
0004
0003
0003
0003
0004
0003
0003
0003
0019
0019
001F
0021
0019
0019
001E
0021
0034
0030
0030
002E
0033
0031
002E
002D
0067
0065
0063
0068
0068
0066
0063
0068
0009
0009
0009
000A
0009
0009
0009
000A
0052
004C
004F
0056
0052
004D
004E
0056
0044
0037
003D
0049
0046
0035
003E
0049
0056
0059
005F
0058
0056
005A
005E
0058
0009
0008
0007
0007
0009
0008
0007
0007
002F
0026
0021
0028
002D
0029
0020
0028
