(128, 1)
000E
0012
0010
000E
000E
0012
0010
000E
0004
0007
000A
0007
0005
0007
000A
0007
0027
0028
0029
0028
0026
0028
0029
0028
0019
0014
000D
0013
0019
0015
000D
0013
000E
0012
0016
0011
000D
0012
0015
0010
0004
0003
0004
0004
0004
0003
0003
0004
0001
0002
0002
0002
0002
0002
0002
0001
000B
000D
000A
0009
000B
000D
000A
0008
0012
0011
0014
0013
0012
0010
0015
0012
0024
0026
0027
0025
0023
0026
0027
0026
0003
0004
0003
0003
0003
0004
0004
0003
001C
0020
0020
001B
001E
001F
0020
001B
0015
001C
001B
0013
0015
001D
001C
0013
0023
0021
001E
0020
0023
0021
001E
0020
0003
0003
0004
0004
0003
0003
0004
0003
000B
000F
0012
000F
000A
000F
0012
000F
