(128, 1)
002A
0026
002B
002D
0029
0027
0029
002F
0018
0011
000F
0015
0019
0010
0010
0014
006E
006A
006B
006C
006F
0069
006B
006D
0029
003A
003F
0030
002A
0037
003F
0031
0037
0029
002B
0032
0039
0029
002A
0032
0009
0009
0009
0008
0009
0009
0009
0008
0004
0002
0003
0003
0003
0003
0003
0004
0019
0019
0021
0020
0019
0019
001E
0020
0033
0031
0030
002F
0033
0030
002C
002E
0066
0065
0063
006A
0068
0066
0063
0068
0009
0008
0009
000A
0009
0009
0009
000A
0051
004D
0050
0056
0051
004E
004F
0056
0042
0035
003F
0048
0043
0034
003F
004A
0057
005A
005F
0058
0056
005B
005D
0056
0009
0007
0007
0007
0009
0008
0007
0008
002E
0025
0020
0029
002D
0026
0020
0029
