(128, 1)
0002
0001
0004
0003
0001
0001
0003
0003
0000
0000
0000
0000
0000
0000
0000
0000
006D
0068
0069
006D
006D
0068
0069
006E
0003
0016
0010
0002
0004
0014
000F
0002
0006
0001
0003
0009
0006
0001
0003
000A
0000
0000
0000
0000
0000
0000
0000
0000
0000
0000
0000
0000
0000
0000
0000
0000
0000
0000
0000
0000
0000
0000
0000
0000
0007
0004
0004
0006
0007
0004
0003
0006
0065
0062
0065
0068
0066
0063
0065
0068
0000
0000
0000
0000
0000
0000
0000
0000
0039
003A
0052
0054
003C
0039
0052
0055
000D
000A
0025
002B
000E
0009
0027
002E
0056
005C
005A
0053
0056
005C
005B
0053
0000
0000
0000
0000
0000
0000
0000
0000
0002
0000
0000
0004
0003
0000
0000
0004
