(128, 1)
0002
0001
0002
0003
0002
0001
0001
0004
0000
0000
0000
0000
0000
0000
0000
0000
006D
006B
0069
006B
006D
006C
0069
006B
0003
0007
0012
0009
0002
0007
0013
0009
0008
0003
0002
0006
0009
0004
0002
0006
0000
0000
0000
0000
0000
0000
0000
0000
0000
0000
0000
0000
0000
0000
0000
0000
0000
0000
0000
0000
0000
0000
0000
0000
0006
0005
0004
0004
0006
0006
0004
0003
0066
0065
0063
0065
0067
0064
0063
0065
0000
0000
0000
0000
0000
0000
0000
0000
0052
003C
003E
0053
0052
003D
0042
0052
001E
000B
000F
0026
0021
000C
0011
002A
0055
0059
005B
0059
0055
0058
005C
0058
0000
0000
0000
0000
0000
0000
0000
0000
0003
0002
0001
0002
0003
0002
0001
0001
