(128, 1)
000E
000D
0011
000F
000E
000D
000F
0010
0007
0005
0005
0008
0008
0005
0005
0008
0027
0026
0026
0027
0028
0026
0026
0027
000E
0016
0016
000F
000F
0016
0016
0010
0013
000D
000F
0013
0013
000D
000F
0012
0003
0003
0003
0002
0003
0003
0003
0002
0001
0000
0001
0001
0001
0000
0001
0001
0008
0009
000C
000B
0008
0009
000B
000B
0012
0011
0011
0011
0012
0011
0010
0011
0025
0024
0024
0026
0025
0024
0024
0026
0003
0002
0003
0003
0003
0002
0003
0003
001C
001B
001D
001F
001C
001B
001E
001F
0016
0013
0019
001A
0016
0012
0019
001B
001F
0020
0022
001E
001F
0021
0021
001E
0003
0002
0002
0002
0003
0002
0002
0003
000F
000B
000C
000F
000F
000D
000B
000F
