(128, 1)
000E
000D
0010
000F
0010
000E
000D
000E
0001
0001
0001
0001
0001
0001
0001
0001
0078
007A
0078
0077
0075
0071
006F
0074
000E
000F
0010
000E
000E
000E
000F
0010
001F
001E
001D
001C
001F
001A
001C
001C
0000
0000
0000
0000
0000
0000
0000
0000
0000
0000
0000
0000
0000
0000
0000
0000
0000
0000
0000
0000
0000
0000
0000
0000
0008
0009
0009
0009
000A
0009
0009
0007
0036
003A
0037
003A
003C
0038
0036
003B
0000
0000
0000
0000
0000
0000
0000
0000
0034
0033
0034
0038
0035
0033
0035
0035
003A
0036
003B
003F
003D
0038
003A
003D
0037
0039
0039
003C
003D
003E
003F
0039
0001
0000
0000
0000
0000
0001
0000
0001
0012
0012
0010
0011
0012
0011
0011
0012
