(128, 1)
0006
0005
0005
0006
0005
0005
0005
0005
0000
0000
0000
0000
0000
0000
0000
0000
004D
004D
004A
004A
004D
004D
004A
004D
0009
000C
0010
000E
000A
000C
0012
000E
000B
0009
0007
000A
000A
000A
0007
000B
0000
0000
0000
0000
0000
0000
0000
0000
0000
0000
0000
0000
0000
0000
0000
0000
0001
0001
0001
0001
0001
0001
0001
0001
000B
0009
0009
0009
0009
0009
0009
0007
0046
0047
0044
0044
0046
0046
0044
0044
0000
0000
0000
0000
0000
0000
0000
0000
002D
0029
0027
002D
002D
0029
002A
002C
0018
0013
0015
001C
0019
0014
0015
001E
0035
0035
0037
0037
0034
0037
003A
0035
0000
0000
0000
0000
0000
0000
0000
0000
0006
0005
0004
0005
0006
0006
0004
0005
