(128, 1)
0006
0004
0006
0007
0005
0005
0005
0007
0000
0000
0000
0000
0000
0000
0000
0000
004D
004D
004C
004D
004D
004D
004A
004D
0007
000D
0012
000D
0009
000C
0014
000D
000D
0008
0006
000A
000C
0008
0005
000B
0000
0000
0000
0000
0000
0000
0000
0000
0000
0000
0000
0000
0000
0000
0000
0000
0001
0001
0002
0002
0001
0000
0001
0002
000B
0009
0009
0008
0009
0009
0009
0007
0046
0047
0044
0047
0047
0044
0044
0046
0000
0000
0000
0000
0000
0000
0000
0000
002F
0029
0029
0030
002D
002A
002C
002D
001B
0010
0014
001F
001C
0010
0013
001F
0034
0037
003A
0037
0034
0037
003A
0037
0000
0000
0000
0000
0000
0000
0000
0000
0006
0005
0003
0005
0007
0005
0003
0005
