(128, 1)
0001
0001
0005
0002
0001
0002
0005
0002
0000
0000
0000
0000
0000
0000
0000
0000
006A
0069
006B
006F
0069
006A
006C
0070
000A
0017
0006
0001
000C
0017
0005
0001
0002
0001
0006
000C
0001
0001
0006
000B
0000
0000
0000
0000
0000
0000
0000
0000
0000
0000
0000
0000
0000
0000
0000
0000
0000
0000
0000
0000
0000
0000
0000
0000
0005
0005
0004
0009
0005
0004
0004
0008
0064
0063
0068
0065
0065
0061
0067
0067
0000
0000
0000
0000
0000
0000
0000
0000
002E
004B
0055
0050
0034
0048
0057
004E
0007
0016
0031
001C
0006
0016
0034
0021
005A
005E
0055
0054
0059
005E
0057
0055
0000
0000
0000
0000
0000
0000
0000
0000
0001
0000
0002
0004
0001
0000
0002
0004
