(128, 1)
0026
0033
002A
0025
0026
0033
002A
0025
000C
0012
001A
0011
000C
0012
001B
0010
0069
006C
0072
006B
006A
006C
0072
006B
0043
0033
0022
0035
0045
0032
0022
0036
0025
0031
003B
0029
0025
0033
003A
0028
0009
0007
0009
0009
0009
0008
0009
0009
0003
0003
0004
0002
0003
0003
0004
0002
001D
0023
0019
0019
001D
0024
0018
0019
0030
002F
0039
0030
002F
002D
0038
0030
0062
0069
0069
0066
0063
0069
0069
0066
0008
0009
0008
0009
0008
0009
0008
0009
0050
0059
0052
0049
0051
0059
0053
004A
003E
004D
0046
0030
003F
004C
0047
0031
0060
0058
0054
005B
005F
0057
0053
005B
0007
0007
000A
0007
0007
0007
000A
0008
001B
0029
0030
0024
001B
002A
002F
0025
