(128, 1)
0004
0005
0008
0006
0004
0006
0009
0006
0000
0000
0000
0001
0000
0000
0000
0001
004A
004A
004C
0052
004A
004A
004D
0052
000E
0018
000B
0004
000E
0019
000B
0004
0005
0005
000B
0010
0004
0005
000A
0010
0000
0000
0000
0000
0000
0000
0000
0000
0000
0000
0000
0000
0000
0000
0000
0000
0001
0001
0002
0001
0001
0001
0002
0000
000A
0008
0008
000E
0009
0009
0009
000D
0046
0042
0047
0047
0046
0041
0047
0047
0000
0000
0000
0000
0000
0000
0000
0000
0023
002D
0034
002D
0025
002C
0034
002F
000B
0018
0025
001C
000A
0018
0025
001C
0037
003E
0034
0031
0037
003E
0035
0031
0000
0000
0000
0000
0000
0000
0000
0000
0004
0001
0005
0008
0004
0001
0005
0009
