(128, 1)
000F
000D
000D
0012
0010
000D
000D
0011
0008
0006
0004
0006
0009
0006
0004
0006
0029
0027
0025
0027
0028
0027
0025
0027
000C
0011
0017
0014
000B
0012
0018
0014
0014
000F
000C
0011
0013
000F
000C
0011
0002
0003
0003
0002
0002
0003
0003
0002
0001
0001
0001
0001
0001
0001
0000
0001
0009
0008
0009
000C
0009
0007
000A
000B
0014
0011
0010
0011
0013
0012
0011
000F
0026
0025
0023
0025
0026
0025
0023
0025
0003
0003
0002
0003
0003
0002
0002
0003
001E
0019
001C
001F
001F
0019
001C
001F
001A
0012
0015
001C
001A
0012
0015
001C
001D
001F
0022
0020
001D
0020
0022
001F
0003
0003
0002
0002
0003
0002
0002
0002
0011
000E
000A
000E
0011
000E
000A
000E
