(128, 1)
000B
0007
0004
0003
000B
0007
0003
0004
0000
0001
0000
0000
0000
0001
0000
0000
004A
0052
004D
0047
004D
0050
004D
0047
000E
0002
0009
001F
000F
0002
000A
001E
0009
0011
0007
0003
0009
0012
0006
0003
0000
0000
0000
0000
0000
0000
0000
0000
0000
0000
0000
0000
0000
0000
0000
0000
0003
0001
0000
0001
0003
0001
0000
0001
0007
0010
000C
0009
0006
000F
000B
0009
0047
004A
0044
0041
0047
004A
0046
003E
0000
0000
0000
0000
0000
0000
0000
0000
0034
0034
0022
0029
0034
0034
0022
0029
0026
0026
000B
000F
0029
0026
000B
0010
003A
002D
0037
003E
0037
002D
0035
003E
0000
0000
0000
0000
0000
0000
0000
0000
0004
000B
0005
0001
0004
000B
0005
0001
