(128, 1)
0010
000F
000E
000D
000F
0010
000E
000C
0005
0008
0008
0005
0005
0008
0007
0006
0026
0027
0028
0026
0026
0027
0028
0026
0016
000F
000E
0016
0016
0010
000E
0016
000F
0012
0013
000E
000E
0013
0013
000D
0003
0002
0003
0003
0003
0002
0003
0003
0001
0001
0001
0000
0001
0001
0001
0000
000B
000B
0007
0009
000B
000A
0008
0009
0011
0011
0012
0011
0011
0011
0013
0010
0024
0026
0025
0024
0023
0026
0025
0024
0003
0003
0003
0002
0003
0003
0003
0002
001E
001E
001D
001A
001E
001F
001D
001B
0018
001A
0017
0012
0018
001B
0016
0013
0022
001F
001F
0021
0022
001F
001F
0021
0002
0002
0003
0002
0002
0002
0003
0002
000B
0010
0010
000D
000B
000F
0010
000D
