(128, 1)
0007
0005
0003
0009
0007
0005
0003
0008
0000
0000
0000
0000
0000
0000
0000
0000
004F
004F
004A
004A
004D
004F
004A
004D
0005
0005
0015
0016
0005
0008
0016
0013
000D
000B
0004
0007
000C
000C
0003
0008
0000
0000
0000
0000
0000
0000
0000
0000
0000
0000
0000
0000
0000
0000
0000
0000
0001
0000
0001
0003
0001
0000
0001
0002
000C
000B
0009
0009
000B
000C
0009
0007
004A
0047
0044
0044
004A
0047
0042
0044
0000
0000
0000
0000
0000
0000
0000
0000
0033
0027
0027
002F
0034
0026
0027
0031
0022
0012
000C
0022
0023
0013
000D
0022
002F
0034
003A
003B
002F
0035
003B
003A
0000
0000
0000
0000
0000
0000
0000
0000
0009
0006
0002
0003
0008
0006
0002
0003
