(128, 1)
0004
0008
0008
0005
0003
0008
0006
0005
0000
0000
0001
0000
0000
0000
0001
0000
004A
004A
004F
004D
004A
004A
004D
004D
0015
0014
0006
0006
0016
0011
0006
0007
0004
0007
000E
000B
0004
0007
000D
000B
0000
0000
0000
0000
0000
0000
0000
0000
0000
0000
0000
0000
0000
0000
0000
0000
0001
0002
0002
0000
0001
0002
0001
0000
0009
0009
000B
000B
0008
0007
0009
000B
0041
0046
0047
0047
0044
0046
0047
0047
0000
0000
0000
0000
0000
0000
0000
0000
0026
0031
0031
002A
0026
0031
0031
0027
000D
001F
0022
0012
000E
001F
0022
0013
003B
003A
0033
0035
003B
003A
0030
0035
0000
0000
0000
0000
0000
0000
0000
0000
0002
0003
0008
0006
0002
0003
0007
0006
