(128, 1)
0005
0004
0009
0006
0004
0004
0008
0007
0000
0000
0000
0001
0000
0000
0000
0001
004D
004A
004A
004F
004D
0047
004C
004F
0008
0019
0012
0004
0009
0019
0011
0004
0009
0004
0009
000F
0009
0004
0009
0010
0000
0000
0000
0000
0000
0000
0000
0000
0000
0000
0000
0000
0000
0000
0000
0000
0000
0001
0003
0001
0000
0001
0002
0001
000B
0008
0008
000C
000B
0009
0007
000C
0044
0041
0044
004A
0047
0041
0046
004A
0000
0000
0000
0000
0000
0000
0000
0000
0025
0029
0030
0034
0025
0027
0030
0031
000E
0010
0022
0022
000F
000F
0023
0022
0035
003B
003A
0030
0034
003B
003A
002D
0000
0000
0000
0000
0000
0000
0000
0000
0006
0001
0003
0008
0006
0002
0003
0009
