(128, 1)
0011
0010
0010
0011
0011
0010
0011
0010
000B
000B
000A
000B
000A
000B
000A
000B
001C
001D
001C
001C
001B
001D
001B
001C
0011
0012
0012
0012
0011
0012
0012
0012
0016
0015
0015
0015
0014
0016
0015
0015
0005
0005
0005
0005
0005
0005
0005
0005
0004
0004
0004
0004
0005
0004
0004
0004
0009
0009
0009
0009
0009
0009
0009
0009
000E
000D
000E
000E
000E
000E
000E
000D
0016
0017
0016
0016
0016
0016
0016
0016
0007
0007
0007
0007
0008
0007
0007
0007
0016
0017
0017
0016
0017
0016
0017
0017
0017
0016
0017
0017
0017
0017
0016
0017
0017
0017
0017
0017
0017
0017
0018
0017
000A
000A
000A
000A
000A
0009
000A
0009
0011
0012
0011
0012
0011
0011
0011
0011
