(128, 1)
0003
0004
0004
0004
0004
0004
0004
0003
0003
0003
0003
0003
0003
0003
0004
0003
0011
0010
0011
0010
0011
0010
0011
0011
000A
000A
000A
0009
000B
0009
000A
0009
0011
0010
0011
0010
0011
0010
0010
0010
0001
0001
0001
0001
0001
0001
0001
0001
0002
0002
0002
0002
0002
0002
0002
0002
0001
0001
0001
0001
0001
0001
0001
0001
0003
0003
0003
0003
0003
0003
0003
0003
0004
0004
0004
0004
0004
0004
0004
0004
0001
0001
0001
0001
0001
0001
0001
0001
000A
000A
0009
000B
000A
000B
0009
000A
0006
0006
0005
0006
0006
0006
0006
0006
0009
0008
0009
0009
0009
0008
0008
0008
0004
0004
0004
0003
0004
0004
0004
0005
0006
0006
0005
0006
0005
0006
0005
0006
