(128, 1)
0011
000F
000D
000E
0011
000F
000D
000E
0007
0008
0006
0004
0007
0009
0006
0004
0027
0029
0026
0026
0027
0029
0026
0026
0011
000C
0014
0017
0011
000B
0014
0017
0012
0015
000D
000E
0012
0014
000D
000E
0002
0003
0002
0003
0002
0003
0003
0003
0001
0001
0000
0001
0001
0001
0000
0001
000C
0008
0009
000A
000C
0008
0009
000B
0010
0014
0011
0011
0011
0013
0011
0011
0026
0026
0024
0024
0026
0026
0025
0023
0003
0002
0002
0002
0003
0002
0003
0002
001F
001E
001A
001E
001F
001E
001A
001D
001B
0018
0011
0017
001B
0018
0011
0017
001F
001E
0021
0022
001F
001F
0021
0022
0002
0003
0002
0002
0002
0003
0002
0002
000F
0011
000D
0009
000F
0011
000C
0009
