(128, 1)
0001
0001
0001
0001
0001
0001
0001
0001
0000
0000
0000
0000
0001
0000
0001
0000
0009
0008
0009
0008
0009
0009
0009
0009
0004
0004
0004
0004
0004
0004
0004
0004
0009
0009
0009
0009
0009
000A
0009
0009
0000
0000
0000
0000
0000
0000
0000
0000
0000
0000
0000
0000
0000
0000
0000
0000
0000
0000
0000
0000
0000
0000
0000
0000
0000
0000
0000
0000
0000
0000
0000
0000
0001
0001
0001
0001
0001
0001
0001
0001
0000
0000
0000
0000
0000
0000
0000
0000
0004
0004
0004
0005
0005
0005
0004
0004
0002
0002
0002
0002
0002
0002
0002
0002
0004
0003
0004
0004
0003
0003
0003
0004
0001
0001
0001
0000
0001
0001
0001
0001
0002
0001
0001
0002
0001
0001
0002
0001
