(128, 1)
0001
0001
0004
0003
0001
0001
0003
0003
0000
0000
0000
0000
0000
0000
0000
0000
006D
0068
006B
006E
006D
0067
006B
006E
0003
0017
000E
0002
0004
0018
000E
0002
0006
0001
0004
0009
0004
0001
0004
000B
0000
0000
0000
0000
0000
0000
0000
0000
0000
0000
0000
0000
0000
0000
0000
0000
0000
0000
0000
0000
0000
0000
0000
0000
0006
0004
0004
0007
0007
0004
0003
0006
0064
0062
0063
0069
0065
0062
0064
0068
0000
0000
0000
0000
0000
0000
0000
0000
0034
0038
0052
0055
003A
0036
0053
0055
000B
000A
002A
002B
000C
000A
002B
002E
0057
005B
005A
0052
0058
005C
005A
0050
0000
0000
0000
0000
0000
0000
0000
0000
0002
0000
0000
0004
0003
0000
0000
0004
