(128, 1)
0003
0002
0001
0003
0004
0002
0001
0004
0000
0000
0000
0000
0000
0000
0000
0000
006D
006E
0068
006A
006D
006E
0068
0069
0002
0001
0013
0013
0002
0002
0014
0013
0008
0008
0001
0003
0008
0009
0001
0003
0000
0000
0000
0000
0000
0000
0000
0000
0000
0000
0000
0000
0000
0000
0000
0000
0000
0000
0000
0000
0000
0000
0000
0000
0006
0008
0005
0004
0006
0008
0004
0004
0068
0066
0062
0065
0068
0066
0063
0064
0000
0000
0000
0000
0000
0000
0000
0000
0055
0045
0033
0053
0056
0045
0034
0053
002F
0013
0006
0024
0031
0013
0007
0025
0054
0057
005C
005E
0053
0056
005B
005C
0000
0000
0000
0000
0000
0000
0000
0000
0003
0003
0000
0000
0003
0003
0000
0000
