(128, 1)
0029
0026
002A
002D
0029
0025
0029
002E
0017
0011
000F
0016
0019
0011
000F
0015
006F
006A
006A
006C
006F
006A
006A
006D
0029
0039
003F
0030
002A
0039
003E
0031
0037
0029
002C
0033
0038
0029
002B
0033
0009
0009
0009
0008
0009
0009
0009
0008
0004
0003
0003
0003
0004
0003
0003
0004
0019
0019
0020
0020
0019
0019
001E
0020
0033
0031
002F
002F
0034
002F
002D
002E
0067
0065
0063
0069
0067
0065
0063
0068
0009
0009
0009
000A
0009
0009
0009
000A
0050
004C
0050
0056
0050
004D
004F
0056
0041
0036
0040
0048
0042
0036
0040
0049
0057
005A
005F
0057
0056
005B
005E
0056
0009
0007
0007
0007
0009
0008
0007
0008
002E
0024
0021
002A
002D
0026
0020
002A
