(128, 1)
0012
000E
000D
000D
0013
000E
000D
000D
0006
000A
0006
0003
0006
000A
0006
0003
0027
0029
0026
0026
0027
0029
0026
0026
0012
000B
0012
0019
0012
000B
0012
0019
0011
0015
000E
000D
0011
0015
000E
000D
0002
0003
0003
0003
0002
0002
0003
0003
0001
0001
0000
0001
0001
0001
0000
0001
000D
0009
0008
000A
000D
0008
0008
000A
0010
0014
0011
0012
0011
0014
0011
0011
0026
0026
0024
0023
0026
0026
0025
0023
0003
0002
0002
0002
0003
0002
0003
0002
001F
001E
001A
001D
0020
001E
001A
001D
001B
001A
0011
0016
001B
001A
0011
0016
0020
001D
0020
0022
0020
001D
0021
0022
0002
0003
0002
0002
0002
0003
0002
0002
000E
0011
000D
0009
000E
0011
000D
0009
