(128, 1)
0017
0010
0018
0014
0012
0017
0015
001C
0046
0049
004A
0044
0051
0051
004D
0048
002D
0033
002D
002A
002C
0030
002A
0029
0025
002B
0039
002F
0024
002B
002E
0023
0058
0050
0056
005B
005D
005F
004E
0052
0015
0011
0011
0013
000E
0011
0011
0011
004B
0054
0047
0050
0055
004E
004F
0051
0038
002B
0028
0030
0036
0033
0029
0033
0013
001B
0014
0011
0015
0015
0015
0012
003F
004B
0038
0039
0036
0036
0037
0038
004D
0056
0052
0043
0053
005A
0051
0048
0053
0052
005B
0056
0055
0053
0050
0057
0014
0019
0014
0016
0017
0017
0013
0018
0064
0068
0066
0066
0064
0068
0064
006D
0029
002A
0038
0040
002A
0035
0035
002B
0056
0050
0049
0051
0044
0047
004C
0047
