(128, 1)
0009
0008
0009
000C
0005
000B
0009
000D
003C
0042
0045
0034
0043
0046
003D
0036
0000
0001
0000
0000
0000
0000
0000
0000
0009
0006
000F
0009
0007
0008
0007
0009
0030
0034
002D
002E
003C
0031
0031
0033
0007
0007
000D
000B
0009
0005
000B
000C
0047
0049
003E
0048
004C
004A
0044
0047
0012
0011
000F
0009
000C
000C
0009
000B
0012
001A
0014
0011
0012
0015
0013
0012
0004
0002
0002
0002
0002
0003
0002
0003
0049
0052
0048
0040
004D
0059
004A
0045
004E
004C
0056
0054
004C
0049
004B
0053
0010
0014
0011
000B
000E
000F
0011
0010
0006
0009
000B
000B
0008
000B
0009
0010
0023
0026
0034
0036
0023
0031
002D
0029
0039
003C
0025
002B
0030
0026
0024
001D
