(128, 1)
0007
0006
0005
0007
0004
0006
0004
0008
0010
000E
0012
000D
000F
0012
0011
000C
0000
0001
0000
0000
0000
0000
0000
0000
0017
000B
0016
0012
000D
0012
000A
0016
0001
0001
0001
0001
0001
0001
0001
0001
0007
000A
0010
000D
000D
0008
0012
000E
003E
0048
004A
0046
0044
0046
0050
0041
0026
0027
002A
0014
001A
001F
0019
0019
0051
0058
0054
0053
004E
0050
004F
004D
0007
0003
0003
0002
0003
0004
0002
0004
0027
0024
0027
0026
0029
0024
0024
0026
0068
0060
0064
006A
0063
0064
0066
0069
0049
004D
004D
0039
003F
0045
004D
003C
0005
0009
0009
000C
0008
000B
0008
0010
000B
0009
000A
000D
000A
0008
000A
000A
0041
0043
002E
0038
0040
0030
002D
002A
