(128, 1)
0017
0010
0019
0015
0012
0016
0015
001B
0048
0047
004A
0042
0054
0053
004D
0048
002D
0031
002C
002B
002C
0031
002B
0029
0026
002B
0039
002C
0023
002D
002F
0023
0058
0052
0057
005A
005C
005F
004F
0052
0016
000E
0011
0012
000E
0010
0010
0011
004C
0054
0044
004F
0055
004E
0051
0051
0039
002C
0027
002F
0037
0034
002B
0033
0012
001B
0014
0012
0015
0015
0016
0012
003E
004B
0038
003A
0036
0036
0038
0036
004E
0056
0054
0041
0055
0058
0052
004A
0053
0053
005A
0056
0056
0055
004E
0056
0012
0019
0013
0017
0017
0016
0013
0017
0062
0069
0066
0065
0065
0066
0064
006C
0027
002A
0036
0040
002C
0038
0034
002E
0055
0050
004B
0051
0044
0049
004B
0045
