(128, 1)
0007
0007
0006
0006
0004
0006
0004
0008
0010
000E
0012
000C
000F
0015
000D
000E
0000
0001
0000
0000
0000
0000
0000
0000
0017
000C
0017
0011
000D
0012
000B
0016
0001
0002
0001
0001
0001
0001
0001
0001
0008
0009
0011
000E
000D
0008
0011
0010
003E
0046
0048
0046
0043
0042
0051
0042
0023
002B
002A
0014
0019
001D
0019
0018
0050
0055
004F
0054
004E
0050
004E
004B
0006
0003
0004
0002
0003
0005
0002
0005
0027
0027
0026
0026
002A
0025
0021
0029
006A
0060
0064
006A
0064
0063
0064
006A
0048
004E
004F
0037
003F
0041
004D
003E
0005
0009
000A
000A
000A
000B
0009
0011
000B
0009
000A
000B
0008
0009
0008
000B
003F
0043
0031
0035
0043
0031
002C
0028
