(128, 1)
0000
0000
0000
0000
0000
0000
0000
0000
002B
0023
0028
0021
002A
0025
002D
002E
0000
0002
0001
0000
0005
0003
0000
0000
000A
000D
000C
000D
0008
000D
000B
000D
0000
0000
0000
0000
0000
0000
0000
0000
0007
0008
0008
0006
0006
0006
0008
0004
000C
000B
000F
000D
000C
000B
0010
000B
001E
001E
0018
0013
0021
001D
001C
000C
000E
000F
0010
0010
000D
000F
000D
000E
003E
003E
003E
0040
0038
0041
0037
0039
0000
0000
0000
0000
0000
0000
0000
0000
004A
0041
004E
0055
0049
0044
004A
004E
0034
0031
0039
0034
0030
0036
003C
0035
0068
006A
0069
0069
0065
006B
0069
0068
0008
0004
0007
0008
0007
0005
0005
0008
0001
0001
0002
0001
0002
0000
0003
0001
