(128, 1)
0001
0001
0001
0002
0001
0001
0001
0001
0029
0025
0023
0025
0020
0026
0022
0024
0010
0011
0010
0010
000E
000C
000C
000E
0016
001D
0019
001A
001E
001C
001C
001F
0000
0000
0000
0000
0000
0000
0000
0000
0026
0024
002E
002F
002D
0028
0026
0029
000C
000D
000D
0009
000C
000B
000A
000B
0001
0001
0001
0001
0001
0001
0001
0001
0002
0002
0003
0004
0002
0002
0003
0003
0000
0000
0000
0000
0000
0000
0000
0000
0006
0005
0004
0004
0008
0005
0005
0004
0007
0008
0008
0009
0007
0008
0006
0008
002B
002B
0023
002A
002B
0029
002C
0024
000D
000B
000D
000C
000A
0009
0009
000B
004B
004B
004C
004D
004B
004F
004B
0051
0034
003D
0032
0035
0039
0033
0033
0033
