(128, 1)
0008
0006
0005
0007
0004
0006
0005
0008
000F
000D
0013
000D
000F
0013
0011
000C
0000
0001
0000
0000
0000
0000
0000
0000
0017
000D
0016
0011
000C
0012
000A
0016
0001
0001
0001
0001
0001
0001
0001
0001
0007
000A
0010
000C
000E
0007
0013
000F
003E
0047
0049
0045
0043
0045
004F
0043
0026
0026
002A
0015
001A
0020
0019
0017
0051
0059
0055
0053
004E
004F
004F
004D
0007
0003
0003
0001
0003
0004
0002
0004
0027
0022
0027
0026
0029
0023
0025
0025
0068
0060
0065
006A
0062
0064
0066
0069
0048
004E
004E
0039
0040
0046
004D
003B
0005
0009
000A
000C
0008
000A
0007
0010
000B
0009
000A
000E
0009
0008
000A
000A
0042
0042
002E
0038
0040
0030
002E
0027
