(128, 1)
0005
0005
0005
0006
0004
0007
0006
0007
0035
0030
002F
0032
002C
0037
002F
002D
0016
0016
0016
0015
0012
0011
0012
0012
0069
0062
0068
0066
0065
0069
0069
0066
0007
0005
0006
0005
0006
0005
0005
0006
0028
0028
0033
0033
0030
002D
002A
002D
0011
0014
0012
000E
0010
0011
000F
000E
0002
0002
0002
0002
0002
0002
0002
0002
0007
0005
0006
0007
0007
0005
0006
0007
0047
0046
003B
0039
004B
0044
0041
003F
0045
0047
0042
0049
004C
0046
0040
0045
0009
000B
000A
000C
0009
000B
0008
000A
0044
0045
0041
0046
0045
0042
0045
0038
003B
0042
0042
003F
0040
003B
0043
0045
0058
005A
005B
005E
005A
005C
005B
005C
0038
0042
0036
0039
003F
0038
0039
0038
