(128, 1)
0002
0003
0004
0001
0002
0001
0003
0002
0029
0022
0028
001D
0024
0026
002B
0029
0001
0002
0002
0001
0004
0002
0001
0001
0074
0077
0077
0077
0078
0077
0077
0077
0005
0004
0005
0006
0005
0006
0005
0005
0038
0041
0036
003C
0037
003A
003F
0031
004E
003E
0040
0043
004B
0048
003F
003C
000D
0009
0008
0007
000E
000A
000A
0006
0044
0047
0051
004B
0044
0043
004D
0050
003E
003C
003C
0036
003B
003A
003B
003E
0002
0002
0002
0003
0003
0001
0003
0002
004E
003E
004C
0057
004A
0045
004C
0053
0028
0026
0030
002A
002E
002D
0030
002C
006F
0072
0072
006F
006F
006F
0070
006E
0008
0005
0009
000A
0009
0005
0006
000A
0002
0002
0002
0001
0003
0001
0002
0002
