(128, 1)
0007
0007
0005
0006
0004
0007
0004
0008
0010
000E
0012
000B
000F
0013
000E
000E
0000
0001
0000
0000
0000
0000
0000
0000
0017
000D
0018
0012
000D
0013
000A
0016
0001
0002
0001
0001
0001
0001
0001
0001
0008
000A
0011
000E
000C
0008
0011
0010
003E
0046
0047
0046
0044
0043
0050
0041
0022
002A
002A
0014
0019
0020
0018
0018
0050
0055
0050
0054
004F
0051
004E
004D
0006
0003
0004
0002
0003
0003
0002
0005
0027
0026
0026
0026
002B
0026
0021
0027
006A
0060
0066
0069
0063
0063
0064
006A
0048
004D
004E
0036
003F
0043
004D
003D
0006
0009
000A
000A
000B
000C
0009
0011
000A
0009
000A
000B
0009
0009
0008
000A
003D
0042
0031
0037
0040
0030
002A
0029
