(128, 1)
0005
0005
0007
0002
0004
0002
0006
0003
004E
003A
0043
003B
0045
003E
0048
0049
0001
0002
0002
0001
0007
0003
0001
0001
0078
007A
007A
007A
007B
007A
007A
007B
0008
0006
0007
0008
0008
0009
0007
0008
0051
005D
005D
004F
0053
0057
005D
004F
0078
0078
0078
0079
0079
0079
0076
0079
0025
0025
001D
0017
0027
0023
0021
000F
0078
0078
0079
0078
0078
0076
0077
007A
0075
0077
0076
0077
0077
0073
0073
0077
0003
0004
0004
0004
0005
0001
0004
0003
0059
004E
0059
0064
0054
0052
0057
0062
0053
0056
0058
0059
005D
005A
0065
0055
007D
007C
007D
007D
007C
007D
007D
007D
000A
0006
000A
000A
000A
0006
0007
000B
0003
0006
0006
0003
0005
0002
0006
0003
