(128, 1)
0005
0005
0005
0006
0004
0007
0005
0007
0036
0031
0030
0031
002C
0037
0031
002D
0016
0016
0017
0015
0012
0012
0012
0013
006A
0062
0068
0066
0066
0069
0069
0066
0007
0005
0006
0005
0006
0005
0005
0006
0028
0028
0033
0033
0031
002C
0029
002D
0011
0013
0012
000E
0011
0011
000F
000E
0002
0002
0002
0002
0002
0002
0002
0002
0007
0005
0006
0007
0007
0005
0006
0007
0047
0046
003B
0039
004A
0045
0042
003F
0047
0047
0042
0049
004C
0047
0041
0046
0009
000A
000A
000C
0009
000B
0008
000A
0044
0046
0042
0045
0044
0043
0045
0038
003B
0042
0043
003F
0040
003B
0043
0046
0059
0058
005B
005E
005A
005C
005B
005D
0038
0042
0037
0039
003F
0038
0039
0039
