(128, 1)
0000
0000
0000
0000
0000
0000
0000
0000
002B
0023
0028
0021
002B
0025
002B
002D
0000
0002
0001
0000
0006
0003
0000
0000
000A
000D
000C
000D
0008
000D
000B
000D
0000
0000
0000
0000
0000
0000
0000
0000
0007
0009
0008
0006
0006
0006
0008
0004
000C
000B
000F
000D
000C
000A
0010
000C
001E
001D
0017
0012
0022
001E
001C
000C
000E
000E
0010
0010
000D
000F
000D
000E
003D
0040
003C
0040
0038
0042
0036
0039
0000
0000
0000
0000
0000
0000
0000
0000
0049
0040
004B
0055
0049
0045
004C
0050
0034
0032
003A
0034
002F
0035
003B
0035
0067
006A
006A
0069
0065
006B
0069
0069
0008
0004
0006
0009
0007
0005
0004
0009
0001
0001
0002
0001
0002
0000
0002
0001
