(128, 1)
0007
0006
0005
0006
0004
0006
0004
0008
0010
000D
0012
000D
000F
0013
000F
000D
0000
0001
0000
0000
0000
0000
0000
0000
0018
000B
0016
0011
000C
0011
000A
0016
0001
0001
0001
0001
0001
0001
0001
0001
0008
000A
0010
000D
000D
0008
0011
000F
003E
0046
0049
0046
0044
0043
0051
0040
0027
0028
0029
0015
001A
001F
0017
0019
0050
0058
0053
0054
004C
0050
004F
004C
0007
0002
0003
0002
0003
0004
0003
0005
0027
0024
0026
0025
0029
0023
0022
0025
0069
0060
0064
006A
0062
0063
0066
006A
0049
004D
004D
0038
003F
0044
004C
003E
0005
0009
000A
000B
0007
000A
0007
0010
000B
0009
000A
000C
0009
0008
0009
000B
0042
0044
0030
0035
0044
0032
002C
0027
