(128, 1)
0005
0005
0007
0002
0005
0002
0006
0003
004E
003C
0042
003B
0046
003D
0049
0049
0001
0003
0002
0001
0006
0003
0001
0001
0078
007A
007A
007A
007B
007A
007A
007B
0008
0006
0007
0008
0008
000A
0007
0008
0052
005E
005A
004F
0053
0056
005E
004F
0078
0078
0078
0078
0079
0079
0077
0079
0025
0022
001C
0018
0027
0023
0021
000F
0078
0078
0079
0079
0078
0076
0077
007A
0075
0077
0076
0077
0077
0073
0073
0077
0003
0004
0004
0003
0006
0001
0005
0003
0059
004A
0057
0064
0056
0053
005A
0060
0054
0057
005A
005A
005D
0059
0065
0055
007D
007C
007D
007D
007C
007D
007D
007D
000B
0006
000A
0009
000A
0006
0006
000B
0003
0005
0006
0003
0007
0002
0007
0003
