(128, 1)
0015
0012
0018
0016
0011
0019
0015
001B
0049
0049
004E
0042
0056
004F
0046
0042
002A
0033
002E
002C
002C
0034
0029
0029
0024
0029
003B
002B
0024
002B
0033
0022
0056
0050
0055
005B
0060
005D
0051
0055
0014
0010
0013
0013
0011
0010
0010
0012
004F
0051
0041
004D
0053
0050
004F
004D
0038
002A
0029
0037
0036
0032
0029
0030
0012
001B
0015
0013
0013
0015
0016
0013
003E
004D
0035
0037
0036
0038
0034
0034
0050
0055
004D
0043
0054
005B
004D
004C
0056
0055
0059
005A
0054
0051
0051
0056
0015
0018
0015
0013
0016
0016
0016
0019
0060
0068
0065
0066
005F
0065
0066
006D
002B
002C
0039
003D
002E
003C
0033
0031
0053
0053
0049
0050
0044
004B
004A
0047
