(128, 1)
0015
0013
0017
0017
0012
001A
0015
001C
0045
0049
004E
0042
0055
0051
0046
0040
002A
0035
002F
002C
002D
0035
0029
002A
0022
0029
003A
002B
0025
0029
0035
0023
0056
004F
0054
005B
0063
005E
0051
0056
0013
0011
0014
0014
0011
0010
0010
0012
004F
0050
0040
004C
0052
0051
004E
0049
0037
0029
0029
0037
0035
0030
0029
002F
0013
001B
0016
0013
0012
0015
0015
0013
0040
004F
0036
0035
0037
0038
0033
0032
004F
0056
004A
0043
0051
005D
004C
004D
0055
0054
005A
005C
0053
004F
0050
0057
0016
0019
0016
0012
0016
0017
0015
0018
0061
0068
0064
0066
005D
0065
0066
006F
002D
002A
003D
003C
002C
003A
0032
0032
0052
0053
0046
004E
0044
004C
004B
0047
