(128, 1)
0005
0005
0005
0006
0004
0007
0006
0007
0035
0030
002F
0031
002C
0038
0030
002D
0016
0015
0017
0015
0013
0011
0012
0012
0069
0062
0066
0066
0065
0069
0069
0065
0007
0005
0006
0005
0006
0005
0005
0006
0028
0028
0032
0032
0031
002D
0029
002D
0011
0013
0012
000E
0011
0010
000F
000E
0002
0002
0002
0002
0002
0002
0002
0002
0007
0005
0006
0007
0007
0005
0006
0007
0046
0046
003C
003A
0049
0043
0042
003F
0046
0045
0043
0048
004C
0047
0041
0046
0009
000B
000A
000C
0009
000B
0008
000A
0044
0045
0041
0045
0045
0042
0045
0038
003A
0041
0042
003F
0040
003B
0042
0044
0059
0059
005B
005F
0057
005B
005B
005C
0037
0041
0037
003A
003E
0037
0039
0039
