(128, 1)
0030
0038
002D
0033
0030
0029
002E
002B
0014
0015
0018
0015
0017
0016
000F
0014
0022
0020
0024
002C
0027
0024
0029
002A
0024
0028
0022
0022
001A
001E
0022
001C
0015
001C
0015
0016
0011
0015
0019
001B
0011
0010
0019
0013
0015
0012
0011
000E
002A
0026
0028
0032
0024
0025
0036
0025
0010
000E
0010
000D
000D
0010
000E
0014
0033
0046
0035
0031
0043
0040
003C
0045
000E
0012
000F
0013
001A
0013
0010
0014
0012
0012
0015
000D
0012
0010
0017
0016
0027
0027
0031
0023
0030
002E
0024
0024
0039
0030
0027
0027
002B
0032
0037
002E
0006
0003
0004
0006
0007
0007
0004
0006
000F
000C
0010
000C
000B
000C
000B
000E
0033
002E
002A
0033
002F
0032
0038
0034
