(128, 1)
0007
0007
0005
0006
0004
0006
0004
0008
000F
000E
0012
000C
000F
0013
000F
000E
0000
0001
0000
0000
0000
0000
0000
0000
0017
000D
0019
0011
000C
0014
0009
0017
0001
0001
0001
0001
0001
0001
0001
0001
0008
000A
0010
000D
000D
0008
0011
0010
003E
0046
0048
0047
0042
0043
004D
0041
001F
0028
002C
0014
001A
0021
0017
0017
0050
0056
0052
0053
0051
0053
004E
004D
0007
0003
0004
0002
0003
0003
0002
0005
0027
0025
0027
0026
002B
0026
0022
0026
0069
0062
0064
0067
0064
0064
0065
0069
0048
004D
004C
0038
003F
0044
004C
003C
0006
0009
000A
000A
000B
000B
0009
0012
000B
0009
0009
000C
0009
000A
0008
000B
003D
0041
002F
0036
003D
0031
002A
0028
