(128, 1)
0007
0007
0006
0006
0004
0006
0004
0009
0011
000E
0010
000B
000F
0015
000E
000E
0000
0001
0000
0000
0000
0000
0000
0000
0018
000B
0016
0011
000D
0012
000A
0016
0001
0002
0001
0001
0001
0001
0001
0001
0008
0009
0011
000E
000D
0008
0011
0010
003E
0046
0049
0045
0043
0042
0051
0040
0025
0029
002A
0013
0019
001D
0017
0018
0050
0054
0052
0055
004E
0050
004F
004C
0007
0002
0004
0002
0003
0004
0003
0005
0028
0026
0026
0026
002B
0025
0020
0028
0069
0060
0065
0069
0063
0063
0065
006A
0047
004D
004D
0038
003F
0042
004D
003C
0005
0008
000A
000B
0009
000C
0009
0010
000B
0009
000A
000B
0008
0009
0008
000B
003E
0045
0031
0034
0043
0030
002C
0029
