(128, 1)
0003
0002
0003
0001
0003
0001
0003
0001
0024
001A
001E
0020
0021
0017
0020
001F
0000
0001
0000
0000
0002
0002
0000
0000
0004
0003
0003
0003
0003
0003
0003
0003
0003
0003
0002
0003
0003
0004
0002
0003
0019
001E
0025
0015
001B
001E
0020
001E
0029
003A
0038
0036
002E
0031
0038
003D
0018
001A
0015
0011
0019
0019
0018
0009
0035
0032
0027
002D
0032
0033
002A
002A
0037
003B
003A
0041
003C
0039
0038
0039
0001
0002
0002
0001
0002
0000
0002
0001
000F
000B
000C
000E
000C
000D
000D
000D
002B
002F
002C
0031
002F
002C
0034
002A
000F
0009
000B
000F
000D
000E
000D
000F
0002
0001
0001
0001
0001
0001
0000
0001
0001
0002
0004
0002
0003
0001
0004
0001
