(128, 1)
0008
0006
0005
0007
0004
0006
0005
0008
000F
000E
0013
000D
000E
0012
0011
000D
0000
0001
0000
0000
0000
0000
0000
0000
0018
000D
0018
0011
000D
0012
000A
0016
0001
0001
0001
0001
0001
0001
0001
0001
0007
000B
0011
000C
000D
0008
0012
000F
003E
0048
0049
0046
0043
0045
004C
0043
0023
0026
002B
0015
001A
0022
0019
0018
0052
0057
0054
0052
0050
0050
004F
004E
0007
0003
0004
0002
0003
0004
0002
0005
0027
0023
0027
0026
0028
0026
0024
0025
0068
0061
0065
0069
0063
0065
0065
0069
0049
004E
004E
0039
003F
0047
004D
003C
0005
0009
0009
000A
000A
000A
0008
0011
000B
0009
000A
000D
0009
0009
000A
000A
003F
003F
002E
0039
003C
0030
002C
002A
