(128, 1)
0005
0005
0007
0002
0005
0002
0006
0003
004D
003C
0045
003C
0045
003F
004C
0048
0001
0003
0002
0001
0006
0004
0001
0001
0078
007A
007A
007A
007B
007A
007A
007B
0008
0007
0007
0009
0008
000A
0007
0008
0050
005F
005D
004F
0054
0055
005F
004E
0078
0078
0078
0078
0079
0079
0077
0079
0023
0022
001C
0017
0026
0023
0020
000F
0078
0078
0079
0079
0077
0076
0077
007A
0075
0077
0076
0077
0078
0073
0073
0077
0003
0004
0004
0004
0006
0001
0005
0003
005C
004D
0058
0064
0057
0052
0057
0060
0055
0054
005A
005B
005C
0059
0065
0057
007D
007C
007D
007D
007C
007D
007D
007D
000A
0006
0009
000B
000B
0007
0007
000A
0004
0004
0006
0003
0006
0003
0006
0003
