(128, 1)
0002
0003
0004
0001
0002
0001
0003
0002
0029
0022
0027
001D
0026
0028
002D
002A
0001
0002
0002
0001
0004
0002
0001
0001
0074
0076
0076
0077
0078
0077
0077
0078
0005
0004
0005
0006
0005
0005
0005
0005
0037
0040
0037
003B
0038
0038
003E
0032
004F
003F
0040
0044
004B
0047
003E
003C
000D
0009
0008
0006
000E
000A
0009
0005
0043
0045
0051
004A
0046
0042
004E
0052
003E
003C
003D
0036
003C
003A
0038
003E
0002
0002
0002
0003
0004
0001
0003
0002
004D
0042
004E
0058
004A
0043
004A
0053
0029
0027
002D
002B
002F
002D
0030
002C
006E
0073
0071
006E
006F
006F
0070
006E
0008
0006
0008
0009
0008
0005
0006
000A
0001
0002
0002
0001
0003
0002
0002
0002
