(128, 1)
0003
0002
0003
0001
0003
0001
0003
0001
0025
0019
001D
001E
0020
0018
001F
0021
0000
0001
0000
0000
0003
0002
0000
0000
0004
0003
0003
0003
0003
0004
0003
0003
0003
0002
0002
0003
0003
0004
0002
0003
0019
001D
0024
0014
001C
001E
0021
001D
002A
0038
0039
0035
002D
0031
0038
003E
0017
0019
0014
0010
0018
001A
0017
0008
0035
0032
0028
002E
0033
0033
0028
0029
0035
003C
0039
0042
003B
003B
0038
0038
0001
0002
0002
0001
0002
0000
0002
0001
000F
000C
000B
000E
000C
000D
000E
000D
002B
002F
002B
0031
002F
002D
0034
002A
000E
0009
000C
000E
000D
000D
000D
000F
0002
0001
0001
0001
0001
0001
0000
0001
0002
0002
0004
0002
0003
0001
0004
0001
