(128, 1)
004F
004B
0045
0051
0052
0054
0050
0056
003F
003E
0039
0046
003F
0036
0038
003C
003F
0039
003B
0039
003E
0042
0039
0040
0005
0004
0004
0004
0003
0004
0004
0005
0048
0045
003B
0041
0045
0046
003B
0040
002A
0029
0035
0024
002C
002B
002F
0030
0024
0034
0032
002E
0029
0029
0031
0036
0052
005F
005B
0058
0052
005A
005A
004F
0041
003F
0035
003A
003F
0040
0036
0035
0040
0042
003F
0049
0043
0040
0041
0041
003F
004A
0049
003E
0040
0044
0047
003F
0013
0011
000E
000F
0011
0011
0011
0010
0043
0045
003D
0044
0043
0040
0040
003E
0015
000F
0011
0015
0013
0015
0013
0016
0018
0016
0013
0013
0016
0016
0012
0013
0059
005B
0059
005B
0054
0055
005B
0052
