(128, 1)
0005
0005
0005
0006
0004
0007
0005
0007
0035
0031
0030
0031
002C
0037
0030
002D
0016
0015
0016
0015
0012
0011
0012
0012
0069
0061
0068
0066
0065
0069
0068
0065
0007
0005
0006
0005
0006
0005
0005
0006
0028
0028
0034
0033
0030
002C
0029
002E
0011
0013
0011
000E
0010
0011
000F
000E
0002
0002
0002
0002
0002
0002
0002
0002
0007
0005
0006
0007
0007
0005
0006
0007
0046
0047
003B
003A
004B
0044
0042
003F
0046
0047
0042
0049
004D
0046
0041
0044
0009
000B
000A
000C
000A
000B
0009
000A
0045
0046
0041
0046
0044
0042
0044
0037
003C
0041
0042
003F
003F
003A
0043
0046
0059
0058
005B
005E
0059
005B
005B
005C
0037
0041
0036
0039
003E
0038
0039
0038
