(128, 1)
0005
0005
0005
0006
0005
0007
0006
0007
0035
0030
0030
0031
002C
0038
0030
002D
0017
0016
0017
0015
0012
0011
0013
0012
006A
0062
0068
0066
0065
0069
0069
0066
0007
0005
0006
0005
0006
0005
0005
0006
0028
0028
0034
0033
0031
002C
002A
002E
0011
0013
0012
000E
0010
0011
000F
000E
0002
0002
0002
0002
0002
0002
0002
0002
0007
0005
0006
0007
0006
0005
0006
0007
0046
0046
003B
0039
0049
0044
0041
003F
0046
0046
0042
004A
004D
0047
0042
0045
0009
000B
000A
000C
000A
000B
0008
000A
0045
0044
0041
0046
0044
0042
0045
0038
003B
0043
0043
003F
003F
003A
0043
0046
0059
0059
005B
005F
0057
005B
005B
005C
0037
0041
0037
003A
003E
0038
0039
0038
