(128, 1)
0007
0007
0005
0006
0004
0006
0004
0008
000F
000E
0013
000D
000F
0012
0010
000D
0000
0001
0000
0000
0000
0000
0000
0000
0017
000D
0018
0011
000D
0012
0009
0015
0001
0001
0001
0001
0001
0001
0001
0001
0007
000A
0010
000D
000D
0008
0011
0010
003F
0048
0047
0047
0043
0044
004E
0042
0022
0027
002A
0015
001A
0022
0019
0018
0052
0057
0053
0051
0051
0050
004F
004D
0006
0003
0004
0002
0003
0003
0002
0005
0027
0024
0027
0025
002A
0024
0023
0025
0068
0060
0065
0069
0063
0065
0064
0069
0046
004D
0050
0039
0041
0046
004B
003B
0005
0009
0009
000A
000A
000A
0008
0011
000B
0009
000A
000D
0009
0009
0009
000A
0040
0040
002D
0039
003C
0030
002C
002A
