(128, 1)
0006
0005
0007
0002
0005
0002
0006
0003
004E
003C
0044
003C
0047
003E
004B
0049
0001
0003
0002
0001
0007
0004
0001
0001
0078
007A
007A
0079
007B
007A
007A
007B
0008
0006
0007
0009
0008
0009
0007
0009
0051
005C
005B
004F
0053
0056
005D
004F
0078
0078
0078
0079
0079
0079
0076
0079
0024
0021
001A
0016
0026
0021
0020
000F
0078
0078
0079
0079
0078
0076
0077
007A
0074
0077
0076
0077
0077
0073
0073
0077
0003
0004
0004
0004
0006
0001
0005
0003
0059
004B
0059
0062
0057
0052
0059
0060
0055
0056
005A
005B
005E
005A
0064
0056
007D
007C
007D
007D
007C
007D
007D
007D
000A
0006
000A
000A
0009
0006
0007
000B
0003
0004
0006
0003
0006
0002
0006
0003
