(128, 1)
0002
0003
0004
0001
0002
0001
0003
0002
0029
0021
0027
001D
0025
0026
002B
0029
0001
0002
0002
0001
0003
0002
0001
0001
0074
0077
0077
0076
0078
0077
0077
0077
0005
0004
0005
0005
0005
0005
0005
0005
0037
0041
0037
003C
0037
0039
003E
0030
004F
0040
0041
0043
004B
0048
003F
003C
000D
000A
0008
0007
000E
000B
000A
0006
0043
0046
0052
004B
0045
0043
004D
0050
003E
003B
003D
0036
003C
0039
003B
003E
0002
0002
0002
0002
0003
0001
0003
0002
004E
003F
004C
0057
004B
0044
004A
0053
0028
0027
002F
002A
002F
002C
0030
002C
006F
0072
0072
006E
006F
006F
0070
006E
0009
0006
0009
0009
0008
0005
0006
000A
0001
0002
0002
0001
0003
0001
0002
0001
