(128, 1)
0007
0006
0006
0006
0004
0006
0004
0009
0010
000E
0011
000C
000E
0015
000F
000D
0000
0002
0000
0000
0000
0000
0000
0000
0019
000B
0015
0011
000E
0010
000A
0016
0001
0002
0001
0001
0001
0001
0001
0001
0009
0009
0012
000E
000D
0008
0012
0010
003E
0045
0048
0045
0043
0043
0052
0042
002A
002A
0029
0014
0018
001C
0019
001A
0050
0056
0051
0055
004C
004F
004F
004A
0006
0002
0004
0001
0003
0005
0002
0005
0027
0026
0025
0025
0029
0024
0022
0029
006B
005F
0066
006A
0062
0062
0064
006A
0048
004D
004F
0037
003F
0041
004D
003E
0005
0008
000A
000B
0007
000A
0007
000D
000A
0008
000A
000C
0009
0009
0009
000B
0041
0046
0031
0032
0047
0031
002E
0027
