(128, 1)
0003
0002
0003
0001
0003
0001
0003
0001
0024
0019
001F
001F
001F
0017
0020
0020
0000
0001
0000
0000
0003
0002
0000
0000
0004
0004
0003
0003
0003
0004
0003
0003
0003
0003
0002
0003
0003
0004
0002
0004
0019
001E
0024
0014
001C
001E
0021
001D
0029
0039
0039
0035
002E
0031
0039
003D
0018
001A
0013
0010
0019
0019
0017
0008
0035
0031
0028
002F
0033
0033
0028
002A
0036
003C
003A
0041
003B
0039
003A
0038
0001
0002
0002
0001
0002
0000
0002
0001
000E
000C
000B
000E
000C
000D
000E
000D
002C
002F
002B
0031
002F
002C
0035
002A
000E
0009
000B
000F
000D
000D
000D
000F
0001
0001
0001
0001
0002
0001
0000
0001
0001
0002
0004
0002
0003
0001
0004
0001
