(128, 1)
0007
0007
0005
0006
0004
0006
0004
0008
000F
000E
0011
000C
000F
0013
000E
000D
0000
0001
0000
0000
0000
0000
0000
0000
0018
000D
0018
0012
000E
0011
000B
0016
0001
0002
0001
0001
0001
0000
0001
0001
0008
000A
0011
000E
000E
0007
0012
0010
003E
0046
0047
0046
0042
0043
004E
0042
0022
002B
002B
0014
0019
001E
0019
0019
0051
0055
0050
0053
004F
0050
004E
004B
0007
0003
0004
0002
0003
0005
0002
0005
0029
0026
0027
0026
002A
0025
0021
0026
0069
0061
0065
0069
0065
0064
0063
006A
0047
004E
004E
0038
003F
0043
004D
003E
0006
0009
000A
000B
000B
000B
000B
0010
000B
0009
000A
000B
0008
0009
0009
000B
003D
0042
0031
0036
003F
0031
002A
0028
