(128, 1)
0001
0000
0001
0000
0001
0000
0001
0001
0019
0011
0018
0011
0016
0014
001A
001B
0000
0001
0002
0002
0004
0002
0001
0002
0009
000C
000B
000C
0007
000B
000B
000C
0000
0000
0000
0000
0000
0000
0000
0000
0009
000B
000A
0008
0008
0007
0009
0005
0010
000D
0014
0012
000F
000D
0014
0010
0032
002C
002C
002A
0038
0033
002F
0022
000D
000D
000F
000E
000D
000D
000A
000C
0039
0038
0035
0036
0033
0035
002C
0033
0000
0001
0000
0000
0001
0000
0001
0000
0046
003B
0041
004E
0044
003E
0044
004A
0035
0035
0040
003D
0034
0033
0041
003D
0065
0068
0065
0064
0064
0069
0066
0065
000A
0006
0007
000C
000B
0005
0006
000B
0007
000A
0008
0009
0009
0008
000B
0007
