(128, 1)
0005
0005
0006
0002
0005
0002
0006
0002
004E
003B
0044
003B
0046
003E
004B
0048
0001
0003
0002
0001
0007
0004
0001
0001
0078
007A
007A
007A
007B
007A
007A
007B
0008
0006
0007
0009
0008
000A
0006
0009
0052
005E
005B
004F
0053
0057
005F
0050
0078
0078
0078
0079
0079
0079
0077
0079
0025
0021
001B
0017
0027
0023
0023
000F
0078
0078
0079
0079
0077
0076
0077
007A
0075
0077
0077
0076
0077
0073
0073
0077
0003
0004
0004
0003
0005
0001
0005
0003
005B
004B
0057
0063
0056
0052
0057
0062
0054
0056
0059
005B
005C
0059
0064
0056
007D
007C
007D
007D
007C
007D
007D
007D
000A
0006
0009
000A
0009
0007
0007
000A
0003
0004
0006
0003
0005
0002
0006
0003
