(128, 1)
0017
0011
0019
0015
0012
0016
0015
001C
0046
004A
004A
0044
0052
0052
004F
0048
002D
0032
002D
002A
002B
0030
002A
0029
0026
002B
0038
002E
0023
002A
002D
0024
0057
0051
0057
005B
005C
005F
004E
0051
0015
0010
0011
0013
000E
0011
0011
0011
004B
0054
0046
004F
0056
004E
004F
0052
0039
002C
0029
002E
0034
0034
002A
0032
0013
001B
0014
0012
0015
0016
0016
0012
003F
004C
0038
0038
0037
0036
0037
0037
004D
0057
0052
0043
0054
0058
0051
0049
0052
0051
005B
0056
0056
0053
004E
0058
0013
0019
0015
0017
0017
0017
0015
0018
0063
0069
0066
0065
0064
0067
0063
006D
0028
0029
0037
0040
002B
0036
0035
002C
0055
0050
0049
0050
0043
0047
004B
0046
