(128, 1)
0016
0011
0017
0016
0014
0017
0015
001D
0045
0048
004C
0043
0052
0051
004A
0044
002C
0033
002E
002B
002D
0031
002A
002B
0024
002A
0038
002F
0024
0029
0030
0023
0056
004E
0054
005B
0061
005F
004F
0053
0013
0011
0013
0012
0010
0011
0011
0012
004C
0052
0044
004E
0055
0050
004D
004F
0036
002A
0029
0032
0035
0032
0029
0032
0013
001B
0015
0012
0015
0015
0015
0013
003F
004C
0036
0035
0036
0036
0035
0036
004E
0057
004E
0042
0051
005C
004F
0049
0054
0052
005B
0058
0054
0050
0050
0058
0015
0019
0015
0013
0016
0017
0014
0017
0062
0068
0066
0066
0061
0067
0064
006E
002B
002A
003A
003D
0029
0038
0034
002E
0053
0052
0047
0051
0043
0049
004C
0048
