(128, 1)
0005
0005
0007
0002
0005
0002
0006
0003
004E
003C
0043
003C
0044
003E
004A
0048
0001
0003
0002
0001
0007
0004
0001
0001
0078
007A
007A
007A
007B
007A
007A
007B
0008
0006
0007
0008
0008
000A
0007
0008
0051
005C
005A
0050
0053
0058
005F
004D
0078
0078
0078
0078
0079
0079
0076
0079
0025
0022
001D
0017
0026
0022
0021
000F
0078
0078
0079
0079
0078
0076
0076
007B
0075
0077
0076
0077
0077
0073
0073
0077
0003
0004
0004
0004
0006
0001
0005
0003
005B
004B
0057
0064
0056
0052
0058
0062
0054
0056
0059
0059
005D
005A
0065
0057
007D
007C
007D
007D
007C
007D
007D
007D
000B
0006
000A
000B
000B
0007
0006
000A
0004
0004
0006
0003
0006
0002
0006
0003
