(128, 1)
0008
0006
0005
0007
0004
0006
0005
0008
000F
000E
0013
000D
000E
0013
000F
000D
0000
0001
0000
0000
0000
0000
0000
0000
0017
000D
0018
0011
000E
0012
0009
0016
0001
0001
0001
0001
0001
0001
0001
0001
0007
000A
0011
000D
000D
0008
0011
0010
003E
0046
0048
0046
0043
0043
004E
0042
0022
0028
002A
0014
001A
0022
0018
0019
0051
0057
0053
0053
0051
0052
004E
004D
0007
0003
0003
0002
0003
0003
0002
0005
0027
0026
0027
0026
002C
0025
0022
0025
0069
0061
0066
0068
0063
0065
0064
006A
0047
004D
004E
0036
0040
0045
004C
003B
0006
0009
000A
000A
000A
000B
0008
0012
000B
0009
000A
000D
0009
0009
0009
000B
003F
0040
002F
0039
003D
0030
002A
0027
