(128, 1)
0003
0002
0003
0001
0003
0001
0003
0001
0025
0019
001C
001E
0020
0018
0020
0020
0000
0001
0000
0000
0003
0002
0000
0000
0004
0003
0003
0003
0003
0004
0003
0003
0003
0003
0002
0003
0003
0004
0002
0003
001A
001D
0024
0014
001B
001E
0020
001D
0029
0038
0038
0036
002D
0031
0038
003E
0017
0019
0014
000F
0019
0017
0017
0009
0035
0031
0028
002F
0034
0033
002A
002B
0036
003B
0038
0040
003B
003A
0038
0039
0001
0002
0002
0001
0002
0000
0002
0001
000F
000C
000C
000E
000C
000D
000E
000D
002D
0030
002C
0031
002E
002A
0035
002B
000E
0009
000B
000F
000D
000E
000D
000F
0002
0001
0001
0001
0002
0001
0000
0001
0002
0002
0004
0002
0003
0001
0004
0001
