(128, 1)
0002
0003
0004
0001
0002
0001
0003
0002
002B
0020
0026
001D
0025
0024
002A
0029
0001
0002
0002
0001
0004
0002
0001
0001
0074
0077
0077
0077
0078
0077
0077
0077
0005
0004
0005
0005
0005
0006
0005
0006
0038
003E
0035
003B
0037
003A
003F
0031
004E
003D
0042
0044
004B
0047
003F
003D
000C
0009
0008
0007
000E
0009
000A
0006
0043
0047
0050
004B
0045
0043
004F
004F
003C
003C
003D
0038
003A
0039
003A
003E
0002
0002
0002
0003
0004
0001
0003
0002
004A
0040
004E
0055
0049
0046
004B
0055
0028
0027
002E
0028
002E
002D
0031
002C
006F
0073
0071
006F
006F
0070
0070
006E
0009
0005
0009
000A
0009
0006
0006
0009
0001
0002
0002
0001
0003
0001
0002
0002
