(128, 1)
0016
0010
0019
0015
0012
0016
0015
001D
0046
0047
004B
0043
0052
0051
004E
0048
002D
0031
002F
002A
002C
0030
0029
0029
0024
002B
0038
0030
0023
0029
002E
0023
0058
004F
0056
005B
005E
005F
004E
0052
0015
0010
0011
0012
000E
0011
0011
0011
004B
0054
0047
0051
0055
004F
004F
0051
0038
002B
0029
002F
0036
0035
0029
0033
0013
001C
0014
0012
0015
0015
0015
0013
0040
004C
0037
0038
0036
0036
0037
0037
004E
0056
0052
0042
0055
005A
0050
0047
0053
0053
005B
0057
0055
0053
004F
0057
0013
0019
0013
0015
0017
0017
0014
0017
0064
0068
0066
0066
0064
0067
0064
006E
0029
0029
0038
003F
0029
0036
0034
002C
0055
0051
0049
0051
0042
0047
004C
0047
