(128, 1)
002E
0037
0033
002B
0035
0027
002C
002A
0012
0013
0018
0010
0015
0019
0015
0012
0028
0027
0022
0026
0026
0020
0025
001F
001E
0025
001E
0026
001B
0020
0023
001F
0012
0017
0015
0019
0015
0018
0019
001C
0011
0019
0014
0015
0013
0019
0015
0009
002A
002C
0029
002D
0029
001E
002C
0025
0012
000C
000C
0012
000F
000E
0010
0011
003D
0039
003E
0037
003B
0049
003E
003E
000F
0014
0012
0010
0012
000D
0011
0011
0014
0010
0013
0014
0012
0011
0011
0014
0032
002E
0025
0023
0028
0036
0025
0024
002E
002B
0020
0033
002B
002A
0030
0028
0007
0005
0005
0005
0005
0007
0005
0004
000F
0009
000B
0009
000D
000C
000D
000D
0032
0036
0029
0036
0037
0035
003B
002A
