(128, 1)
0005
0005
0005
0006
0004
0007
0005
0007
0035
0030
0030
0031
002C
0037
002F
002D
0016
0016
0016
0015
0012
0011
0012
0012
006A
0062
0066
0066
0065
0069
0069
0066
0007
0005
0006
0005
0006
0005
0005
0006
0029
0028
0033
0034
0031
002C
0029
002D
0011
0013
0011
000E
0011
0010
000F
000E
0002
0002
0002
0002
0002
0002
0002
0002
0007
0005
0006
0007
0007
0005
0006
0006
0046
0046
003B
0039
004A
0043
0042
003F
0046
0047
0043
0049
004D
0047
0041
0045
0009
000B
000A
000C
000A
000B
0008
000A
0044
0045
0041
0046
0045
0042
0046
0038
003C
0042
0042
003F
0040
003A
0043
0045
0059
0059
005B
005E
0058
005B
005B
005D
0037
0041
0037
0039
003F
0037
0039
0039
