(128, 1)
0005
0005
0005
0006
0004
0007
0006
0007
0035
0030
0030
0032
002D
0038
002F
002D
0016
0016
0016
0015
0012
0011
0012
0013
006A
0062
0068
0067
0065
0069
0069
0066
0007
0005
0006
0005
0006
0005
0005
0006
0028
0028
0032
0033
0031
002B
0029
002F
0011
0014
0012
000E
0011
0011
000F
000E
0002
0002
0002
0002
0002
0002
0002
0002
0007
0005
0006
0007
0007
0005
0006
0007
0047
0046
003B
0039
004A
0045
0042
003F
0045
0047
0042
0049
004C
0047
0040
0046
0009
000B
000A
000B
0009
000B
0008
000A
0044
0045
0042
0046
0045
0042
0045
0039
003C
0043
0043
003F
003F
003B
0042
0046
0059
0059
005B
005E
0059
005B
005B
005C
0038
0041
0037
003A
003F
0037
003A
0038
