(128, 1)
0007
0006
0006
0006
0004
0006
0005
0008
0011
000E
0011
000C
000F
0014
000E
000E
0000
0001
0000
0000
0000
0000
0000
0000
0018
000B
0015
0011
000D
0010
0009
0017
0001
0001
0001
0001
0001
0001
0001
0001
0008
000A
0010
000E
000D
0008
0011
0010
003F
0046
0048
0045
0045
0042
0051
0043
0026
0028
0029
0013
0018
001E
0018
0018
0050
0056
0052
0055
004C
0050
0050
004C
0007
0003
0004
0002
0003
0005
0002
0005
0027
0025
0025
0026
002A
0025
0023
0028
006A
0061
0065
006A
0062
0062
0065
0069
0047
004C
004E
003A
0040
0043
004B
003B
0004
0009
000A
000A
0008
000A
0007
000E
000B
0008
0009
000B
0009
0009
0009
000B
003F
0045
0030
0033
0044
0031
002F
0027
