(128, 1)
0003
0002
0003
0001
0003
0001
0003
0001
0024
001A
001E
001F
0021
0017
0020
001F
0000
0001
0000
0000
0002
0002
0000
0000
0004
0003
0003
0003
0003
0003
0003
0003
0003
0003
0002
0003
0003
0004
0002
0003
0019
001E
0025
0014
001B
001E
0021
001D
002A
0039
0039
0037
002E
0031
0039
003D
0017
0019
0013
0010
0019
0018
0017
0008
0034
0032
0028
002F
0033
0033
0029
0028
0038
003B
003A
0041
003B
0038
0038
0039
0001
0002
0002
0001
0002
0000
0002
0001
000F
000C
000C
000E
000C
000D
000E
000D
002B
002F
002C
0031
002F
002B
0034
002B
000E
000A
000B
000F
000D
000D
000D
000F
0002
0001
0001
0001
0002
0001
0000
0001
0002
0002
0004
0002
0003
0001
0004
0001
