(128, 1)
0005
0005
0005
0006
0004
0007
0006
0007
0035
0032
002F
0030
002C
0036
0030
002F
0017
0016
0016
0015
0013
0011
0012
0012
006A
0062
0067
0066
0064
0069
0069
0066
0007
0005
0006
0005
0006
0005
0005
0006
0027
0027
0032
0033
0031
002E
002A
002F
0011
0013
0011
000F
0011
0011
000F
000E
0002
0002
0002
0002
0002
0002
0002
0002
0006
0005
0006
0007
0006
0005
0006
0007
0047
0045
003B
003A
004A
0044
0044
003F
0045
0047
0043
004B
004E
0047
0042
0045
0009
000B
000A
000C
000A
000B
0008
0009
0045
0045
0041
0047
0044
0043
0046
0038
003C
0043
0041
003E
003F
003A
0042
0046
0059
0059
005B
005F
0058
005C
005B
005E
0038
0041
0038
0039
003F
0037
0039
0039
