(128, 1)
0003
0002
0003
0001
0003
0001
0003
0001
0025
0019
001E
001F
0021
0017
0020
0020
0000
0001
0000
0000
0003
0002
0000
0000
0004
0003
0004
0003
0003
0004
0003
0003
0003
0003
0002
0003
0003
0004
0002
0003
0019
001E
0025
0014
001B
001E
0020
001D
0029
0038
0039
0036
002D
0030
0037
003D
0016
0019
0013
000F
0019
0017
0017
0009
0034
0031
0027
002F
0033
0032
0028
0029
0036
003C
0039
0041
003B
003A
0038
0039
0001
0002
0002
0001
0002
0000
0002
0001
000E
000C
000C
000D
000C
000D
000E
000D
002A
002F
002C
002F
002F
002C
0034
002C
000E
0009
000B
000F
000D
000D
000D
000F
0002
0001
0001
0001
0002
0001
0001
0001
0001
0002
0004
0002
0003
0001
0004
0001
