(128, 1)
0006
0006
0007
0002
0004
0002
0006
0002
004B
0039
0040
003A
0042
003B
0048
0046
0001
0002
0002
0001
0005
0003
0001
0001
0078
007A
007A
0079
007B
007A
007A
007B
0008
0005
0007
0008
0008
0009
0007
0008
0055
005E
005A
0050
0055
0057
005D
004D
0078
0078
0078
0078
0079
0079
0077
0079
0026
0026
001F
001D
002B
0025
0026
0012
0078
0078
0079
0078
0077
0076
0076
007A
0075
0076
0076
0077
0077
0073
0073
0077
0003
0004
0004
0004
0005
0001
0004
0003
0058
004B
0056
0060
0056
0052
0058
005F
0050
0055
0059
0057
005E
0059
0063
0055
007D
007C
007D
007D
007C
007D
007D
007D
000B
0007
0009
000A
000A
0007
0007
000B
0003
0006
0006
0003
0005
0002
0006
0003
