(128, 1)
0016
0011
0018
0016
0013
0017
0016
001D
0045
0049
004B
0042
0051
0051
004E
0046
002D
0032
002D
002B
002C
0032
0029
002A
0023
002A
0038
002F
0022
0029
002E
0022
0057
004F
0056
005B
005F
005F
004E
0052
0013
0011
0011
0012
000E
0011
0010
0011
004B
0054
0047
0050
0056
004F
004E
0051
0039
002C
0029
0030
0037
0035
0029
0033
0013
001C
0014
0012
0015
0015
0015
0013
0040
004D
0038
0038
0035
0036
0036
0037
004D
0056
0051
0042
0054
005A
0051
0049
0052
0052
005B
0056
0056
0052
004F
0058
0014
0019
0014
0015
0016
0017
0014
0018
0064
0069
0066
0066
0063
0066
0063
006E
0029
0029
0038
003E
002A
0035
0034
002C
0055
0051
0048
0050
0043
0047
004B
0048
