(128, 1)
0008
0006
0005
0007
0004
0006
0005
0008
000F
000D
0013
000D
000E
0013
0011
000C
0000
0001
0000
0000
0000
0000
0000
0000
0017
000D
0016
0012
000D
0012
000A
0016
0001
0001
0001
0001
0001
0001
0001
0001
0007
000A
0011
000C
000D
0008
0012
000E
003E
0046
0048
0046
0042
0046
004F
0041
0026
0028
0029
0014
001A
0020
0018
0018
0052
0057
0054
0053
004E
0051
004F
004E
0006
0003
0003
0002
0003
0004
0002
0005
0028
0024
0027
0025
0029
0023
0023
0025
0069
0060
0065
0069
0062
0065
0065
0069
0049
004E
004E
0038
003E
0045
004C
003D
0005
0009
0009
000B
0008
000A
0008
0010
000B
0009
000A
000E
0009
0008
000A
000A
0040
0041
002E
0037
003F
002F
002C
0028
