(128, 1)
0005
0005
0005
0006
0004
0007
0006
0007
0034
0032
0030
0031
002D
0037
002F
002D
0016
0016
0017
0015
0012
0011
0012
0012
006A
0062
0067
0067
0065
0069
0069
0067
0007
0005
0006
0005
0006
0005
0006
0006
0028
0028
0033
0033
0031
002D
002A
002E
0011
0013
0012
000F
0010
0011
000F
000E
0002
0002
0002
0002
0002
0002
0002
0002
0007
0005
0006
0007
0007
0005
0006
0006
0046
0046
003A
0039
0049
0044
0041
003F
0046
0047
0042
0049
004D
0046
0042
0045
0009
000B
000A
000B
0009
000B
0008
000A
0045
0045
0041
0046
0045
0041
0045
0037
003C
0043
0043
003F
003F
003A
0043
0045
0058
0059
005B
005F
0059
005B
005B
005C
0038
0041
0037
003A
003F
0038
0039
0038
