(128, 1)
0007
0006
0006
0006
0004
0007
0005
0009
0011
000D
0011
000C
000F
0015
000F
000D
0000
0002
0000
0000
0000
0000
0000
0000
0017
000B
0014
0013
000D
0011
000A
0015
0001
0001
0000
0001
0001
0001
0001
0001
0008
000A
0011
000D
000D
0008
0012
0010
003F
0046
0049
0044
0043
0044
0052
0041
0029
002B
0028
0014
0018
001D
0017
001A
0051
0057
0051
0054
004B
004F
0050
004A
0006
0002
0003
0001
0003
0004
0002
0005
0028
0025
0025
0025
0029
0022
0022
0028
006A
005F
0066
006A
0063
0061
0064
006A
0047
004D
0050
0038
0042
0044
004D
003F
0004
0007
0009
000B
0006
000A
0007
000D
000B
0008
000A
000C
0009
0008
0009
000B
0042
0046
0030
0034
0047
002F
002E
0026
