(128, 1)
0007
0007
0005
0007
0004
0006
0005
0008
0010
000E
0012
000C
000F
0013
000F
000D
0000
0001
0000
0000
0000
0000
0000
0000
0018
000D
0018
0011
000D
0012
0009
0017
0001
0001
0001
0001
0001
0001
0001
0001
0008
000A
0010
000D
000D
0008
0012
0010
003E
0046
0049
0046
0044
0043
004F
0041
0022
0028
002B
0014
001A
0021
0018
0019
0050
0057
0052
0054
0050
0051
004F
004D
0006
0003
0004
0002
0003
0004
0001
0005
0027
0026
0026
0026
0029
0025
0021
0026
0069
0060
0065
0068
0063
0064
0064
006A
0048
004D
004E
0038
003F
0045
004C
003B
0005
0009
000A
000A
000B
000A
0009
0012
000B
0009
000A
000C
0009
0009
0009
000B
003F
0040
002F
0037
003E
0031
002A
0027
