(128, 1)
0000
0000
0000
0000
0000
0000
0000
0000
002A
0023
002A
0021
002B
0026
002D
002E
0000
0002
0001
0000
0006
0002
0000
0000
000A
000D
000C
000D
0009
000D
000C
000D
0000
0000
0000
0000
0000
0000
0000
0000
0007
0008
0008
0006
0006
0005
0008
0004
000D
000C
000F
000D
000C
000B
000F
000C
001E
001E
0018
0012
0021
001F
001B
000B
000F
000F
0010
0010
000E
000F
000D
000E
003F
0041
003D
0040
0038
0043
0037
0039
0000
0000
0000
0000
0000
0000
0000
0000
004B
0044
0049
0055
0049
0043
004B
0050
0035
0031
0039
0037
0030
0035
003B
0036
0067
006A
0069
0069
0065
006C
0069
0068
0007
0004
0008
0009
0009
0005
0005
000A
0001
0002
0002
0001
0002
0001
0002
0000
