(128, 1)
0005
0005
0005
0006
0004
0007
0005
0007
0035
0031
0030
0032
002C
0038
0030
002E
0016
0016
0017
0016
0013
0012
0013
0013
006A
0062
0068
0068
0065
0069
0069
0066
0007
0005
0006
0005
0006
0005
0005
0006
0029
0028
0033
0033
0030
002D
002A
002E
0011
0013
0012
000F
0011
0011
000F
000E
0002
0002
0002
0002
0002
0002
0002
0002
0007
0005
0006
0007
0006
0005
0006
0007
0046
0046
003B
0039
004A
0044
0042
003F
0047
0047
0042
004B
004D
0048
0043
0046
0009
000A
000A
000B
0009
000A
0008
0009
0044
0045
0042
0046
0045
0043
0046
0038
003B
0041
0041
003F
0040
003B
0042
0045
0058
005A
005B
005E
0059
005C
005B
005C
0038
0042
0037
003A
003F
0038
003B
003A
