(128, 1)
0002
0003
0004
0001
0002
0001
0003
0001
002B
0021
0027
001E
0025
0026
002B
0029
0001
0002
0002
0001
0004
0002
0001
0001
0074
0077
0077
0077
0078
0077
0077
0078
0005
0004
0005
0006
0005
0005
0005
0005
0038
0040
0038
003B
0037
003A
003F
0032
004E
003E
0040
0043
004B
0047
003E
003D
000D
0009
0008
0007
000E
000B
000A
0005
0044
0047
0052
004B
0043
0043
004F
0050
003F
003C
003D
0038
003B
0039
003B
003E
0002
0002
0002
0003
0003
0001
0003
0002
004C
0041
004C
0056
0048
0045
004A
0053
0028
0027
002F
002A
002E
002E
0030
002B
006F
0073
0072
006F
006F
0070
0070
006E
0008
0006
0009
000A
0008
0006
0006
000A
0001
0002
0002
0001
0003
0001
0002
0002
