(128, 1)
0000
0000
0000
0000
0000
0000
0000
0000
002A
0022
0029
0020
0029
0027
002D
002D
0000
0001
0001
0000
0005
0002
0000
0000
000B
000D
000C
000D
0008
000D
000B
000D
0000
0000
0000
0000
0000
0000
0000
0000
0007
0009
0008
0006
0006
0005
0008
0004
000D
000C
000F
000D
000D
000B
000F
000B
0020
0020
001A
0013
0021
0020
001B
000C
000F
000E
0010
000F
000E
000F
000D
000E
003E
003F
003F
0040
003A
0043
0036
003A
0000
0000
0000
0000
0000
0000
0000
0000
004B
0044
004D
0055
0049
0042
004B
0050
0034
0031
0037
0036
0031
0034
003C
0035
0067
006A
0069
0069
0064
006C
0069
0068
0008
0005
0008
0008
0008
0004
0005
0009
0001
0002
0002
0001
0002
0000
0002
0001
