(128, 1)
0002
0003
0004
0001
0002
0001
0003
0001
002A
0021
0029
001E
0026
0026
002D
002B
0001
0002
0002
0001
0004
0002
0001
0001
0074
0077
0077
0077
0078
0077
0077
0078
0005
0004
0005
0005
0005
0006
0005
0006
0038
0042
0039
003A
0038
003A
003E
0031
0050
003F
003F
0043
004B
0049
003F
003C
000D
000A
0008
0006
000D
000A
0009
0005
0043
0046
0051
004B
0045
0044
004F
0050
003F
003B
003E
0036
003C
0039
003B
003D
0002
0002
0002
0003
0003
0001
0003
0002
004C
0041
004C
0056
0049
0043
0048
0053
0028
0027
002F
0029
002F
002E
0030
002B
006F
0073
0072
006E
006F
0070
0070
006E
0008
0005
0008
000A
0009
0005
0006
000A
0002
0002
0002
0001
0003
0001
0002
0002
