(128, 1)
0003
0002
0003
0001
0003
0001
0003
0001
0024
001A
001E
0020
0020
0017
0020
001F
0000
0001
0000
0000
0002
0001
0000
0000
0004
0003
0003
0003
0003
0003
0003
0003
0003
0002
0002
0003
0003
0004
0002
0003
001A
001E
0024
0014
001B
001D
0021
001D
0029
003B
0038
0035
002D
0032
0038
003E
0018
0019
0013
000F
0019
001A
0017
0009
0035
0032
0028
002E
0033
0034
0029
0029
0038
003B
003A
0040
003C
0039
0039
0038
0001
0002
0002
0001
0002
0000
0002
0001
000F
000C
000B
000E
000C
000D
000E
000D
002B
002F
002C
0032
002F
002B
0034
002A
000F
0009
000B
000F
000D
000D
000D
000F
0002
0001
0001
0001
0001
0001
0000
0002
0002
0003
0004
0002
0004
0001
0004
0001
