(128, 1)
0003
0002
0003
0001
0003
0001
0003
0002
0024
0019
001D
001E
0020
0017
001F
0020
0000
0001
0000
0000
0003
0002
0000
0000
0004
0003
0003
0003
0003
0004
0003
0003
0003
0002
0002
0003
0003
0004
0002
0003
001A
001D
0024
0014
001B
001D
0020
001D
0029
0038
0039
0035
002D
0030
0038
003D
0016
0019
0013
0010
0018
0018
0017
0009
0034
0032
0027
002F
0033
0033
0029
0029
0036
003C
0038
0040
003B
003A
0038
0039
0001
0002
0002
0001
0002
0000
0002
0001
000F
000C
000B
000E
000C
000D
000E
000D
002A
0030
002C
002F
002E
002C
0034
002B
000E
0009
000C
000F
000D
000D
000D
000F
0002
0001
0001
0001
0002
0001
0001
0001
0001
0002
0004
0002
0003
0001
0004
0001
