(128, 1)
0007
0007
0006
0006
0004
0007
0005
0008
0010
000D
0012
000D
000F
0014
000E
000D
0000
0001
0000
0000
0000
0000
0000
0000
0017
000C
0014
0012
000D
0011
000A
0016
0001
0001
0001
0001
0001
0001
0001
0001
0008
000A
0011
000E
000D
0008
0012
0010
003F
0047
0047
0045
0043
0044
0051
0041
0028
002B
0029
0015
0019
001D
0018
0019
0051
0057
0052
0054
004D
0050
004F
004B
0007
0003
0004
0002
0003
0004
0002
0005
0027
0025
0026
0025
002A
0023
0022
0028
006A
0060
0065
006A
0063
0063
0065
0069
0048
004D
004E
0039
003F
0043
004C
003E
0005
0008
0009
000B
0008
000A
0008
000E
000B
0008
000A
000C
000A
0009
0009
000B
0041
0045
0030
0034
0044
0031
002D
0028
