(128, 1)
002F
001E
0020
002A
0022
0023
0025
0023
003C
003A
003C
003C
003F
0035
003C
0043
0049
004E
0049
0052
0052
004A
0047
0052
0005
000A
0006
0007
0009
0007
0007
0008
0000
0000
0000
0000
0000
0000
0000
0000
0052
0051
0049
0048
004A
004C
0050
004A
0054
0049
0050
0049
0052
004B
0049
0054
0073
0072
0070
006F
0070
006E
0073
006E
0036
0043
0048
004A
003D
0041
0046
0040
0000
0000
0000
0000
0000
0000
0000
0000
0006
0006
0004
0004
0006
0005
0006
0005
0071
0070
0071
006F
0072
006F
0071
0071
0026
0024
0021
0021
0025
0028
0025
002D
0010
000B
000D
000E
000B
000C
000A
000B
0022
0021
001F
001D
0022
0020
001F
001E
0042
0037
003F
003D
0038
0043
003D
003D
