(128, 1)
0007
0007
0006
0006
0004
0006
0004
0009
0011
000D
0011
000C
000F
0015
000E
000D
0000
0001
0000
0000
0000
0000
0000
0000
0017
000B
0014
0012
000D
0011
000A
0016
0001
0002
0000
0000
0001
0001
0001
0001
0008
0009
0010
000E
000D
0008
0012
0010
003E
0047
0048
0044
0043
0042
0050
0041
002B
002B
0028
0014
0018
001C
0018
0019
0051
0055
0051
0055
004B
004F
004F
004B
0007
0002
0004
0002
0003
0005
0003
0005
0028
0026
0025
0025
0029
0023
0021
0029
006A
005F
0065
006A
0062
0062
0063
006A
0047
004D
004D
0038
0040
0044
004D
003F
0004
0007
0009
000B
0007
000A
0007
000E
000B
0008
000A
000C
0009
0009
0009
000B
003F
0047
0030
0034
0047
0031
002E
0028
