(128, 1)
0005
0005
0007
0002
0005
0002
0006
0003
004C
003D
0048
003C
0046
0040
004E
0049
0001
0003
0002
0001
0007
0004
0001
0001
0078
007A
007A
007A
007B
007A
007A
007B
0008
0006
0007
0009
0008
0009
0007
0008
0050
005F
005D
0050
0051
0054
0060
0050
0078
0078
0078
0078
0079
0079
0077
0079
0025
0024
001C
0015
0026
0025
0020
000C
0079
0078
0079
0079
0078
0076
0077
007B
0075
0077
0077
0077
0079
0073
0073
0077
0003
0004
0004
0004
0006
0001
0005
0003
005C
004F
0059
0065
0057
004F
0057
0062
0055
0056
0059
005B
005D
0056
0064
0055
007D
007C
007D
007D
007C
007D
007D
007D
000A
0007
0009
000A
000B
0006
0006
000C
0004
0004
0006
0003
0007
0002
0006
0002
