(128, 1)
0007
0006
0006
0006
0004
0006
0004
0008
000F
000E
0012
000C
000F
0013
000E
000D
0000
0001
0000
0000
0000
0000
0000
0000
0017
000D
001A
0011
000D
0013
000C
0016
0001
0001
0001
0001
0001
0001
0001
0001
0008
000A
0011
000E
000C
0008
0012
0010
003E
0046
0047
0046
0042
0043
004F
0041
0022
0028
002B
0013
0019
0020
0019
0018
0050
0056
0052
0053
0050
0050
004E
004D
0007
0003
0004
0002
0003
0004
0002
0005
0027
0026
0026
0026
002A
0025
0021
0028
006A
0062
0065
0069
0064
0063
0064
006A
0049
004D
004D
0037
0040
0043
004D
003C
0006
0009
000A
0008
000C
000C
0009
0011
000B
0009
000A
000B
0009
0009
0008
000A
003F
0041
0030
0037
003E
0031
002B
0027
