(128, 1)
0036
0032
002E
003A
0022
0033
002D
003A
006C
006B
006E
0068
0069
006C
0069
0067
0001
0002
0000
0000
0000
0000
0000
0000
0021
0011
0022
0016
0014
001B
000F
0021
0048
004F
0043
0047
004B
0042
004D
0049
002C
0030
0049
003B
0039
0026
0044
0047
0075
0073
0074
0076
0075
0074
0072
0075
0023
0029
002D
0015
001C
0023
001B
0019
006E
0072
0070
006E
006F
0070
0070
006F
0008
0004
0004
0003
0004
0005
0003
0006
0077
0078
0077
0077
0077
0078
0075
0075
0073
0074
0077
0076
0075
0076
0076
0075
0055
005D
005A
0049
004B
0053
005C
0047
0007
000D
000C
000E
000C
000D
000B
0016
0064
006C
006D
006F
006A
006F
006C
006D
0056
0053
0041
0046
0050
0042
0039
0034
