(128, 1)
0006
0005
0007
0002
0005
0002
0006
0003
004E
003E
0046
003D
0045
003E
004C
0049
0001
0003
0002
0002
0007
0004
0001
0001
0078
007A
007A
007A
007B
007A
007A
007B
0008
0006
0007
0008
0008
000A
0007
0009
0052
005E
005B
004E
0053
0056
005F
004F
0078
0078
0078
0078
0079
0079
0077
0079
0025
0021
001A
0016
0026
0022
0021
000E
0079
0078
0079
0079
0078
0076
0077
007A
0075
0077
0076
0078
0077
0073
0073
0077
0003
0004
0004
0004
0006
0001
0005
0003
005C
004D
0057
0065
0056
0052
0057
0062
0054
0056
0059
005B
005C
0059
0064
0056
007D
007C
007D
007D
007C
007D
007D
007D
000A
0007
0009
000B
000A
0006
0007
000C
0004
0004
0006
0003
0006
0002
0006
0003
