(128, 1)
0005
0005
0006
0002
0005
0002
0006
0003
004D
003E
0047
003E
0046
003E
004E
0049
0001
0003
0002
0001
0006
0005
0001
0001
0078
007A
007A
007A
007B
007A
007A
007B
0008
0006
0007
0009
0008
0009
0007
0008
0051
005E
005C
0050
0054
0054
005F
004F
0078
0078
0078
0078
0079
0079
0077
0079
0024
0022
001C
0016
0026
0024
0020
000E
0079
0078
0079
0079
0078
0076
0076
007B
0075
0077
0077
0077
0078
0073
0073
0077
0003
0004
0004
0004
0006
0001
0004
0003
005D
004F
0056
0065
0057
0051
0057
0060
0055
0056
0059
005B
005C
0056
0064
0055
007D
007C
007D
007D
007C
007D
007D
007D
000A
0007
0008
000B
000B
0006
0006
000B
0004
0004
0006
0003
0006
0003
0006
0002
