(128, 1)
0007
0006
0006
0006
0004
0007
0005
0008
0010
000D
0012
000D
000E
0013
000E
000D
0000
0001
0000
0000
0000
0000
0000
0000
0017
000D
0015
0011
000D
0012
000A
0016
0001
0001
0001
0001
0001
0001
0001
0001
0008
000A
0010
000D
000D
0008
0011
000F
003E
0046
0047
0046
0044
0043
0050
0041
0027
0028
0029
0014
001A
0020
0018
0019
0050
0058
0053
0054
004D
0050
0050
004C
0007
0003
0003
0002
0003
0004
0002
0005
0027
0024
0027
0025
002A
0024
0022
0026
0069
0060
0065
006A
0062
0064
0066
0069
0048
004D
004D
003A
003F
0045
004B
003E
0005
0009
000A
000B
0007
000A
0007
0010
000B
0008
000A
000D
0009
0009
0009
000B
0042
0045
002F
0036
0044
0030
002D
0027
