(128, 1)
0003
0002
0003
0001
0003
0001
0003
0002
0024
0019
001D
001E
0020
0017
0021
001F
0000
0001
0000
0000
0003
0002
0000
0000
0004
0003
0003
0003
0003
0004
0003
0003
0003
0002
0002
0003
0003
0004
0002
0004
001A
001E
0023
0014
001A
001E
0020
001D
0029
0039
0039
0035
002C
0030
0038
003E
0017
0018
0013
0011
0018
0019
0019
0009
0034
0031
0028
002F
0034
0033
0029
0028
0035
003C
003A
0041
003B
0039
0038
0038
0001
0002
0002
0001
0002
0000
0002
0001
000E
000C
000B
000D
000C
000D
000F
000D
002B
002F
002B
0031
002F
002C
0034
002B
000E
0009
000B
000F
000D
000D
000D
000F
0002
0001
0001
0001
0001
0001
0001
0001
0002
0002
0004
0002
0003
0001
0004
0001
