(128, 1)
0002
0003
0003
0001
0002
0001
0003
0002
0029
0021
0028
001D
0025
0026
002B
0029
0001
0002
0002
0001
0003
0002
0001
0001
0074
0077
0077
0076
0078
0077
0077
0078
0005
0004
0005
0005
0005
0005
0005
0006
0039
0040
0037
003B
0039
003A
003D
0032
004F
003F
003F
0044
004B
0048
003F
003D
000C
0009
0008
0007
000E
000A
000A
0005
0045
0047
0051
004B
0045
0043
004F
0050
003E
003B
003E
0036
003B
0039
003B
003E
0002
0002
0002
0003
0004
0001
0003
0002
004D
0040
004B
0058
004A
0044
004B
0055
0029
0026
002F
002A
002E
002D
0030
002B
006F
0073
0072
006F
006F
0070
0070
006E
0008
0006
0008
000A
0009
0005
0006
000A
0002
0002
0002
0001
0002
0001
0002
0001
