(128, 1)
0046
0036
0030
003E
0032
0039
003B
0037
0034
0032
0032
0030
0033
002C
0034
0039
0050
0050
004E
0055
0055
004F
0047
0053
0006
000A
0007
0008
0009
0008
0008
0008
0000
0000
0000
0000
0000
0000
0000
0000
0049
0049
003D
003C
003F
0044
0046
003F
0052
004A
004E
004A
0053
004A
0049
0053
0075
0074
0072
0070
0072
006F
0073
006E
001E
002A
0031
0037
0028
0028
002E
002F
0000
0000
0000
0000
0000
0000
0000
0000
0002
0002
0002
0002
0003
0002
0002
0002
0074
0072
0073
0072
0074
0071
0073
0074
002E
002C
002C
002B
002E
002F
002D
0038
0016
000F
0014
0012
0010
0011
000E
0011
001A
001B
0017
0016
001B
0019
0018
0018
003C
0032
003A
0039
0035
003C
0039
003B
