(128, 1)
0000
0000
0000
0000
0000
0000
0000
0000
002A
0022
0027
0020
0029
0025
002B
002D
0000
0002
0001
0000
0006
0003
0000
0000
000A
000D
000C
000D
0008
000D
000B
000D
0000
0000
0000
0000
0000
0000
0000
0000
0007
0009
0008
0006
0006
0006
0008
0004
000D
000B
000F
000D
000D
000B
0010
000C
001E
001E
0017
0012
0022
001E
001B
000C
000E
000E
0010
0010
000E
000F
000D
000E
003E
0040
003E
0040
0038
0041
0036
0039
0000
0000
0000
0000
0000
0000
0000
0000
0048
0043
004D
0055
0049
0042
004B
004E
0034
0032
0039
0034
002F
0036
003B
0035
0068
006A
006A
0069
0065
006B
006A
0068
0007
0004
0008
0009
0009
0005
0005
0008
0000
0001
0002
0001
0002
0000
0002
0001
