(128, 1)
0003
0002
0003
0001
0003
0001
0003
0001
0024
001B
001F
001F
0020
0018
001F
001E
0000
0001
0000
0000
0002
0002
0000
0000
0004
0003
0003
0003
0003
0003
0003
0004
0003
0003
0002
0003
0003
0004
0002
0003
0019
001D
0026
0015
001C
001D
0020
001E
002A
003B
0038
0035
0030
0032
0038
003D
0017
001A
0015
0010
0019
001A
0018
0009
0034
0032
0029
002E
0032
0033
002A
002B
0039
003B
003A
0040
003D
0039
0039
0038
0001
0002
0002
0001
0002
0000
0002
0001
000F
000B
000B
000D
000C
000D
000C
000D
002B
002F
002B
0032
0030
002C
0034
002A
000E
0009
000B
000E
000E
000E
000D
0010
0002
0001
0001
0001
0001
0001
0001
0001
0002
0002
0004
0002
0003
0001
0004
0001
