(128, 1)
0005
0005
0005
0006
0004
0006
0005
0006
0034
0032
0030
0031
002C
0036
002F
002D
0017
0016
0019
0016
0013
0012
0013
0013
006B
0062
0068
0068
0066
006A
006A
0068
0007
0005
0006
0005
0005
0005
0005
0006
0029
0029
0033
0034
0031
002C
002A
0030
0012
0015
0012
000F
0011
0012
0011
000F
0002
0002
0002
0002
0002
0002
0002
0002
0006
0005
0006
0007
0006
0004
0005
0006
0047
0046
003B
0038
004B
0044
0042
003F
0049
0048
0046
004B
004E
0049
0043
0047
0008
0009
0009
000A
0009
0009
0007
0008
0044
0046
0043
0046
0046
0043
0045
0038
003B
0041
0041
003F
003F
0039
0041
0045
005B
005B
005D
005F
005A
005B
005C
005E
0039
0042
0038
003D
0040
003A
003A
003A
