(128, 1)
0005
0005
0007
0002
0005
0002
0006
0003
004B
003C
0048
003E
0046
003E
004E
0049
0001
0003
0002
0001
0006
0004
0001
0001
0078
007A
007A
007A
007B
007A
007A
007B
0008
0007
0007
0009
0008
0009
0007
0008
0051
005F
005B
004F
0052
0056
0060
004E
0078
0078
0078
0078
0079
0079
0077
0079
0025
0022
001B
0015
0026
0025
0021
000E
0079
0078
0079
0079
0078
0076
0077
007B
0075
0077
0076
0077
0077
0073
0073
0077
0003
0004
0004
0004
0006
0001
0005
0003
005C
004D
0057
0066
0056
0052
0059
0062
0056
0054
0059
005B
005C
0058
0064
0056
007D
007C
007D
007D
007C
007D
007D
007D
000A
0007
0009
000B
000A
0006
0006
000B
0003
0004
0006
0003
0006
0003
0006
0002
