(128, 1)
0005
0006
0006
0002
0004
0002
0006
0003
003E
002E
0038
002F
0037
0030
003F
003D
0000
0001
0001
0001
0004
0003
0001
0001
0078
007A
007A
0079
007A
007A
007A
007B
0008
0006
0007
0008
0008
0009
0006
0007
004E
005D
005B
004A
0053
0054
005C
004A
0078
0078
0078
0079
0079
0079
0078
0079
0036
0037
0030
002B
0039
0039
0036
001D
0078
0077
0077
0078
0075
0073
0075
007A
0075
0076
0075
0075
0076
0072
0071
0077
0003
0004
0004
0005
0005
0002
0004
0003
0059
004A
0052
0061
0054
004B
0054
0060
004F
0050
0057
0059
005C
0053
0061
0054
007C
007C
007D
007D
007C
007C
007C
007C
000B
0008
0009
000E
000C
0007
0008
000D
0006
0007
0007
0005
0006
0003
0008
0003
