(128, 1)
0005
0005
0005
0006
0005
0007
0006
0007
0034
0031
002F
0031
002C
0036
002F
002D
0017
0016
0016
0014
0012
0011
0012
0012
0069
0062
0067
0066
0065
0069
0068
0066
0007
0005
0006
0005
0006
0005
0005
0006
0028
0029
0033
0033
002F
002C
0029
002E
0011
0013
0012
000E
0011
0011
000F
000E
0002
0002
0002
0002
0002
0002
0002
0002
0007
0005
0006
0007
0007
0005
0006
0006
0046
0046
003B
0039
0049
0044
0043
003F
0045
0046
0042
0049
004C
0047
0041
0044
0009
000B
000B
000C
000A
000B
0009
000A
0044
0044
0040
0046
0044
0041
0046
0038
003C
0043
0042
003F
0040
003A
0042
0046
0057
0059
005C
005F
0059
005C
005B
005B
0037
0041
0036
0039
003E
0037
003A
0038
