(128, 1)
0004
0004
0004
0005
0004
0006
0005
0005
0034
0031
0030
0031
002B
0034
002F
002C
0019
0018
0019
0016
0015
0013
0015
0015
006C
0063
0069
0069
0068
006B
006A
0069
0006
0005
0005
0005
0006
0005
0005
0006
0029
0029
0035
0035
0032
002D
002B
002F
0013
0016
0013
0010
0012
0013
0011
0010
0002
0002
0002
0002
0002
0002
0002
0002
0006
0004
0005
0006
0005
0004
0005
0006
0047
0045
003A
0039
004B
0044
0042
003F
004C
004D
0049
004F
0053
004D
0047
004B
0007
0008
0008
0008
0007
0008
0006
0007
0046
0047
0044
0048
0047
0043
0046
0038
003B
0041
0041
003D
003D
0037
0041
0042
005C
005C
005F
0060
005B
005E
005F
005F
003D
0044
003D
003E
0043
003C
003C
003C
