(128, 1)
0002
0003
0004
0001
0002
0001
0003
0002
0029
0022
0028
001E
0026
0026
002B
0026
0001
0002
0002
0001
0004
0002
0001
0001
0074
0077
0077
0076
0078
0077
0077
0077
0005
0004
0005
0006
0005
0006
0005
0006
0038
0041
0038
003B
0039
0039
003D
0031
004F
003E
0041
0043
004C
0048
003E
003C
000D
0009
0007
0006
000E
000B
000A
0006
0043
0047
0052
004B
0045
0043
004E
004F
003E
003B
003D
0036
003A
0039
003B
003F
0002
0002
0002
0002
0003
0001
0003
0002
004D
003E
004C
0057
0049
0044
004B
0053
0027
0027
002F
002A
002E
002D
0030
002B
006F
0072
0071
006F
006F
0070
0070
006E
0008
0005
0008
000A
0008
0005
0006
000A
0001
0002
0002
0001
0003
0001
0002
0002
