(128, 1)
0017
0010
0019
0015
0013
0015
0015
001B
0047
0049
004A
0043
0052
0053
004E
0048
002E
0031
002D
0029
002B
002F
002B
0029
0025
002B
0038
002E
0024
002C
002D
0022
0057
0050
0056
005B
005C
005F
0050
0051
0015
000F
0011
0012
000E
0011
0011
0011
004B
0054
0048
004F
0056
004E
004F
0052
003A
002C
0028
002E
0036
0034
0029
0033
0013
001C
0014
0012
0016
0015
0015
0012
003F
004B
0039
0039
0036
0036
0037
0038
004E
0056
0053
0041
0055
0058
0051
0049
0052
0051
005B
0056
0055
0054
004E
0058
0012
0019
0013
0017
0017
0016
0014
0018
0063
0069
0066
0066
0065
0066
0064
006D
0027
002A
0037
003F
002B
0035
0035
002B
0056
0050
004A
0050
0043
0047
004B
0046
