(128, 1)
0005
0005
0006
0002
0006
0002
0006
0003
004F
003A
0045
003B
0044
0041
004B
0049
0001
0003
0002
0001
0007
0004
0001
0001
0078
007A
007A
007A
007B
007A
007A
007B
0008
0006
0006
000A
0008
0009
0007
0008
0051
005C
005B
004F
0052
0056
005F
0050
0078
0078
0078
0079
0079
0079
0077
0079
0024
0023
001C
0016
0026
0024
0020
000D
0078
0079
0079
0079
0078
0076
0077
007B
0075
0077
0077
0077
0079
0073
0073
0077
0003
0004
0004
0004
0006
0001
0005
0003
005C
004E
005A
0064
0057
0051
0058
0062
0055
0056
0058
005B
005D
0057
0065
0055
007D
007C
007D
007D
007C
007D
007D
007D
0009
0007
000A
000A
000B
0006
0007
000A
0002
0004
0006
0003
0007
0003
0006
0003
