(128, 1)
0002
0003
0004
0001
0002
0001
0003
0002
0028
0023
002A
001E
0025
0027
002E
0027
0001
0002
0002
0002
0003
0002
0001
0001
0074
0077
0077
0077
0078
0076
0077
0078
0005
0004
0005
0006
0005
0005
0005
0005
0038
0042
0039
003B
0038
0036
003F
0031
004E
0041
0040
0041
004C
0049
003F
003B
000E
0009
0008
0006
000E
000B
0009
0005
0045
0047
0052
0049
0044
0043
004F
0051
003F
003B
003D
0036
003D
0039
003B
003F
0002
0002
0002
0002
0004
0001
0003
0002
004D
0043
004C
0056
004A
0042
0048
0053
0028
0026
002E
002C
002F
002C
002F
0029
006E
0073
0072
006E
006F
006F
0070
006E
0008
0006
0007
000A
0008
0005
0006
000A
0002
0002
0002
0001
0003
0002
0002
0002
