(128, 1)
0005
0005
0007
0002
0005
0002
0006
0003
004E
003B
0044
003B
0046
003E
004B
0048
0001
0003
0002
0001
0007
0004
0001
0001
0078
007A
007A
007A
007B
007A
007A
007B
0008
0007
0007
0008
0008
000A
0007
0009
0051
005C
005B
004F
0053
0057
005E
004F
0078
0078
0078
0079
0079
0079
0076
0079
0023
0022
001C
0016
0026
0021
0022
000F
0078
0078
0079
0079
0078
0076
0077
007B
0074
0077
0076
0077
0077
0073
0073
0077
0003
0004
0004
0004
0006
0001
0005
0003
0059
004B
0059
0063
0057
0052
0056
0060
0055
0056
005A
0059
005D
005A
0065
0057
007D
007C
007D
007D
007C
007D
007D
007D
000A
0006
000A
000A
000A
0006
0006
000A
0004
0004
0006
0003
0005
0003
0006
0003
