(128, 1)
0015
0013
0018
0017
0011
001A
0015
001B
0048
0049
004E
0042
0055
004D
0046
0040
0029
0035
002F
002C
002D
0034
0029
0029
0025
0029
003B
002B
0025
0029
0033
0021
0056
0051
0055
005B
0062
005D
0051
0056
0013
0010
0015
0013
0012
0010
0011
0012
004E
0051
0040
004D
0050
0052
004E
004B
0038
0029
0029
0038
0037
002F
0029
002E
0012
001C
0015
0013
0012
0015
0016
0013
003F
004D
0035
0034
0036
0037
0034
0032
004F
0055
004C
0042
0052
005C
004C
004C
0057
0055
005A
005B
0053
004F
0050
0056
0016
0019
0016
0012
0017
0016
0016
0019
0062
0068
0064
0066
005F
0065
0067
006E
002B
002C
003A
003E
002D
003B
0031
0033
0052
0051
0048
004E
0045
004C
004B
0047
