(128, 1)
0016
0011
0018
0016
0012
0017
0015
001C
0046
0048
004D
0043
0052
0051
004A
0046
002B
0033
002E
002A
002D
0033
0029
002A
0024
002A
0039
002F
0024
0029
0032
0023
0057
004F
0056
005B
0060
005F
004F
0053
0014
0011
0012
0013
0010
0011
0011
0012
004C
0053
0045
004F
0055
0050
004E
004E
0038
002B
0029
0032
0036
0033
0028
0032
0013
001B
0015
0012
0014
0015
0014
0013
0040
004D
0037
0038
0036
0037
0035
0036
004F
0056
004F
0043
0053
005B
004F
0048
0053
0052
005B
0058
0055
0052
0050
0058
0014
0019
0015
0014
0016
0017
0014
0019
0062
0067
0067
0066
0062
0067
0064
006E
002A
0029
003A
003E
002A
0039
0034
002E
0053
0053
0048
0051
0043
004A
004C
0046
