(128, 1)
0034
0026
0026
0035
0029
0029
0031
002B
0064
005E
005E
0060
005F
005B
005C
0067
005F
0062
005E
0066
0062
0059
0058
0064
001B
0028
001E
0022
0025
0024
0025
0027
0000
0000
0000
0000
0000
0000
0000
0000
0077
0075
0078
0076
0077
0074
0076
0073
0063
005B
0061
0059
0060
0059
0056
0060
0074
0073
0070
0070
0071
006D
0072
006E
0033
003F
0047
0049
003D
003C
0043
0041
0000
0000
0000
0000
0000
0000
0000
0000
000A
0008
0007
0008
000B
0008
0007
0006
0079
0078
0078
0079
007A
0077
0077
0079
0058
0056
004C
0050
0056
0057
0059
005B
0020
0019
001C
001A
0017
0017
0014
0019
006A
006B
0066
0064
006C
006A
0067
006A
0077
0075
0074
0074
0074
0078
0073
0072
