(128, 1)
0015
0014
0017
0017
0011
001A
0015
001B
0047
0049
004E
0042
0055
004E
0045
0041
002A
0036
0030
002B
002D
0034
0029
0029
0024
0029
003B
002C
0024
0029
0034
0022
0056
004F
0054
005B
0062
005E
0051
0056
0012
0011
0013
0013
0012
0010
0011
0012
004E
0050
0040
004D
0051
0051
004D
004B
0036
0029
0027
0037
0036
0030
0029
002E
0013
001B
0015
0013
0012
0015
0015
0013
0040
004D
0036
0035
0035
0039
0034
0031
004D
0056
004D
0042
0051
005C
004E
004A
0056
0055
005B
005B
0053
004E
0050
0058
0016
0019
0015
0011
0017
0017
0015
0019
0062
0068
0064
0067
005E
0065
0066
006E
002E
002A
003A
003D
002C
0039
0031
0032
0052
0052
0046
004E
0045
004B
004D
0047
