(128, 1)
0005
0005
0005
0006
0005
0007
0006
0007
0035
0031
0030
0032
002C
0036
002F
002E
0016
0016
0017
0015
0012
0011
0012
0012
0069
0062
0067
0066
0064
0069
0069
0066
0007
0005
0006
0005
0006
0005
0005
0006
0028
0028
0032
0033
0030
002C
0029
002E
0011
0013
0012
000E
0010
0011
000F
000E
0002
0002
0002
0002
0002
0002
0002
0002
0007
0005
0006
0008
0006
0005
0006
0007
0046
0047
003B
003B
004B
0044
0043
0040
0045
0047
0042
0049
004D
0046
0041
0045
0009
000B
000A
000B
000A
000B
0008
000A
0043
0045
0041
0045
0045
0043
0044
0038
003C
0042
0042
003F
003F
003B
0043
0045
0059
005A
005B
005F
0059
005B
005B
005C
0038
0041
0037
0039
003F
0037
0039
0037
