(128, 1)
0007
0006
0005
0006
0004
0007
0005
0008
0010
000E
0013
000D
000F
0013
0010
000C
0000
0001
0000
0000
0000
0000
0000
0000
0018
000C
0015
0012
000D
0011
000A
0015
0001
0001
0001
0001
0001
0001
0001
0001
0008
000A
0010
000C
000E
0008
0013
000E
003F
0049
0047
0046
0042
0046
004F
0041
0026
0027
002A
0014
001A
001F
0018
0019
0051
0058
0054
0053
004E
004F
0051
004C
0006
0003
0003
0001
0003
0005
0002
0005
0027
0022
0027
0026
0029
0022
0024
0026
0069
0060
0066
006A
0063
0065
0065
006A
0047
004E
0050
003A
0040
0045
004A
003B
0005
0008
0009
000B
0008
000A
0008
000F
000B
0008
000A
000D
0009
0008
000A
000A
0042
0043
002E
0034
0043
0030
002E
0028
