(128, 1)
002F
0037
0031
0032
0032
0028
002E
002B
0013
0015
0019
0013
0016
0017
0011
0013
0025
0023
0022
002B
0028
0024
0026
0027
0023
0027
0021
0025
001A
001E
0022
001E
0015
001A
0015
0018
0013
0015
0018
001B
0012
0012
0018
0014
0015
0015
0013
000C
002C
0029
0028
0030
0026
0023
0033
0025
0011
000E
000E
000F
000E
000F
000F
0012
0039
0041
0038
0034
0042
0044
003D
0044
000E
0012
000F
0012
0018
0011
0011
0013
0013
0010
0014
0010
0013
0010
0016
0015
002C
002B
002E
0024
002F
0031
0026
0025
0036
002D
0025
002C
0028
002F
0034
002D
0006
0003
0005
0006
0006
0007
0004
0005
000E
000B
000E
000B
000C
000C
000B
000D
0033
0031
0028
0034
0033
0031
003B
0031
