(128, 1)
0007
0006
0005
0007
0004
0007
0005
0008
0010
000E
0012
000D
000F
0013
0010
000D
0000
0001
0000
0000
0000
0000
0000
0000
0018
000C
0015
0011
000C
0012
000A
0016
0001
0001
0001
0001
0001
0001
0001
0001
0008
000A
0010
000D
000D
0008
0011
000F
003D
0047
0048
0046
0042
0044
0051
0042
0026
0029
002A
0014
001A
0020
0017
0018
0051
0058
0054
0054
004E
0051
0051
004C
0007
0003
0004
0002
0003
0004
0002
0005
0028
0024
0027
0025
0029
0023
0023
0025
0069
0060
0065
006A
0063
0064
0066
0069
0048
004D
004E
0039
003F
0045
004C
003E
0005
0009
0009
000C
0007
000A
0007
000E
000B
0008
000A
000D
000A
0008
0009
000A
0042
0043
002F
0036
0043
0030
002D
0027
