(128, 1)
0000
0000
0000
0000
0000
0000
0000
0000
002A
0023
0029
0021
002B
0026
002C
002D
0000
0002
0001
0000
0005
0003
0000
0000
000A
000D
000C
000D
0008
000D
000B
000D
0000
0000
0000
0000
0000
0000
0000
0000
0007
0009
0008
0007
0006
0006
0008
0004
000D
000C
000F
000D
000C
000B
0010
000C
001E
001E
0018
0013
0022
001F
001C
000C
000E
000E
0010
0010
000E
000F
000D
000E
003E
0040
003F
0040
0039
0042
0036
0039
0000
0000
0000
0000
0000
0000
0000
0000
004A
0042
004A
0055
0049
0045
004A
0050
0035
0031
0038
0036
0030
0036
003B
0035
0067
006A
006A
0069
0065
006C
0069
0067
0008
0004
0007
0009
0008
0005
0005
0008
0001
0001
0002
0001
0002
0000
0002
0001
