(128, 1)
0003
0003
0003
0003
0002
0003
0002
0004
0013
0016
0017
0013
0016
001A
0016
0012
0002
0005
0002
0003
0002
0002
0002
0003
0014
0011
0018
0012
000C
0011
000D
0014
0002
0002
0001
0001
0001
0001
0002
0001
0006
0008
000B
0007
0008
0007
0009
0009
0034
003B
0037
0037
0039
0039
003F
0035
0022
0023
0021
0016
0018
0020
0015
0018
0030
0036
002F
002B
002A
002E
002B
0028
0006
0004
0005
0003
0004
0005
0004
0004
002E
002B
002E
002E
0031
002D
0029
002C
005B
0055
0055
0059
0053
0056
0054
0057
002E
0030
0030
0023
0026
002F
002B
0024
0016
0019
001F
0021
001C
0023
001A
0027
000C
000C
000D
0012
000C
000B
000D
000C
002E
0033
0022
002A
002A
0025
001D
001D
