(128, 1)
0000
0000
0000
0000
0000
0000
0000
0000
002A
0021
0027
0021
002A
0025
002C
002C
0000
0002
0001
0000
0006
0002
0000
0000
0009
000D
000B
000E
0008
000D
000B
000D
0000
0000
0000
0000
0000
0000
0000
0000
0007
0009
0008
0006
0006
0006
0008
0004
000C
000B
000F
000D
000C
000B
0010
000C
001E
001E
0017
0014
0023
001F
001C
000C
000E
000E
0010
0010
000D
000F
000D
000E
003F
0040
003E
0041
0038
0042
0035
0039
0000
0000
0000
0000
0000
0000
0000
0000
004B
0040
004A
0054
004B
0045
004C
004E
0034
0031
0039
0038
002F
0034
003D
0035
0067
006A
0069
0069
0065
006B
0069
0068
0008
0004
0007
0008
0007
0005
0005
0009
0001
0002
0002
0001
0002
0000
0003
0001
