(128, 1)
0007
0006
0006
0007
0004
0007
0005
0009
0010
000D
0013
000D
000F
0013
0010
000C
0000
0001
0000
0000
0000
0000
0000
0000
0018
000B
0014
0012
000E
0011
000B
0016
0001
0001
0001
0000
0001
0001
0001
0001
0007
000A
0010
000C
000D
0008
0013
000E
003E
0048
0048
0044
0042
0046
0050
0044
002B
0029
0027
0015
0019
001D
0018
0019
0052
0058
0054
0053
004C
004F
0051
004D
0007
0002
0003
0001
0003
0004
0003
0005
0028
0022
0026
0025
0029
0022
0025
0026
006A
0060
0064
006A
0062
0063
0065
0069
0048
004F
004C
0039
003E
0045
004D
003F
0004
0007
0009
000B
0006
000A
0008
000F
000B
0008
000A
000E
0009
0008
000A
000B
0040
0046
002E
0036
0044
0030
002F
0028
