(128, 1)
0030
0038
002E
0034
002F
0029
002F
002B
0014
0016
0018
0015
0017
0016
000F
0014
0021
0021
0023
002D
0027
0023
0028
002C
0025
0027
0022
0022
001A
001E
0023
001C
0015
001D
0015
0016
0012
0014
0018
001B
0011
0010
0019
0012
0016
0013
0012
000F
002B
0026
0027
0033
0022
0025
0036
0024
0010
000F
0010
000D
000E
0010
000F
0014
0033
0047
0034
0031
0043
003F
003C
0046
000E
0012
0010
0013
001A
0014
0010
0015
0012
0012
0014
000E
0013
0010
0018
0015
0027
0027
0032
0023
0030
002E
0026
0026
0039
002F
0028
0027
002A
0034
0037
002E
0006
0003
0004
0006
0007
0007
0004
0006
000F
000D
0010
000C
000B
000C
000B
000F
0035
0030
002A
0033
002E
0032
0038
0034
