(128, 1)
0003
0002
0003
0001
0003
0001
0003
0001
0024
001A
001D
001F
0021
0016
0020
001F
0000
0001
0000
0000
0003
0001
0000
0000
0004
0003
0004
0003
0003
0004
0003
0003
0003
0002
0002
0003
0003
0004
0002
0003
001A
001E
0024
0014
001B
001E
0021
001B
0029
0039
0039
0035
002E
0030
0038
003E
0017
0019
0012
0011
0019
0019
0019
0009
0035
0031
0027
002F
0033
0033
002A
0029
0035
003D
0039
0042
003B
0039
0038
0039
0001
0002
0002
0001
0002
0000
0002
0001
000E
000C
000B
000D
000C
000D
000F
000D
002A
002F
002B
0030
002F
002C
0033
002B
000F
0009
000B
000F
000D
000D
000D
000E
0002
0001
0001
0001
0001
0001
0001
0001
0002
0002
0004
0002
0003
0001
0004
0001
