(128, 1)
0002
0003
0003
0001
0002
0001
0002
0001
0024
001E
0022
0019
0020
0020
0027
0023
0000
0002
0002
0001
0003
0002
0001
0001
0074
0077
0077
0076
0077
0077
0077
0078
0004
0003
0004
0004
0004
0005
0004
0005
0038
003F
0035
003A
0038
003A
003C
002F
0053
0044
0045
0049
0051
004C
0044
0041
0010
000B
000B
000A
0013
000E
000D
0009
0040
0043
004E
0048
0043
0042
004B
004D
003D
003B
003C
0035
0039
0039
003B
003D
0002
0002
0002
0002
0003
0001
0002
0002
0048
003E
004A
0056
0049
0046
0049
0054
0026
0025
002E
0028
002D
002C
002E
002B
006D
0071
0070
006D
006C
006C
006E
006C
0009
0006
0008
000A
0009
0006
0007
000B
0001
0002
0002
0001
0002
0001
0002
0002
