(128, 1)
0002
0003
0004
0001
0002
0001
0003
0002
002B
0023
0026
001D
0026
0025
002B
0029
0001
0002
0002
0001
0004
0002
0001
0001
0074
0077
0077
0077
0078
0077
0077
0077
0005
0003
0005
0005
0005
0006
0004
0006
0038
0040
0036
003A
0037
003B
003E
0032
004E
003E
0040
0043
004B
0046
003F
003D
000D
0008
0008
0007
000E
0009
000A
0006
0044
0047
0050
004C
0046
0044
004E
0050
003E
003C
003D
0037
003B
0039
003A
003E
0002
0002
0002
0003
0003
0001
0003
0002
004C
003E
004C
0057
0048
0045
004C
0055
0028
0027
002E
002A
002D
002E
0030
002C
006F
0072
0072
006F
006F
006F
0070
006E
0008
0005
0009
0009
0009
0006
0006
000A
0002
0001
0002
0001
0003
0001
0002
0002
