(128, 1)
0002
0003
0004
0001
0002
0001
0003
0002
0028
0023
002A
001E
0026
0028
002E
002A
0001
0002
0002
0001
0004
0002
0001
0001
0074
0077
0076
0076
0078
0077
0077
0078
0005
0004
0005
0006
0005
0005
0005
0005
0037
003F
0037
003C
0037
0038
003E
0032
004E
0041
0040
0043
004B
0049
003F
003C
000C
000A
0008
0007
000E
000B
0009
0005
0044
0046
0052
004B
0045
0043
004E
0050
0040
003B
003E
0036
003C
0039
003B
003E
0002
0002
0002
0003
0004
0001
0003
0002
004D
0043
004C
0056
004B
0044
004A
0053
0029
0025
002D
002B
002E
002C
0030
002C
006F
0073
0072
006F
006F
0070
0070
006E
0008
0006
0008
000A
0009
0005
0006
000A
0002
0002
0002
0001
0003
0002
0002
0002
