(128, 1)
0006
0005
0007
0002
0005
0002
0006
0003
004C
003A
0045
003C
0047
003E
0048
0049
0001
0003
0002
0001
0007
0004
0001
0001
0078
007A
007A
0079
007B
007A
007A
007B
0008
0007
0007
0008
0008
0009
0007
0009
0053
005E
005C
004F
0054
0057
005E
004E
0078
0078
0078
0078
0079
0079
0076
0079
0026
0022
001A
0017
0027
0021
0021
000F
0078
0078
0079
0079
0077
0076
0077
007A
0074
0077
0076
0077
0077
0073
0073
0077
0003
0004
0004
0004
0006
0001
0005
0003
0059
004E
0057
0062
0057
0052
0059
0062
0054
0056
005A
005B
005E
005A
0065
0055
007D
007C
007D
007D
007C
007D
007D
007D
000A
0007
000A
000A
000A
0007
0007
000C
0003
0004
0006
0003
0006
0002
0006
0003
