(128, 1)
0002
0003
0004
0001
0002
0001
0003
0002
002A
0021
0026
001D
0026
0026
002B
002A
0001
0002
0002
0002
0004
0002
0001
0001
0074
0077
0077
0077
0078
0077
0077
0077
0005
0004
0005
0005
0005
0006
0005
0006
0038
0040
0035
003C
0037
003B
003E
0030
004E
003E
0041
0043
004B
0046
003E
003C
000D
0009
0008
0007
000D
000A
000A
0006
0044
0046
0051
004C
0045
0043
004F
004F
003D
003C
003E
0036
003A
0039
003B
003E
0002
0002
0002
0003
0004
0001
0003
0002
004D
003F
004C
0057
004A
0047
004B
0053
0029
0026
002F
0029
002D
002E
0030
002C
006F
0072
0072
006F
006F
0070
0070
006E
0009
0005
0008
0009
0008
0006
0005
0009
0001
0002
0002
0001
0002
0001
0002
0002
