(128, 1)
0005
0005
0007
0002
0005
0002
0006
0002
004E
003A
0043
003B
0044
003E
004B
0049
0001
0003
0002
0001
0007
0004
0001
0001
0078
007A
007A
0079
007B
007A
007A
007B
0008
0007
0007
0009
0008
000A
0007
0008
0052
005D
005C
004F
0053
0057
005E
004F
0078
0078
0078
0079
0079
0079
0077
0079
0025
0022
001C
0016
0027
0021
0021
000E
0078
0078
0079
0079
0077
0076
0077
007B
0075
0077
0076
0077
0077
0073
0073
0077
0003
0004
0004
0004
0006
0001
0005
0003
0059
004B
0057
0062
0056
0051
0056
0060
0056
0057
005A
005B
005D
0057
0066
0056
007D
007C
007D
007D
007C
007D
007D
007D
000B
0007
000A
000A
000B
0006
0006
000A
0004
0004
0006
0003
0006
0002
0006
0003
