(128, 1)
0005
0005
0007
0002
0005
0002
0006
0003
004D
003B
0045
003C
0048
003F
004D
0048
0001
0003
0002
0001
0007
0004
0001
0001
0078
007A
007A
0079
007A
007A
007A
007B
0008
0006
0007
0009
0008
0009
0007
0008
0051
005D
005D
004F
0054
0056
005F
004F
0078
0078
0078
0079
0079
0079
0077
0079
0024
0022
001A
0016
0026
0022
0020
000E
0078
0078
0079
0079
0078
0076
0077
007A
0075
0077
0076
0077
0078
0073
0073
0077
0003
0004
0004
0004
0006
0001
0005
0003
005D
004F
0059
0064
0056
0052
0059
0062
0054
0056
0059
005B
005E
0059
0064
0057
007D
007C
007D
007D
007C
007D
007D
007D
000A
0007
000A
000A
000A
0006
0007
000B
0003
0004
0006
0003
0006
0003
0006
0003
