(128, 1)
0016
0010
0017
0015
0013
0016
0016
001B
0044
0049
004B
0044
0052
0050
004E
0048
002E
0033
002F
002C
002E
0032
002B
002A
0025
002B
0039
0031
0024
002A
002F
0024
0056
004E
0054
005B
005F
005F
004D
0051
0014
0010
0011
0012
000E
0011
0010
0011
004D
0053
0047
004F
0056
004F
004F
0051
003A
002D
002A
0031
0038
0035
002A
0035
0014
001C
0015
0012
0015
0016
0015
0013
003F
004C
0037
0038
0036
0035
0035
0037
004E
0057
0052
0042
0055
0059
0051
0048
0052
0052
005A
0056
0055
0051
0050
0058
0013
0019
0013
0015
0016
0017
0015
0017
0064
0069
0066
0066
0064
0068
0063
006E
0029
002A
0039
003F
002A
0036
0036
002C
0056
0052
0049
0052
0043
0048
004D
0047
