(128, 1)
0030
002C
002B
0035
0023
002E
002D
003D
006A
006B
006D
0068
0069
006C
006B
0067
0002
0003
0001
0002
0001
0002
0002
0002
0020
0014
0024
001B
0013
001A
0011
0021
003D
0044
003B
003F
0046
003D
0047
0044
001F
0022
0034
0029
0026
001C
0028
0030
0076
0074
0075
0076
0073
0075
0073
0075
0022
002C
0026
0014
0019
0021
001A
0019
005E
0066
005F
0058
005D
005F
005A
0059
000A
0005
0007
0005
0004
0006
0005
0007
0075
0074
0075
0075
0074
0077
0072
0072
0075
0075
0077
0076
0075
0077
0075
0075
0044
004A
0047
0036
003B
0043
0046
0038
000D
0011
0016
0015
0014
0018
0013
001D
0057
0066
0065
0065
0062
0065
0064
0063
004D
004F
0038
003D
004A
0039
002E
002E
