(128, 1)
0002
0003
0003
0001
0002
0001
0003
0001
0028
0020
0023
001B
0023
0025
0029
0027
0001
0002
0002
0001
0003
0002
0001
0001
0074
0077
0077
0077
0078
0077
0077
0078
0005
0004
0005
0006
0005
0005
0005
0005
0039
0040
0036
003B
0037
0039
003D
0031
004F
0040
0042
0045
004B
0048
0042
003E
000D
0009
0009
0008
000F
000A
000A
0007
0043
0045
0050
004A
0045
0042
004C
004F
003D
003B
003C
0036
003A
003B
003A
003E
0002
0002
0002
0003
0003
0001
0002
0002
004B
0042
004C
0055
004A
0045
004C
0053
0027
0027
002D
0029
002E
002C
002F
002C
006E
0072
0071
006E
006E
006E
006F
006E
0009
0006
0008
0009
0009
0005
0006
000A
0001
0002
0002
0001
0003
0002
0002
0002
