(128, 1)
0002
0003
0003
0001
0002
0001
0003
0001
0029
001F
0022
001B
0024
0023
0027
0028
0001
0002
0002
0001
0003
0002
0001
0001
0074
0077
0077
0077
0078
0077
0077
0078
0005
0003
0005
0005
0005
0005
0004
0005
0038
003E
0035
003B
0037
003B
003D
0031
004F
003F
0043
0045
004B
0048
0040
003F
000D
0009
0009
0009
000F
000A
000B
0007
0043
0045
0050
004B
0044
0042
004E
004E
003C
003B
003C
0037
0039
0039
003A
003E
0002
0002
0002
0003
0003
0001
0002
0002
004B
0040
004C
0054
004A
0047
004A
0054
0027
0028
002E
0027
002E
002E
002F
002C
006E
0072
0071
006F
006D
006E
006F
006E
0009
0006
0009
0009
0009
0006
0006
0009
0001
0002
0002
0002
0002
0001
0002
0002
