(128, 1)
0002
0003
0004
0001
0002
0001
0003
0002
0029
0021
0026
001D
0026
0026
002B
002C
0001
0002
0002
0001
0004
0002
0001
0001
0074
0077
0076
0077
0078
0077
0077
0077
0005
0004
0005
0006
0005
0006
0005
0005
0038
003F
0037
003B
0037
003A
003E
0031
004F
003E
0040
0042
0049
0048
003F
003C
000C
0009
0009
0007
000D
000A
0009
0006
0044
0046
0051
004B
0045
0043
004E
0051
003E
003B
003D
0037
003B
0039
003A
003F
0002
0002
0002
0003
0004
0001
0003
0002
004D
0041
004F
0056
004B
0044
004A
0053
0029
0027
002E
002A
002E
002E
002F
002C
006F
0073
0072
006F
006E
0070
0070
006E
0008
0005
0008
0009
0008
0005
0006
000A
0002
0002
0002
0001
0003
0002
0002
0002
