(128, 1)
0035
0032
0030
003C
0023
0034
0030
003C
006B
006B
006E
0066
0068
006D
0069
0065
0000
0002
0000
0001
0000
0000
0000
0000
001F
0010
0020
0018
0014
0019
000F
001F
0044
004C
0044
0043
0049
0042
004C
004B
0028
002A
0044
0037
0034
0023
003C
0042
0076
0073
0074
0076
0074
0074
0073
0076
0025
002C
002A
0015
001A
0022
001A
001B
006D
006F
006E
006C
006A
0070
006D
006C
0009
0004
0005
0004
0004
0005
0004
0006
0077
0076
0077
0077
0076
0078
0075
0075
0075
0076
0077
0076
0075
0076
0075
0075
0050
0057
0054
0042
0049
004F
0058
0044
0008
000C
000E
000D
000D
0010
000D
0015
0064
006C
006D
006D
006A
006C
006B
006C
0055
0057
0040
0044
0053
0041
0039
0032
