(128, 1)
0002
0003
0004
0001
0002
0001
0003
0002
0029
0022
0029
001C
0025
0026
002D
002A
0001
0002
0002
0001
0003
0002
0001
0001
0074
0077
0077
0076
0078
0077
0077
0078
0005
0004
0005
0006
0005
0005
0005
0005
0037
0041
0039
003A
0038
0037
003E
0030
004F
0041
0040
0044
004B
0049
0040
003D
000E
000A
0008
0006
000D
000B
000A
0005
0044
0046
0052
004A
0044
0043
004E
0050
003F
003B
003D
0037
003C
0038
003B
003E
0002
0002
0002
0003
0003
0001
0002
0002
004D
003F
004B
0057
004A
0044
004A
0055
0029
0026
002E
002A
002E
002D
0031
002C
006E
0073
0072
006F
006F
0070
0070
006E
0008
0006
0009
000A
0008
0006
0006
000A
0002
0002
0002
0001
0003
0001
0002
0002
