(128, 1)
0015
0010
0017
0015
0011
0015
0014
001B
0045
0049
004C
0042
0052
0051
004C
0047
0030
0034
0030
002E
0030
0033
002C
002B
0026
002D
003B
0031
0025
002B
0031
0025
0056
004F
0055
005A
005C
005D
004D
0050
0013
0010
0011
0012
000E
0010
0010
0011
004D
0053
0046
004F
0055
0050
004E
0050
003B
002E
002B
0034
0038
0037
002C
0036
0013
001C
0015
0012
0016
0016
0015
0013
0040
004C
0036
0036
0036
0036
0035
0036
004E
0058
0051
0044
0055
005B
0051
004A
0052
0051
005B
0057
0055
0050
004F
0058
0013
0019
0013
0015
0016
0016
0014
0017
0064
0069
0066
0066
0063
0067
0064
006E
0029
002C
0038
003F
002A
0036
0035
002D
0055
0053
004A
0051
0046
004B
004E
0049
