(128, 1)
0005
0005
0007
0002
0005
0002
0006
0002
004C
003D
0047
003D
0046
003D
004B
0048
0001
0003
0002
0001
0007
0003
0001
0001
0078
007A
007A
0079
007B
007A
007A
007B
0008
0006
0007
0008
0008
000A
0007
0008
0052
005F
005B
004F
0053
0056
0060
004D
0078
0078
0078
0078
0079
0079
0077
0079
0024
0022
001A
0017
0027
0024
0023
000E
0079
0078
0079
0079
0078
0076
0076
007A
0075
0077
0076
0077
0077
0073
0073
0077
0003
0004
0004
0003
0006
0001
0005
0003
005B
004B
0056
0063
0057
0052
0058
005F
0053
0056
0059
005C
005D
0057
0064
0056
007D
007C
007D
007D
007C
007D
007D
007D
000A
0006
0009
000A
0008
0006
0007
000B
0004
0004
0006
0003
0006
0002
0006
0002
