(128, 1)
0002
0003
0004
0001
0002
0001
0003
0002
002B
0021
0025
001C
0026
0025
0029
0029
0001
0002
0002
0001
0004
0002
0001
0001
0074
0077
0077
0077
0078
0077
0077
0078
0005
0004
0005
0005
0005
0006
0005
0005
0039
003F
0037
003B
0036
003B
003E
0031
004E
003D
0042
0044
004B
0047
003D
003C
000C
0009
0008
0007
000D
0009
000A
0006
0043
0046
0050
004C
0045
0043
004E
004F
003E
003C
003C
0038
003B
0039
003A
003F
0002
0002
0002
0003
0004
0001
0003
0002
004A
003E
004C
0055
004B
0047
004C
0053
0028
0027
002E
002A
002D
002E
0031
002C
006F
0072
0071
006F
006F
0070
0070
006E
0008
0005
0009
0009
0009
0006
0006
0009
0002
0002
0002
0002
0003
0001
0002
0002
