(128, 1)
0002
0003
0004
0001
0002
0001
0003
0002
0027
0023
0029
001D
0024
0027
002D
0029
0001
0002
0002
0001
0004
0002
0001
0001
0074
0076
0077
0077
0078
0076
0077
0078
0005
0004
0005
0006
0005
0005
0005
0005
0037
0041
0038
003A
0038
0039
003E
0032
004F
0040
003E
0043
004C
0049
003F
003C
000D
0009
0008
0006
000E
000A
0009
0005
0045
0046
0051
004A
0044
0043
004F
0052
003F
003B
003D
0036
003C
003A
0039
003D
0002
0002
0002
0003
0004
0001
0002
0002
004E
0041
004C
0058
004A
0043
004A
0056
0029
0026
002D
002B
002E
002C
0031
002B
006F
0073
0072
006E
006F
0070
0070
006E
0008
0006
0008
000A
0009
0005
0005
000A
0002
0002
0002
0001
0003
0002
0002
0002
