(128, 1)
0008
0006
0005
0007
0005
0006
0005
0007
000F
000E
0013
000D
000F
0012
0011
000D
0000
0001
0000
0000
0000
0000
0000
0000
0017
000E
0019
0011
000C
0013
0009
0017
0001
0001
0001
0001
0001
0001
0001
0001
0007
000A
0010
000D
000D
0008
0012
000F
003D
0046
0049
0047
0043
0044
004D
0043
001F
0026
002B
0015
001A
0022
0019
0017
0051
0058
0054
0051
0051
0051
004E
004E
0007
0003
0004
0002
0003
0003
0002
0003
0027
0023
0027
0026
002B
0025
0024
0024
0068
0061
0064
0067
0063
0066
0065
0069
0047
004C
004E
0039
003F
0046
004D
003B
0006
0009
000A
000A
000B
000B
0008
0013
000B
0009
000A
000D
0009
0009
0009
000A
003E
0040
002E
0039
003A
0030
002B
0028
