(128, 1)
0040
0030
002E
003B
002E
0033
0039
0033
0038
0036
0035
0035
0038
0030
0036
003D
004E
004F
004D
0056
0054
004E
0048
0052
0005
000A
0007
0008
0008
0007
0008
0008
0000
0000
0000
0000
0000
0000
0000
0000
004B
004B
003F
003D
0041
0046
0048
0041
0053
004B
0050
004C
0053
004A
004A
0054
0074
0073
0071
0070
0071
006E
0073
006E
0022
0031
0039
003A
002D
002C
0031
0031
0000
0000
0000
0000
0000
0000
0000
0000
0003
0003
0003
0002
0003
0003
0003
0002
0074
0073
0073
0073
0074
0072
0073
0074
002C
002A
0029
0027
002A
002D
002B
0037
0016
000F
0013
0012
000F
0010
000D
0010
001B
001C
0019
0017
001D
001A
0019
0018
003D
0032
003B
0039
0035
003D
003A
003C
