(128, 1)
0005
0005
0005
0006
0004
0007
0006
0007
0036
0031
0030
0033
002D
0037
0031
002D
0016
0016
0016
0015
0012
0011
0012
0012
006A
0062
0068
0067
0065
0069
0069
0065
0007
0005
0006
0005
0006
0005
0005
0006
0028
0028
0034
0033
0031
002C
0029
002E
0011
0013
0012
000E
0010
0011
000F
000E
0002
0002
0002
0002
0002
0002
0002
0002
0007
0005
0006
0007
0007
0005
0006
0007
0046
0046
003C
003A
004A
0044
0042
003F
0046
0047
0042
0049
004C
0047
0041
0045
0009
000B
000A
000C
0009
000B
0009
000A
0045
0044
0042
0045
0044
0043
0046
0038
003A
0041
0042
003F
0040
003B
0042
0046
0059
0058
005B
005E
0059
005B
005B
005C
0037
0041
0036
003A
003F
0038
0039
0039
