(128, 1)
0002
0003
0004
0001
0002
0001
0003
0002
0029
0023
0027
001D
0026
0026
002D
0029
0001
0002
0002
0002
0003
0002
0001
0001
0074
0078
0077
0076
0078
0077
0077
0078
0005
0004
0005
0005
0005
0006
0005
0006
0038
0041
0039
003A
0037
003A
003E
0031
004F
003F
0040
0043
004B
0048
003E
003C
000E
0009
0008
0006
000E
000A
0009
0005
0045
0047
0051
004A
0045
0043
004F
0050
003D
003C
003E
0037
003A
0039
003B
003E
0002
0002
0002
0003
0003
0001
0003
0002
004C
0042
004C
0056
004A
0044
004A
0053
0029
0027
002E
002A
002E
002D
0030
002A
006E
0073
0072
006E
006F
006F
0070
006E
0008
0006
0008
000A
0009
0006
0006
000A
0002
0002
0002
0001
0002
0001
0002
0002
