(128, 1)
002E
0038
0032
0030
0033
0028
002D
002B
0013
0013
0019
0012
0016
0017
0013
0013
0026
0025
0022
0029
0026
0023
0026
0024
0021
0025
0020
0024
001C
0020
0022
001F
0014
001A
0015
0018
0013
0015
0018
001B
0011
0015
0016
0014
0014
0016
0014
000B
002A
002A
0028
002F
0027
0022
0030
0025
0011
000D
000D
0010
000F
000F
000F
0012
0039
003D
0039
0036
003F
0046
003D
0042
000E
0013
0011
0010
0016
0010
0010
0013
0013
0010
0013
0011
0013
0010
0014
0014
002E
002C
002A
0025
002D
0033
0023
0025
0034
002C
0023
002F
002A
002F
0034
002A
0007
0004
0004
0006
0006
0007
0004
0005
000F
000A
000D
000A
000C
000C
000C
000E
0032
0032
002B
0034
0035
0035
0039
002F
