(128, 1)
0017
0011
0019
0016
0012
0016
0015
001B
0048
0049
004B
0043
0054
0051
004B
0046
002C
0031
002D
002B
002C
0031
0029
0029
0024
002A
0039
002E
0024
002C
002E
0022
0056
0052
0057
005B
005E
005F
004F
0053
0015
000F
0012
0011
0010
0010
0010
0011
004B
0053
0045
004F
0054
004E
004F
0050
0038
002C
0027
0030
0036
0034
002A
0031
0012
001B
0015
0013
0015
0015
0016
0012
003E
004C
0036
0038
0035
0036
0036
0037
004F
0055
0052
0042
0056
0058
0050
004A
0054
0055
005B
0057
0054
0056
004E
0056
0013
0019
0013
0016
0016
0016
0015
0019
0062
0069
0065
0065
0064
0067
0064
006D
0028
002B
0036
003F
002C
0038
0033
002C
0055
0050
004A
0050
0043
0049
004B
0047
