(128, 1)
0007
0006
0006
0006
0004
0006
0004
0008
000F
000E
0012
000C
000F
0014
000E
000D
0000
0001
0000
0000
0000
0000
0000
0000
0018
000D
0018
0010
000D
0012
000A
0017
0001
0002
0001
0001
0001
0001
0001
0001
0008
000A
0010
000D
000C
0008
0011
0010
003D
0046
0048
0047
0044
0043
004F
0041
0021
0028
002B
0014
001A
0021
0018
0018
0050
0056
0052
0054
004F
0051
004E
004D
0008
0003
0004
0002
0003
0003
0002
0005
0026
0026
0026
0026
002B
0025
0021
0026
0069
0060
0065
0069
0064
0064
0065
0069
0047
004D
004D
0039
0040
0044
004D
003C
0005
0009
000A
000A
000B
000A
0009
0012
000B
0009
000A
000C
0009
0009
0009
000A
003E
0043
002F
0037
003D
0031
002A
0026
