(128, 1)
0005
0006
0006
0002
0004
0002
0006
0003
0047
0035
003F
0037
0040
003A
0045
0042
0001
0002
0002
0001
0005
0003
0001
0001
0078
007A
007A
007A
007B
007A
007A
007B
0007
0005
0006
0008
0008
0008
0006
0008
0051
005D
005D
0050
0052
0053
005F
004D
0078
0078
0078
007A
0079
0079
0078
0079
002B
002C
0026
0021
0030
002E
002C
0014
0078
0078
0079
0078
0078
0076
0076
007A
0075
0076
0076
0077
0078
0073
0073
0077
0003
0004
0004
0004
0005
0001
0004
0003
0058
004B
0056
0062
0056
004E
0057
005F
0050
0052
0057
0057
005C
0057
0062
0055
007D
007C
007D
007D
007C
007D
007D
007D
000B
0006
000A
000C
000B
0006
0008
000C
0002
0006
0006
0003
0006
0003
0006
0003
