(128, 1)
0007
0007
0006
0006
0004
0006
0004
0008
0010
000E
0010
000B
000F
0015
000E
000E
0000
0001
0000
0000
0000
0000
0000
0000
0018
000C
0016
0010
000E
0012
0009
0016
0001
0002
0001
0001
0001
0001
0001
0001
0008
000A
0010
000F
000C
0009
0011
0010
003E
0046
0048
0047
0043
0041
0050
0040
0022
0029
002A
0014
0019
001F
0017
0019
004F
0054
0050
0055
004E
0051
004D
004C
0007
0003
0004
0002
0003
0005
0002
0005
0027
0027
0025
0026
002A
0026
0020
0029
006A
0060
0066
0069
0063
0064
0063
006A
0049
004C
004C
0037
0041
0043
004E
003F
0006
0009
000B
0009
000C
000B
000A
0011
000B
0009
000A
000B
0009
0009
0008
000B
003F
0043
0031
0035
0042
0033
002B
0026
