(128, 1)
0016
0010
0018
0015
0012
0016
0015
001C
0045
0049
004B
0043
0052
0051
004E
0048
002A
0032
002E
002A
002C
002F
002B
0029
0025
002A
0039
0030
0023
002C
0030
0022
0057
0050
0056
005A
005C
0060
004F
0053
0015
0010
0011
0012
000F
0010
0011
0011
004B
0053
0047
004F
0055
0050
0050
0053
0037
002C
0029
0030
0037
0035
0029
0034
0013
001C
0014
0012
0016
0016
0016
0012
003F
004B
0039
0039
0035
0036
0038
0038
004D
0056
0052
0042
0054
0059
0053
0048
0053
0052
005B
0057
0056
0053
004F
0056
0014
0019
0014
0015
0017
0016
0014
0019
0063
0069
0065
0066
0064
0066
0064
006D
0029
002B
0037
003F
002B
0036
0033
002C
0055
0051
004A
0050
0044
0049
004C
0047
