(128, 1)
0015
0014
0017
0018
0011
0019
0015
001B
0048
0048
004F
0041
0054
004F
0046
0040
002A
0035
002F
002C
002B
0035
0029
002B
0023
0029
003A
002B
0024
0029
0035
0023
0056
0050
0055
005B
0062
005C
0051
0056
0012
0010
0014
0013
0012
0010
0011
0011
004F
0051
0040
004D
0051
0051
004D
004A
0038
0029
0029
0037
0036
0030
0029
0030
0013
001B
0015
0013
0012
0015
0015
0013
003E
004D
0034
0035
0036
0038
0033
0031
0051
0056
004B
0041
0052
005C
004D
004C
0056
0055
005A
005B
0053
004F
0050
0057
0016
0019
0016
0012
0017
0016
0015
0017
0061
0067
0065
0068
005F
0065
0066
006E
002C
002B
003A
003C
002D
003B
0031
0032
0051
0053
0047
004F
0045
004D
004B
0047
