(128, 1)
0003
0002
0003
0001
0003
0001
0003
0001
0024
0019
001E
001F
0020
0018
0021
0020
0000
0001
0000
0000
0003
0002
0000
0000
0004
0003
0003
0003
0003
0004
0003
0003
0003
0003
0002
0003
0003
0004
0002
0003
0019
001D
0024
0014
001B
001E
0020
001D
0029
0039
0038
0035
002D
0031
0039
003C
0018
0019
0013
0010
0019
0019
0016
0008
0035
0032
0028
002E
0033
0033
0029
002B
0036
003B
0039
0041
003D
003A
0039
0038
0001
0002
0002
0001
0002
0000
0002
0001
000F
000C
000B
000E
000C
000D
000D
000D
002C
002F
002B
0031
002F
002C
0034
002A
000E
0009
000B
000E
000D
000D
000D
000F
0001
0001
0001
0001
0002
0001
0001
0001
0002
0002
0004
0002
0003
0001
0004
0001
