(128, 1)
0005
0005
0007
0002
0005
0002
0006
0002
004E
003E
0046
003C
0045
003D
004E
004A
0001
0003
0002
0001
0007
0004
0001
0001
0078
007A
007A
007A
007B
007A
007A
007B
0008
0007
0007
0009
0008
0009
0006
0008
0051
0060
005B
004E
0053
0056
005F
004E
0078
0078
0078
0078
0079
0079
0077
0079
0025
0023
001C
0016
0028
0022
0021
000E
0079
0078
0079
0079
0077
0076
0077
007B
0075
0077
0076
0077
0077
0073
0073
0077
0003
0004
0004
0004
0005
0001
0005
0003
005C
004D
0058
0065
0056
0051
0058
0062
0054
0054
005B
005A
005D
0058
0065
0057
007D
007C
007D
007D
007C
007D
007D
007D
000A
0007
0009
000B
000B
0006
0006
000B
0004
0004
0006
0003
0006
0003
0006
0003
