(128, 1)
0033
0032
0030
003B
0021
0035
002F
0039
006C
006C
006E
0065
0067
006E
006A
0067
0000
0002
0000
0001
0000
0000
0000
0000
0020
0012
001E
0018
0014
0019
0010
0020
0046
0050
0042
0043
004D
0043
004C
004D
002C
0030
004B
003C
0039
0026
0046
0048
0075
0071
0074
0076
0073
0074
0072
0075
0027
002C
002B
0015
001B
0022
001A
001B
006E
0072
0070
006E
006E
0070
0070
006F
0008
0004
0005
0003
0004
0005
0003
0006
0077
0077
0077
0077
0077
0078
0075
0076
0073
0074
0077
0077
0074
0076
0076
0075
0056
005D
0059
0049
004B
0052
005C
0049
0007
000A
000D
000D
000C
000D
000B
0014
0064
006C
006D
006E
0069
006E
006C
006B
0057
0057
0041
0043
0056
0040
003A
0032
