(128, 1)
0007
0006
0006
0007
0004
0007
0005
0008
000F
000D
0011
000D
000F
0014
000E
000D
0000
0002
0000
0000
0000
0000
0000
0000
0018
000B
0013
0012
000E
0010
000A
0015
0001
0002
0000
0000
0001
0001
0001
0001
0008
000A
0011
000E
000E
0008
0012
000F
003E
0046
0049
0044
0042
0046
0050
0043
002A
002D
0029
0013
0016
001C
0019
001B
0051
0057
0052
0054
004A
004F
0050
004B
0006
0002
0003
0001
0003
0005
0002
0005
0028
0024
0026
0024
0028
0022
0022
0028
006A
005F
0065
006A
0062
0062
0064
006A
0048
004E
004F
0039
003F
0043
004D
003F
0004
0007
0009
000B
0007
000A
0008
000E
000B
0008
000A
000C
0009
0008
0009
000B
0040
0047
0031
0034
0048
002F
0030
0027
