(128, 1)
004B
0039
0037
0040
0037
003E
003E
003D
0040
003A
0039
003A
003B
0033
003A
0045
0060
0061
005F
0068
0065
005C
0055
0060
0018
001F
001B
001E
0023
001E
001E
0022
0000
0001
0001
0001
0000
0000
0000
0000
0072
006F
0070
006F
0070
006C
006E
006B
0062
0059
005F
0057
0061
0058
0057
0061
0075
0074
0073
0071
0072
0070
0073
006F
001B
0028
0031
0033
0026
0024
002B
002B
0000
0001
0000
0000
0000
0000
0001
0000
0005
0005
0004
0005
0006
0005
0005
0002
0079
0079
0078
0079
0079
0077
0077
0079
0064
0061
005B
005C
0061
0064
0062
0062
002A
0020
0028
0027
0020
0021
001E
0024
004E
004F
0049
0045
004E
0049
004A
004C
0072
006D
006F
0070
006F
0073
006E
0070
