(128, 1)
0017
0011
0019
0015
0013
0016
0015
001B
0046
0049
004A
0043
0052
0052
004E
0048
002C
0032
002D
002A
002D
002F
002B
0028
0026
002A
0039
002F
0022
002B
002F
0023
0057
0050
0056
005B
005C
005F
004E
0052
0015
000F
0011
0011
000E
0010
0011
0011
004B
0053
0047
0050
0056
004F
004F
0051
0039
002D
0028
002F
0036
0036
002A
0034
0013
001D
0014
0013
0015
0015
0016
0012
003E
004C
0038
003A
0036
0035
0036
0037
004D
0056
0052
0042
0056
0058
0052
0049
0053
0053
005B
0056
0055
0054
004F
0058
0013
0018
0013
0017
0017
0016
0014
0017
0064
0069
0066
0066
0064
0066
0064
006D
0029
002A
0036
0040
002A
0036
0035
002B
0056
0051
004B
0051
0044
0047
004B
0046
