(128, 1)
0007
0007
0006
0006
0004
0007
0004
0008
0010
000E
0011
000C
000F
0015
000E
000D
0000
0001
0000
0000
0000
0000
0000
0000
0017
000C
0016
0010
000D
0011
000A
0016
0001
0002
0001
0001
0001
0001
0001
0001
0008
000A
0010
000E
000D
0009
0012
000F
003E
0046
0048
0046
0043
0043
0051
003F
0027
002A
0029
0014
0019
001E
0018
0019
0050
0056
0051
0055
004D
004F
0050
004A
0007
0003
0003
0002
0003
0004
0002
0005
0028
0026
0027
0025
0028
0024
0021
0028
006A
005F
0065
006A
0063
0062
0065
006A
0049
004D
004D
0037
0041
0043
004D
003C
0005
0008
000A
000A
0008
000B
0008
000E
000B
0008
000A
000B
0009
0009
0009
000B
0042
0044
0031
0034
0043
0030
002D
0028
