(128, 1)
0005
0005
0006
0002
0005
0002
0006
0003
004D
003C
0046
003D
0046
003E
004E
0048
0001
0003
0002
0001
0006
0003
0001
0001
0078
007A
007A
007A
007B
007A
007A
007B
0008
0006
0007
0009
0008
0009
0007
0008
0053
005F
005B
004F
0052
0056
005F
004F
0078
0078
0078
0078
0079
0079
0077
0079
0025
0022
001B
0016
0026
0024
0020
000E
0079
0078
0079
0079
0078
0076
0077
007A
0075
0077
0077
0077
0077
0073
0073
0077
0003
0004
0004
0004
0006
0001
0005
0003
005B
004D
0059
0064
0056
0051
0058
0060
0055
0055
005B
005D
005E
0057
0064
0056
007D
007C
007D
007D
007C
007D
007D
007D
000A
0006
0009
000B
000A
0006
0006
000C
0004
0005
0006
0003
0006
0003
0006
0002
