(128, 1)
0000
0000
0000
0000
0000
0000
0000
0000
0029
0023
0029
0020
0028
0026
002E
002D
0000
0001
0001
0000
0006
0002
0000
0000
000A
000D
000C
000D
0008
000D
000C
000D
0000
0000
0000
0000
0000
0000
0000
0000
0006
000A
0008
0006
0006
0006
0008
0004
000C
000C
000F
000D
000D
000A
0010
000C
001F
001F
0018
0012
0021
0020
001B
000B
000F
000E
0010
0010
000F
000F
000C
000D
003D
0040
003E
0040
0039
0043
0035
003A
0000
0000
0000
0000
0000
0000
0000
0000
004C
0043
004A
0056
0049
0042
004A
0051
0034
0031
0039
0037
0030
0034
003B
0035
0067
006A
006A
0069
0064
006C
006A
0069
0007
0005
0007
0009
0009
0004
0004
0009
0001
0002
0002
0001
0002
0001
0002
0001
