(128, 1)
0005
0005
0007
0002
0005
0002
0006
0003
004E
003B
0044
003C
0047
003E
0049
0048
0001
0003
0002
0001
0006
0004
0001
0001
0078
007A
007A
007A
007A
007A
007A
007B
0008
0006
0007
0008
0008
0009
0007
0008
0050
005E
005B
004F
0053
0056
005F
0050
0078
0078
0078
0079
0079
0079
0077
0079
0025
0022
001A
0016
0026
0021
0021
000F
0078
0078
0079
0079
0078
0076
0077
007A
0074
0077
0076
0077
0077
0073
0073
0077
0003
0004
0004
0004
0006
0001
0005
0003
005C
004E
0059
0064
0056
0052
005A
0062
0055
0056
0058
005B
005D
0059
0064
0057
007D
007C
007D
007D
007C
007D
007D
007D
000A
0007
000A
000A
000B
0006
0007
000B
0003
0004
0006
0003
0005
0002
0006
0003
