(128, 1)
0005
0005
0005
0006
0005
0007
0006
0007
0034
0031
0030
0031
002D
0036
0030
002D
0016
0016
0016
0015
0012
0011
0012
0012
006A
0062
0067
0066
0064
0069
0068
0066
0007
0005
0006
0005
0006
0005
0005
0006
0028
0028
0033
0033
0031
002D
0029
002D
0011
0013
0012
000E
0010
0011
000F
000E
0002
0002
0002
0002
0002
0002
0002
0002
0006
0005
0006
0007
0006
0005
0006
0006
0046
0046
003B
003A
004A
0043
0043
003F
0046
0047
0042
0049
004D
0047
0041
0045
0009
000B
000A
000C
0009
000B
0008
000A
0044
0044
0041
0046
0044
0042
0045
0038
003D
0043
0041
003F
0040
003A
0043
0046
0059
0059
005B
005E
0059
005C
005A
005C
0037
0040
0037
0039
003F
0037
0039
0039
