(128, 1)
0007
0007
0005
0006
0004
0006
0004
0008
0010
000E
0012
000C
000F
0015
000E
000E
0000
0001
0000
0000
0000
0000
0000
0000
0018
000C
0018
0011
000C
0013
000B
0016
0001
0002
0001
0001
0001
0001
0001
0001
0008
000B
0010
000E
000D
0009
0011
0010
003F
0046
0049
0047
0044
0042
004F
0041
0021
0027
002C
0017
001A
0021
0018
0019
004F
0056
0051
0054
0050
0052
004E
004D
0007
0003
0004
0002
0003
0004
0002
0004
0027
0026
0026
0027
002A
0026
0020
0028
006A
0061
0066
0067
0063
0063
0064
0068
004A
004D
004D
0037
0040
0044
004D
003B
0006
0009
000A
0009
000B
000B
0009
0012
000B
0009
0009
000C
0009
000A
0008
000B
003D
0040
002F
0038
003E
0031
002A
0026
