(128, 1)
0007
0006
0005
0007
0004
0006
0005
0008
000F
000D
0013
000E
000F
0012
000F
000C
0000
0001
0000
0000
0000
0000
0000
0000
0018
000D
0017
0012
000D
0011
000A
0017
0001
0001
0001
0001
0001
0001
0001
0001
0008
000A
0010
000D
000E
0007
0012
000F
003C
0047
0048
0046
0042
0046
004F
0043
0026
002C
002A
0013
0019
001F
0018
0018
0053
0058
0054
0053
004E
004F
0050
004E
0007
0002
0004
0002
0003
0004
0002
0005
0028
0024
0028
0025
0029
0023
0023
0025
006A
0061
0064
006A
0063
0064
0065
0069
0049
004E
004D
003A
003F
0044
004D
003F
0005
0008
0009
000A
0009
000A
0008
0010
000B
0008
000A
000E
0009
0008
000A
000A
003F
0043
0030
0036
0041
002E
002E
0027
