(128, 1)
0005
0005
0005
0006
0005
0007
0006
0007
0034
0031
0031
0032
002C
0037
002F
002E
0016
0016
0017
0015
0013
0011
0012
0012
006A
0061
0067
0066
0065
0069
0069
0066
0007
0005
0006
0005
0006
0005
0005
0006
0028
0028
0032
0033
0030
002D
0029
002E
0011
0013
0012
000E
0011
0010
000F
000E
0002
0002
0002
0002
0002
0002
0002
0002
0007
0005
0006
0007
0007
0005
0006
0007
0047
0046
003D
0039
0049
0045
0042
003F
0045
0046
0042
0049
004B
0047
0041
0044
0009
000B
000A
000C
0009
000B
0008
000A
0045
0045
0041
0046
0044
0043
0045
0037
003C
0042
0043
003F
0040
003B
0043
0046
0059
0058
005B
005E
0058
005C
005A
005D
0037
0041
0037
003A
003F
0036
0038
0038
