(128, 1)
0005
0004
0007
0002
0004
0002
0006
0003
004B
003A
0042
003B
0044
003D
0049
0046
0001
0002
0002
0002
0006
0003
0001
0001
0078
007A
007A
007A
007B
007A
007A
007B
0008
0005
0007
0008
0008
000A
0007
0008
0053
005E
005B
0050
0055
0055
005F
004E
0078
0078
0078
0078
0079
0079
0077
0079
0026
0025
001D
001A
0029
0025
0023
0013
0079
0078
0079
0078
0077
0076
0077
007A
0075
0077
0077
0077
0077
0073
0073
0077
0003
0004
0004
0003
0005
0001
0004
0003
005B
004B
0056
0061
0058
0052
0057
0060
0053
0054
005A
0059
005D
0058
0062
0055
007D
007C
007D
007D
007C
007D
007D
007D
000B
0007
0009
000A
0009
0007
0007
000A
0004
0006
0006
0003
0005
0003
0006
0003
