(128, 1)
0002
0003
0004
0001
0002
0001
0003
0002
002C
0020
0024
001C
0026
0025
0028
0028
0001
0002
0002
0001
0004
0002
0001
0001
0074
0077
0077
0076
0078
0077
0077
0077
0005
0003
0005
0005
0005
0006
0005
0006
0038
0040
0036
003B
0038
003C
003E
0030
004E
003D
0042
0043
004A
0046
003E
003D
000C
0009
0008
0008
000E
0009
000B
0006
0042
0046
0050
004C
0044
0043
004D
004F
003D
003C
003C
0037
0039
003A
003A
0040
0002
0002
0002
0003
0004
0001
0003
0002
004C
003E
004C
0055
004C
0047
004C
0053
0028
0027
002E
002A
002D
002C
0031
002C
006F
0072
0072
006F
006F
0070
0070
006E
0008
0005
0008
0009
0008
0006
0006
0009
0001
0002
0002
0001
0003
0001
0003
0002
