(128, 1)
0033
0031
0030
003B
0021
0036
002F
003A
006D
006D
006E
0065
0067
006F
0069
0066
0000
0002
0000
0000
0000
0001
0000
0000
0020
0011
001E
0018
0015
0019
000F
0020
0045
0051
0040
0042
004B
0047
004B
004E
002D
0030
004A
003C
0039
0026
0045
0047
0075
0071
0074
0076
0073
0073
0071
0075
002A
002B
002B
0015
001B
0022
001A
001B
006E
0073
0070
006E
006E
0070
0070
006F
0008
0004
0004
0003
0004
0005
0003
0006
0077
0078
0077
0077
0078
0078
0075
0075
0073
0074
0077
0077
0073
0076
0076
0075
0056
005E
0059
0049
004B
0052
005B
0049
0007
000B
000D
000E
0009
000D
0009
0014
0065
006B
006C
006F
0069
006E
006C
006A
0059
0058
0041
0045
0058
0040
003B
0033
