(128, 1)
0005
0005
0005
0006
0005
0007
0006
0007
0034
0031
0030
0031
002D
0036
002F
002D
0016
0016
0016
0015
0012
0011
0012
0012
006A
0062
0067
0066
0065
0069
0068
0066
0007
0005
0006
0005
0006
0005
0005
0006
0028
0029
0032
0033
0031
002C
0029
002E
0011
0013
0012
000E
0010
0011
000F
000E
0002
0002
0002
0002
0002
0002
0002
0002
0007
0005
0006
0008
0006
0005
0006
0006
0046
0046
003B
003B
004A
0043
0043
0040
0045
0047
0042
004A
004C
0047
0041
0044
0009
000B
000A
000B
000A
000B
0009
000A
0045
0044
0041
0046
0044
0042
0045
0037
003D
0043
0043
003F
003F
003B
0043
0045
0058
0058
005B
005E
0057
005B
005B
005C
0038
0040
0037
0039
003F
0038
0039
0038
