(128, 1)
0007
0007
0005
0006
0004
0006
0004
0008
000F
000E
0012
000C
000F
0013
000F
000E
0000
0001
0000
0000
0000
0000
0000
0000
0017
000C
0018
0011
000D
0013
000A
0017
0001
0002
0001
0001
0001
0001
0001
0001
0008
000A
0011
000D
000C
0008
0012
0010
003F
0047
004A
0046
0044
0042
004F
0041
0021
0028
002B
0014
001A
001F
0018
0018
0050
0056
0052
0053
004F
0050
004D
004D
0007
0003
0004
0002
0003
0003
0003
0005
0028
0026
0026
0026
002B
0025
0021
0026
0069
0062
0066
0069
0064
0064
0064
006A
0047
004D
004D
0038
003F
0043
004E
003B
0006
0009
000A
000A
000A
000C
0009
0012
000B
0009
000A
000B
0009
0009
0009
000A
003D
0042
0031
0038
003E
0031
002C
0029
