(128, 1)
0005
0005
0007
0002
0006
0002
0006
0003
004C
003A
0044
003A
0046
003E
0048
0047
0001
0003
0002
0001
0007
0004
0001
0001
0078
007A
007A
007A
007B
007A
007A
007B
0008
0006
0007
0009
0009
000A
0006
0008
0051
005D
005B
0050
0053
0057
005F
0050
0078
0078
0078
0079
0079
0079
0076
0079
0025
0023
001C
0016
0026
0024
0021
000D
0078
0078
0079
0079
0078
0076
0077
007B
0074
0077
0076
0077
0078
0073
0073
0077
0003
0004
0004
0004
0006
0001
0005
0003
0059
004D
005A
0065
0057
0052
0056
0062
0055
0057
0058
0059
005C
0058
0066
0056
007D
007C
007D
007D
007C
007D
007D
007D
000B
0006
000A
000B
000B
0006
0007
000C
0003
0004
0006
0003
0007
0002
0006
0003
