(128, 1)
0002
0003
0004
0001
0002
0001
0003
0002
0028
0023
002A
001D
0025
0027
002F
0029
0001
0002
0002
0001
0004
0002
0001
0001
0074
0077
0077
0077
0078
0077
0076
0078
0005
0004
0005
0006
0005
0005
0005
0005
0038
0042
0039
003A
0036
0037
003E
0031
004F
0040
0040
0041
004B
0048
003F
003B
000E
0009
0008
0006
000D
000A
0009
0005
0044
0047
0051
004A
0044
0043
004E
0052
003E
003C
003D
0037
003C
0039
0039
003E
0002
0002
0002
0003
0004
0001
0003
0002
004E
0043
004D
0056
004A
0043
0049
0055
0029
0027
002D
002A
002F
002C
0030
002C
006F
0073
0072
006E
006F
0070
0070
006E
0008
0006
0008
000A
0009
0005
0006
0009
0002
0002
0002
0001
0003
0001
0002
0001
