(128, 1)
0030
0021
0023
0031
0023
0024
0028
0025
0065
005F
005E
0061
0060
005B
005E
0067
0059
0060
0059
0064
0061
0056
0054
005F
001B
0027
001F
0021
0026
0023
0022
0028
0000
0000
0000
0000
0000
0000
0000
0000
0077
0075
0078
0077
0077
0073
0076
0073
005F
0056
005E
0054
005D
0057
0054
0060
0074
0073
0071
0070
0071
006F
0073
006F
0038
0043
004D
004E
0041
0042
0048
0046
0000
0000
0000
0000
0000
0000
0000
0000
000B
000A
0008
0008
000E
000A
000B
0008
0079
0079
0078
0079
007A
0078
0078
0079
0051
004F
0044
004C
004F
0051
0052
0052
001C
0017
001B
001A
0015
0016
0013
0016
006C
006C
006B
0069
006C
006D
006A
006E
0075
0073
0073
0072
0071
0076
0070
0071
