(128, 1)
0003
0002
0003
0001
0003
0001
0003
0001
0024
001A
001D
001F
0020
0017
0020
0020
0000
0001
0000
0000
0003
0002
0000
0000
0004
0004
0004
0003
0003
0004
0003
0003
0003
0002
0002
0003
0003
0004
0002
0003
0019
001D
0025
0015
001B
001E
0020
001D
0029
0038
0039
0037
002E
0030
0038
003E
0016
0019
0014
0010
0019
001A
0018
0009
0034
0031
0029
0030
0033
0033
0029
0029
0037
003B
0039
0042
003D
0039
0039
0039
0001
0002
0002
0001
0002
0000
0002
0001
000F
000C
000B
000E
000C
000D
000E
000D
002D
002F
002A
002F
002F
002B
0034
002A
000E
0009
000B
000F
000D
000E
000D
000E
0002
0001
0001
0001
0002
0001
0001
0001
0001
0002
0004
0002
0004
0001
0004
0001
