(128, 1)
0007
0006
0005
0006
0005
0007
0005
0008
0010
000E
0012
000D
000F
0012
0010
000D
0000
0001
0000
0000
0000
0000
0000
0000
0017
000D
0018
0012
000D
0012
000A
0016
0001
0001
0001
0001
0001
0001
0001
0001
0007
000A
0011
000D
000C
0008
0013
000F
003E
0047
0048
0046
0043
0045
004F
0043
0024
0029
002A
0013
001A
001F
0018
0019
0051
0057
0053
0053
0050
004F
004F
004E
0006
0003
0004
0002
0003
0004
0002
0005
0027
0024
0027
0026
0029
0024
0023
0025
0069
0060
0065
006A
0063
0064
0066
0069
0049
004E
004E
0039
003F
0045
004C
003B
0005
0008
0009
000A
0009
000B
0008
0011
000B
0009
000A
000D
0009
0009
000A
000A
003F
0041
002F
0039
003F
0030
002D
0028
