(128, 1)
0003
0002
0003
0001
0002
0001
0003
0001
0024
001A
001E
001F
0021
0018
001F
001F
0000
0001
0000
0000
0003
0001
0000
0000
0004
0003
0003
0003
0003
0003
0003
0004
0003
0002
0002
0003
0003
0004
0002
0003
0019
001E
0025
0014
001B
001D
0021
001E
0029
0039
0038
0036
002D
0032
0038
003C
0017
0019
0013
000F
0018
0019
0017
0009
0034
0033
0027
002E
0033
0033
0029
0029
0037
003B
003A
0040
003C
0038
003A
0037
0001
0002
0002
0001
0002
0000
0002
0001
000E
000C
000B
000D
000C
000D
000E
000D
002B
002F
002B
0031
002F
002B
0035
002A
000E
000A
000B
000E
000D
000D
000D
000F
0002
0001
0001
0001
0002
0001
0001
0002
0002
0003
0004
0002
0003
0001
0004
0001
