(128, 1)
0003
0002
0003
0001
0003
0001
0003
0001
0025
0019
001D
001F
0020
0017
0020
0021
0000
0001
0000
0000
0003
0002
0000
0000
0004
0003
0003
0003
0003
0003
0003
0003
0003
0003
0002
0003
0003
0004
0002
0003
0019
001E
0025
0014
001C
001E
0020
001D
0029
0039
0038
0035
002D
0030
0038
003D
0018
0019
0013
000F
0019
0019
0017
0009
0034
0031
0028
002F
0033
0033
0028
002A
0036
003B
0039
0040
003B
003A
0038
0039
0001
0002
0002
0001
0002
0000
0002
0001
000F
000C
000B
000D
000C
000D
000E
000D
002B
002F
002C
002F
002F
002C
0034
002B
000E
0009
000B
000F
000D
000D
000D
000F
0001
0001
0001
0001
0002
0001
0001
0001
0001
0002
0004
0002
0003
0001
0004
0001
