(128, 1)
0007
0007
0006
0006
0004
0006
0004
0008
0010
000E
0010
000B
000F
0015
000E
000E
0000
0001
0000
0000
0000
0000
0000
0000
0018
000C
0016
0011
000E
0012
000A
0017
0001
0002
0001
0001
0001
0001
0001
0001
0009
000A
0010
000E
000D
0009
0011
0010
003E
0047
0049
0046
0044
0041
0051
0040
0024
0028
002B
0016
0019
0020
0017
0019
004F
0055
0051
0055
004E
0052
004F
004C
0007
0003
0004
0002
0003
0004
0002
0005
0028
0026
0026
0026
002A
0025
0020
0028
006B
0060
0065
0069
0063
0062
0064
006A
004A
004D
004D
0037
0040
0043
004D
003D
0005
0008
000A
0008
000A
000B
0009
0011
000B
0009
000A
000B
0009
0009
0008
000B
003E
0043
0030
0035
0042
0031
002B
0025
