(128, 1)
002E
0037
002F
0032
0033
0028
002E
002C
0014
0014
0018
0013
0017
0017
0011
0013
0025
0023
0022
0029
0027
0022
0026
0027
0022
0027
0020
0024
001A
001F
0022
001E
0014
001C
0015
0018
0012
0015
001A
001B
0012
0013
0018
0013
0014
0016
0013
000C
002B
0027
0028
002F
0026
0024
0032
0025
0011
000D
000E
000F
000E
000F
000F
0012
0037
0041
0038
0033
0040
0044
003D
0043
000E
0012
0010
0012
0017
0011
0011
0013
0013
0010
0015
0010
0013
0010
0016
0015
002C
002B
002C
0024
002F
0033
0026
0025
0035
002E
0024
002B
002A
002E
0036
002C
0006
0004
0005
0006
0006
0007
0004
0005
000F
000B
000E
000B
000C
000C
000B
000E
0033
0032
0028
0033
0031
0031
0039
0031
