(128, 1)
0007
0007
0005
0006
0004
0006
0004
0008
000F
000E
0012
000D
000F
0013
000F
000D
0000
0001
0000
0000
0000
0000
0000
0000
0017
000D
0019
0011
000E
0013
000A
0016
0001
0001
0001
0001
0001
0001
0001
0001
0007
000A
0011
000E
000C
0008
0011
0010
003C
0046
0048
0047
0043
0043
004D
0041
0020
0028
002A
0015
001A
0021
0017
0018
0051
0058
0052
0054
0052
0052
004E
004D
0008
0003
0004
0002
0003
0003
0002
0005
0027
0025
0027
0026
002C
0026
0021
0026
0069
0063
0065
0068
0065
0064
0065
006A
0047
004C
004E
0038
003F
0045
004B
003D
0006
0009
000A
0009
000B
000B
0009
0012
000B
0009
0009
000C
0009
0009
0009
000A
003D
0040
002F
0038
003C
0031
0028
0028
