(128, 1)
0005
0005
0005
0006
0004
0007
0006
0007
0035
0030
0030
0031
002C
0038
002F
002E
0017
0016
0017
0015
0012
0011
0012
0012
006A
0062
0067
0067
0065
0069
0069
0066
0007
0005
0006
0005
0006
0005
0005
0006
0028
0027
0032
0033
0030
002B
002A
002D
0011
0013
0012
000E
0011
0011
000F
000E
0002
0002
0002
0002
0002
0002
0002
0002
0007
0005
0006
0008
0007
0005
0006
0007
0047
0045
003B
0039
004A
0045
0042
003F
0045
0046
0042
0049
004C
0047
0041
0045
0009
000B
000A
000B
0009
000B
0008
000A
0045
0046
0041
0046
0044
0042
0045
0039
003D
0042
0043
003F
0040
003B
0043
0046
0058
005A
005B
005E
0058
005C
005B
005D
0037
0041
0036
003A
003F
0037
0039
0038
