(128, 1)
0007
0006
0006
0006
0004
0006
0004
0008
000F
000E
0010
000C
000F
0013
000E
000D
0000
0001
0000
0000
0000
0000
0000
0000
0016
000C
0017
0012
000E
0011
000B
0016
0001
0002
0001
0001
0001
0001
0001
0001
0008
000A
0012
000E
000D
0008
0011
0010
003E
0047
0049
0046
0043
0043
0050
0041
0026
002A
002A
0014
0018
001E
0018
001A
0051
0055
004F
0054
004D
0050
004F
004B
0007
0002
0004
0002
0003
0005
0002
0005
0027
0026
0026
0025
002A
0026
0020
0029
006A
0060
0065
0069
0063
0063
0064
006A
0048
004D
0050
0038
0042
0044
004D
003F
0005
0008
000A
0009
0009
000B
000A
0010
000B
0009
000A
000B
0008
0009
0008
000B
003F
0043
0031
0033
0043
0030
002B
0028
