(128, 1)
0000
0000
0000
0000
0000
0000
0000
0000
0029
0023
0029
0021
002A
0025
002D
002F
0000
0002
0001
0000
0005
0003
0000
0000
000A
000D
000C
000D
0008
000D
000B
000D
0000
0000
0000
0000
0000
0000
0000
0000
0007
0009
0008
0006
0006
0005
0008
0004
000C
000C
000F
000D
000C
000B
0010
000B
001E
001E
0019
0012
0021
0020
001B
000C
000E
000F
0011
0010
000E
000F
000D
000E
003D
003F
003D
0040
0038
0042
0037
0039
0000
0000
0000
0000
0000
0000
0000
0000
004A
0043
004A
0055
0048
0043
004A
004F
0035
0030
0039
0036
002F
0034
003B
0036
0067
006A
006A
0069
0065
006B
0069
0067
0008
0004
0007
0008
0009
0005
0004
0008
0001
0001
0002
0001
0002
0001
0002
0001
