(128, 1)
0003
0002
0003
0001
0003
0001
0003
0001
0023
001A
001D
001F
0020
0018
0020
0020
0000
0001
0000
0000
0003
0002
0000
0000
0004
0003
0003
0003
0003
0003
0003
0004
0003
0003
0002
0003
0003
0004
0002
0003
0019
001E
0025
0014
001C
001D
0021
001E
002A
003A
0037
0035
002E
0032
0039
003D
0018
0019
0014
000F
0018
0019
0017
0009
0036
0031
0029
002E
0032
0033
0028
002C
0038
003B
0039
0040
003D
0039
0039
0037
0001
0002
0002
0001
0002
0000
0002
0001
000F
000C
000B
000D
000D
000D
000D
000D
002C
002F
002C
0031
002F
002B
0034
002B
000E
0009
000B
000E
000D
000D
000D
000F
0002
0001
0001
0001
0001
0001
0000
0002
0002
0002
0004
0002
0003
0001
0004
0001
