(128, 1)
0015
0013
0018
0017
0012
0018
0015
001B
0048
0048
004D
0042
0055
0050
0047
0041
002B
0033
002E
002B
002D
0033
0029
0029
0023
0029
0039
002A
0024
002B
0033
0022
0056
0050
0055
005B
0060
005C
0051
0055
0013
000F
0013
0012
0011
0011
0010
0011
004F
0051
0040
004F
0051
0050
004F
004B
0039
002A
0028
0036
0036
0032
0029
0030
0013
001D
0015
0013
0013
0015
0016
0013
003E
004D
0034
0037
0036
0037
0033
0032
0050
0054
004D
0042
0053
005B
004D
004B
0056
0055
0059
005A
0054
0051
0051
0057
0015
0019
0015
0013
0016
0016
0015
0018
0061
0068
0064
0067
0060
0065
0065
006E
002A
002A
003A
003C
002D
003B
0032
0032
0052
0053
0049
004F
0044
004D
004A
0046
