(128, 1)
0003
0003
0004
0001
0002
0001
0003
0002
002B
0020
0024
001D
0026
0025
002A
002A
0001
0002
0002
0001
0004
0002
0001
0001
0074
0077
0077
0077
0078
0077
0077
0077
0005
0004
0005
0005
0005
0006
0005
0005
0039
0041
0035
003A
0038
003B
003D
0031
004E
003D
0041
0043
004A
0046
003E
003D
000C
0009
0008
0008
000D
0009
000A
0006
0044
0045
0051
004C
0043
0043
004F
0051
003C
003B
003D
0037
003A
0039
003A
003F
0002
0002
0002
0003
0004
0001
0003
0002
004C
0040
004F
0057
0049
0045
004A
0053
0028
0027
002F
0028
002D
002F
0031
002C
006F
0073
0072
006F
006E
0070
0070
006D
0009
0005
0008
0009
0008
0006
0006
0009
0001
0002
0002
0001
0002
0001
0003
0002
