(128, 1)
0003
0002
0003
0001
0003
0001
0003
0001
0025
0019
001D
001F
0021
0017
001F
0020
0000
0001
0000
0000
0003
0002
0000
0000
0004
0003
0003
0003
0003
0003
0003
0004
0003
0003
0002
0003
0003
0004
0002
0003
0019
001E
0023
0014
001C
001D
0022
001D
0028
0039
0038
0036
002D
0032
0038
003D
0018
0019
0012
000F
0019
0018
0018
0009
0034
0032
0027
002D
0034
0033
0029
002A
0037
003C
003A
0040
003D
003A
0038
0038
0001
0002
0002
0001
0002
0000
0002
0001
000E
000C
000B
000D
000C
000D
000D
000D
002C
002F
002C
0031
002E
002C
0033
002B
000E
0009
000B
000F
000D
000D
000D
000F
0002
0001
0001
0001
0001
0001
0001
0001
0002
0002
0004
0002
0003
0001
0004
0001
