(128, 1)
0017
0011
0019
0015
0012
0015
0016
001B
0048
0048
004A
0042
0054
0053
004D
0047
002C
0031
002C
002B
002B
0031
002A
0029
0025
002A
0038
002D
0024
002C
002E
0022
0057
0051
0057
005B
005D
005F
0050
0053
0015
000F
0011
0012
000E
0010
0010
0011
004B
0054
0045
0050
0055
004D
0050
0050
0039
002C
0027
0030
0035
0034
002A
0032
0013
001C
0014
0012
0015
0015
0016
0012
003D
004B
0037
0039
0036
0036
0036
0037
004E
0055
0053
0043
0055
0058
0050
004A
0053
0053
005B
0056
0055
0054
004F
0056
0013
001A
0013
0016
0016
0016
0014
0018
0062
0069
0066
0065
0064
0066
0064
006D
0029
002B
0037
003E
002C
0037
0035
002D
0055
0050
004A
0050
0044
0049
004B
0046
