(128, 1)
0005
0005
0007
0002
0005
0002
0006
0003
004F
003B
0046
003C
0045
003E
004E
0049
0001
0003
0002
0001
0006
0004
0001
0001
0078
007A
007A
007A
007B
007A
007A
007B
0008
0007
0007
0009
0008
0009
0007
0008
0051
005F
005C
0050
0053
0057
005F
0050
0078
0078
0078
0079
0079
0079
0077
0079
0025
0022
001B
0015
0027
0024
0020
000E
0079
0078
0079
0079
0078
0076
0077
007B
0075
0077
0076
0077
0077
0073
0073
0077
0003
0004
0004
0003
0006
0001
0005
0003
005B
004E
0059
0063
0056
0051
0059
0060
0054
0055
005A
005A
005E
0058
0064
0056
007D
007C
007D
007D
007C
007D
007D
007D
0009
0007
0009
000B
000B
0006
0007
000B
0002
0004
0006
0003
0006
0002
0006
0003
