(128, 1)
0017
0010
0018
0015
0013
0015
0015
001C
0045
0048
004A
0042
0052
0052
004E
0049
002D
0030
002D
002A
002D
0031
002B
0029
0024
002A
0037
002F
0023
002A
002E
0024
0057
0051
0057
005B
005C
005F
004E
0051
0015
000F
0011
0012
000E
0011
0010
0010
004B
0054
0047
0050
0056
004E
0050
0052
0039
002E
0028
002D
0036
0036
002A
0033
0012
001C
0014
0011
0016
0015
0015
0012
003E
004C
0037
003A
0034
0035
0037
0037
004E
0056
0053
0042
0055
0058
0052
0048
0052
0052
005B
0056
0056
0054
004F
0057
0012
0019
0014
0017
0016
0016
0014
0017
0063
0069
0066
0066
0065
0066
0062
006D
0027
0029
0036
0040
002A
0036
0035
002B
0056
0051
004A
0051
0042
0048
004C
0046
