(128, 1)
0005
0005
0005
0006
0004
0007
0006
0007
0035
0031
002F
0031
002C
0037
002F
002D
0017
0016
0017
0015
0012
0011
0012
0012
006A
0062
0067
0066
0064
0069
0068
0066
0007
0005
0006
0005
0006
0005
0005
0006
0027
0028
0032
0033
0030
002B
0029
002E
0010
0013
0012
000E
0011
0011
000E
000E
0002
0002
0002
0002
0002
0002
0002
0002
0007
0005
0006
0008
0007
0005
0006
0007
0046
0047
003B
003A
004A
0044
0042
003F
0045
0047
0042
0049
004C
0047
0041
0044
0009
000B
000A
000B
000A
000B
0009
000A
0044
0045
0041
0045
0045
0041
0045
0037
003D
0043
0042
003F
0040
003A
0043
0046
0058
005A
005B
005E
0059
005B
005B
005D
0037
0042
0036
003A
003F
0038
0038
0039
