(128, 1)
0003
0002
0003
0001
0003
0001
0003
0001
0025
0019
001D
001F
0021
0016
0020
0020
0000
0001
0000
0000
0003
0002
0000
0000
0004
0003
0004
0003
0003
0004
0003
0004
0003
0003
0002
0003
0003
0004
0002
0004
0019
001E
0024
0014
001B
001F
0020
001C
0029
0038
003A
0036
002D
0031
0038
003D
0018
0019
0012
0010
0019
0018
0018
0008
0035
0032
0026
002F
0034
0033
002A
0028
0035
003C
0039
0041
003B
003B
0038
0039
0001
0002
0002
0001
0002
0000
0002
0001
000F
000C
000B
000D
000C
000E
000E
000D
002B
002F
002C
0031
002F
002C
0034
002B
000E
0009
000B
000F
000D
000E
000D
000F
0002
0001
0001
0001
0001
0001
0001
0001
0002
0002
0004
0002
0003
0001
0004
0001
