(128, 1)
0016
0011
0018
0015
0013
0016
0015
001D
0046
0048
004B
0042
0054
0050
004D
0046
002C
0032
002D
002A
002D
0030
002A
0029
0025
002B
0038
0030
0024
0029
002E
0024
0057
004F
0056
005B
005F
005F
004E
0052
0015
0011
0011
0012
000E
0011
0011
0011
004C
0054
0047
004F
0056
0050
004E
0050
0039
002C
0029
0030
0036
0034
0029
0033
0014
001C
0014
0011
0015
0015
0015
0013
0040
004C
0036
0039
0036
0036
0035
0037
004E
0056
0050
0043
0055
0058
0051
0048
0052
0053
005B
0056
0056
0052
0051
0058
0014
0019
0013
0015
0016
0017
0015
0017
0063
0068
0066
0066
0064
0067
0064
006E
0029
002A
0038
003F
0029
0036
0034
002B
0055
0051
0049
0051
0043
0047
004C
0048
