(128, 1)
0007
0006
0005
0006
0004
0007
0005
0008
0010
000E
0013
000D
000E
0013
000F
000D
0000
0001
0000
0000
0000
0000
0000
0000
0017
000D
0016
0011
000D
0011
000A
0016
0001
0001
0001
0001
0001
0001
0001
0001
0008
000A
0010
000D
000D
0008
0011
000F
003F
0047
0048
0046
0044
0044
0051
0042
0027
0028
0029
0013
001A
0020
0018
0019
0050
0058
0053
0054
004E
0050
0050
004C
0007
0003
0003
0002
0003
0004
0002
0005
0028
0024
0027
0026
002A
0025
0023
0027
006A
0060
0065
006A
0062
0064
0066
0069
0049
004E
004E
0039
003F
0044
004C
003D
0005
0008
0009
000A
0007
000C
0007
0010
000B
0008
000A
000D
0009
0009
0009
000A
0041
0043
002F
0036
0042
0030
002D
0027
