(128, 1)
0002
0003
0004
0001
0002
0001
0003
0002
002A
0021
0027
001D
0026
0027
002D
002A
0001
0002
0002
0001
0004
0002
0001
0001
0074
0077
0077
0076
0078
0077
0077
0078
0005
0004
0005
0006
0005
0006
0005
0005
0039
0040
0036
003B
0038
0039
003E
0032
004F
003E
003F
0043
004C
0047
003F
003C
000D
0009
0008
0006
000E
000A
0009
0005
0044
0047
0051
004B
0046
0043
004E
0051
003E
003C
003C
0036
003C
0039
003A
003F
0002
0002
0002
0003
0004
0001
0003
0002
004E
0042
004F
0056
004B
0045
004B
0055
002A
0027
002D
002A
002F
002C
0032
002C
006F
0072
0072
006E
006E
0070
0070
006E
0008
0006
0009
0009
0009
0005
0006
0009
0001
0002
0002
0001
0003
0002
0002
0002
