(128, 1)
0005
0005
0005
0006
0005
0007
0006
0007
0035
0030
0030
0031
002C
0036
002F
002D
0017
0016
0017
0015
0013
0011
0012
0012
006A
0061
0066
0066
0064
0069
0069
0066
0007
0005
0006
0005
0006
0005
0005
0006
0028
0028
0031
0033
0030
002C
0029
002E
0011
0013
0012
000E
0011
0010
000F
000E
0002
0002
0002
0002
0002
0002
0002
0002
0007
0005
0006
0007
0007
0005
0006
0007
0046
0046
003C
0039
0049
0043
0043
003F
0045
0047
0042
0049
004D
0046
0041
0044
0009
000B
000A
000B
000A
000B
0008
000A
0044
0045
0041
0046
0044
0042
0046
0038
003D
0043
0043
003F
0040
003A
0043
0045
0059
0058
005C
005E
0057
005C
005B
005B
0037
0041
0037
0039
003E
0037
0037
0038
