(128, 1)
0004
0004
0004
0005
0003
0005
0004
0005
0034
0031
002F
0030
002A
0034
002E
002B
0019
0018
0019
0017
0015
0013
0015
0015
006C
0063
0069
0069
0068
006A
006B
0069
0007
0005
0005
0005
0005
0005
0005
0006
0029
0029
0036
0036
0033
002E
002B
0031
0013
0016
0014
0010
0012
0013
0011
0010
0002
0002
0002
0002
0002
0002
0002
0002
0005
0004
0005
0006
0005
0004
0005
0005
0046
0045
003A
0038
0049
0044
0042
003F
004F
004E
0049
0050
0055
004F
0048
004B
0006
0007
0007
0008
0006
0007
0005
0007
0045
0048
0044
0047
0047
0044
0047
0037
0039
003F
003F
003D
003D
0035
0040
0041
005E
005C
005F
0062
005D
005F
0060
0061
003E
0045
003F
003F
0043
003D
003E
003E
