(128, 1)
0005
0005
0005
0006
0004
0007
0006
0007
0034
0030
0030
0031
002D
0037
0030
002D
0016
0016
0017
0015
0012
0011
0012
0013
006A
0062
0068
0066
0065
0069
0069
0066
0007
0005
0006
0005
0006
0005
0005
0006
0028
0028
0032
0033
0030
002B
0029
002F
0011
0013
0012
000E
0010
0011
000F
000E
0002
0002
0002
0002
0002
0002
0002
0002
0007
0005
0006
0008
0007
0005
0006
0007
0047
0046
003B
0039
004B
0045
0042
0040
0045
0047
0042
0049
004C
0047
0040
0044
0009
000B
000A
000C
0009
000B
0009
000A
0045
0044
0041
0045
0045
0042
0044
0038
003C
0043
0043
003F
0040
003B
0043
0044
0058
0058
005C
005E
0059
005B
005B
005C
0037
0041
0036
0039
003F
0038
003A
0039
