(128, 1)
0006
0006
0005
0006
0004
0006
0005
0008
0011
000E
0012
000D
0010
0015
0010
000D
0000
0001
0000
0000
0000
0000
0000
0000
0016
000C
0014
0011
000C
0010
000A
0015
0001
0001
0000
0001
0001
0001
0001
0001
0007
0008
000E
000C
000B
0007
000E
000D
003E
0048
004A
0046
0042
0044
0051
0041
0025
0028
0025
0013
001A
001E
0017
0018
0050
0056
0051
0051
0049
0050
0050
004B
0008
0003
0004
0003
0004
0004
0003
0005
002A
0025
0028
0026
002A
0026
0025
0029
006A
0060
0065
0069
0063
0063
0064
0068
0041
0046
0047
0033
003A
0040
0046
0038
0006
0009
0009
000D
0009
000D
0008
0011
000C
000A
000A
000E
000A
0009
000A
000C
003F
0044
002D
0034
0042
0030
002D
0026
