(128, 1)
0007
0007
0005
0007
0004
0006
0005
0008
000F
000E
0012
000C
000F
0013
000F
000D
0000
0001
0000
0000
0000
0000
0000
0000
0017
000D
0019
0011
000D
0012
0009
0017
0001
0001
0001
0001
0001
0001
0001
0001
0007
000A
0010
000D
000C
0008
0012
0010
003C
0047
0048
0046
0043
0043
004E
0041
0021
0028
002A
0014
001A
0020
0018
0019
0051
0057
0053
0054
0050
0051
004E
004D
0007
0003
0004
0002
0003
0004
0002
0005
0027
0026
0027
0026
002A
0025
0021
0027
0069
0060
0065
0068
0063
0064
0064
006A
0048
004E
004E
0038
003F
0045
004B
003B
0005
0009
0009
000A
000A
000A
0009
0011
000B
0009
000A
000C
0009
0009
0009
000B
003D
0041
002F
0038
003E
0030
002A
0027
