(128, 1)
0015
0012
0018
0017
0011
0019
0015
001B
0049
004A
004E
0040
0055
0050
0047
0041
002A
0033
0030
002A
002C
0033
0029
0029
0024
0029
003B
002C
0024
002A
0033
0021
0056
0050
0056
005B
005F
005E
0052
0055
0013
0010
0013
0012
0011
0010
0011
0011
004E
0052
0041
004E
0054
0051
004E
004D
0037
0029
0028
0035
0036
0032
0029
002F
0012
001C
0015
0013
0013
0015
0016
0012
003F
004D
0036
0036
0035
0037
0034
0034
004E
0054
004E
0043
0053
005A
004E
004B
0056
0054
005B
0059
0052
0051
0050
0057
0015
0019
0015
0013
0016
0016
0016
0019
0062
0068
0065
0066
005F
0064
0066
006E
002B
002C
003A
003E
002C
0039
0032
0031
0053
0052
0047
004E
0044
004B
004B
0047
