(128, 1)
0005
0005
0005
0006
0004
0007
0005
0007
0035
0031
0030
0031
002C
0037
0030
002F
0016
0016
0017
0015
0012
0011
0013
0012
006A
0062
0067
0066
0065
0069
0069
0066
0007
0005
0006
0005
0006
0005
0005
0006
0028
0027
0032
0034
0032
002D
0029
002E
0011
0013
0012
000E
0010
0011
000F
000E
0002
0002
0002
0002
0002
0002
0002
0002
0007
0005
0006
0007
0007
0005
0006
0007
0047
0046
003C
0039
004B
0044
0043
003F
0046
0047
0042
004A
004C
0047
0040
0045
0009
000B
000A
000C
0009
000B
0008
000A
0043
0046
0042
0046
0044
0043
0045
0038
003C
0042
0042
003F
003F
003B
0043
0046
0059
0059
005B
005E
0058
005B
005B
005D
0038
0041
0038
003A
003F
0038
0039
0038
