(128, 1)
0005
0005
0005
0006
0005
0007
0006
0007
0034
0031
0030
0031
002D
0036
002F
002D
0016
0016
0016
0015
0012
0011
0012
0012
006A
0061
0067
0066
0065
0069
0069
0066
0007
0005
0006
0005
0006
0005
0005
0006
0028
0028
0032
0032
0031
002D
0029
002E
0011
0013
0012
000F
0010
0011
000F
000E
0002
0002
0002
0002
0002
0002
0002
0002
0007
0005
0006
0007
0006
0005
0006
0006
0046
0046
003B
003A
0049
0043
0043
003F
0046
0047
0043
0049
004D
0047
0043
0045
0009
000B
000A
000C
000A
000B
0009
000A
0045
0044
0041
0046
0044
0041
0046
0037
003D
0043
0042
003E
0040
003A
0043
0045
0059
0058
005B
005F
0059
005B
005B
005C
0037
0041
0037
0039
003E
0038
0039
0039
