(128, 1)
0015
0012
0017
0017
0011
0019
0015
001C
0047
0049
004D
0042
0055
004F
0047
0042
002B
0034
002F
002B
002D
0034
0029
002A
0024
0029
003A
002C
0024
0029
0033
0022
0056
004F
0054
005B
0062
005F
0050
0054
0013
0010
0014
0013
0011
0011
0010
0012
004E
0051
0042
004D
0053
0051
004D
004C
0038
002B
0028
0037
0036
0031
0029
0031
0013
001B
0015
0013
0012
0015
0014
0014
0040
004E
0035
0037
0037
0039
0034
0034
0050
0056
004B
0043
0052
005B
004D
004A
0055
0054
005A
005A
0053
0050
0051
0057
0015
0018
0015
0012
0016
0016
0016
0018
0061
0068
0065
0067
005F
0066
0065
006E
002C
002A
003A
003D
002B
003B
0033
0031
0052
0053
0046
0050
0044
004A
004B
0047
