(128, 1)
0001
0001
0001
0002
0001
0002
0001
0002
0011
000E
000E
0010
000D
000D
000F
000F
000F
0010
0011
0011
000E
000D
000D
000D
0012
0015
0013
0016
001A
0015
0016
0019
0000
0000
0000
0000
0000
0000
0000
0000
002A
0029
0034
0033
0032
002B
002A
002E
0010
000F
0011
000D
000F
000E
000E
000F
0001
0001
0001
0001
0001
0001
0001
0001
0000
0001
0001
0002
0001
0000
0001
0001
0000
0001
0000
0000
0000
0000
0000
0000
0003
0003
0002
0003
0004
0003
0003
0001
0006
0007
0006
0007
0006
0006
0005
0006
0032
0031
002C
002E
0031
0032
0032
0029
0012
0010
0013
0012
000F
000F
000F
0013
0034
0035
0033
002F
0035
0031
0032
0034
0036
003B
0036
0036
003B
0038
0036
0035
