(128, 1)
0005
0005
0005
0006
0004
0007
0006
0007
0035
0031
002F
0032
002D
0037
0030
002D
0016
0016
0017
0015
0012
0011
0012
0012
006A
0062
0067
0066
0065
0069
0069
0066
0007
0005
0006
0005
0006
0005
0005
0006
0027
0028
0032
0034
0031
002B
002A
002E
0011
0013
0012
000E
0010
0010
000F
000E
0002
0002
0002
0002
0002
0002
0002
0002
0007
0005
0006
0007
0007
0005
0006
0007
0046
0046
003B
0039
004A
0045
0041
003F
0047
0046
0042
004A
004C
0047
0041
0045
0009
000B
000A
000C
0009
000B
0008
000A
0045
0045
0042
0046
0045
0043
0045
0039
003C
0043
0043
003F
003F
003B
0043
0046
0058
0059
005B
005D
0058
005B
005B
005D
0037
0042
0037
0039
003F
0037
0038
0039
