(128, 1)
0007
0007
0008
0002
0006
0003
0008
0005
0038
0026
0031
0027
0030
0029
0036
0038
0001
0001
0001
0001
0004
0002
0001
0001
0078
007A
007A
0079
007A
007A
007A
007A
000A
0008
0008
000B
000A
000B
0008
0009
004D
0059
0057
0047
0051
0054
005B
0047
0077
0078
0078
0079
0079
0078
0077
0079
0039
0037
0035
0032
003D
003A
0039
0025
0075
0076
0076
0077
0074
0071
0073
0078
0073
0073
0074
0073
0075
0070
006D
0074
0003
0005
0004
0005
0006
0002
0004
0003
0057
0046
0050
005E
0053
004C
0052
005E
0052
0052
0058
005B
005E
0055
0063
0057
007C
007C
007C
007C
007C
007C
007C
007C
000D
0008
000A
000D
000E
0007
0008
000D
000A
000C
000C
000B
000A
0008
000E
0007
