(128, 1)
0016
0011
0017
0016
0012
0017
0015
001C
0046
0049
004C
0043
0053
0050
004B
0044
002C
0033
002E
002C
002D
0033
0029
0029
0024
002B
0038
002E
0024
0029
0031
0024
0057
004F
0055
005B
0060
005E
0050
0053
0013
0010
0012
0013
0010
0011
0011
0011
004C
0052
0044
004E
0054
0050
004D
004E
0037
002A
0028
0033
0037
0032
0029
0031
0013
001B
0015
0012
0014
0015
0015
0013
003F
004E
0034
0037
0035
0037
0035
0035
004F
0056
004E
0043
0053
005B
004F
0048
0054
0054
005B
0058
0055
004F
0050
0057
0015
0019
0014
0013
0016
0017
0014
0017
0062
0068
0066
0066
0061
0066
0065
006F
0029
002A
0039
003D
0029
0038
0034
002F
0052
0052
0047
0051
0043
004A
004C
0047
