(128, 1)
0005
0005
0005
0006
0004
0007
0006
0007
0036
0031
002F
0031
002C
0036
0030
002D
0016
0016
0016
0015
0012
0011
0013
0012
006A
0062
0066
0067
0065
0069
0069
0066
0007
0005
0006
0005
0006
0005
0005
0006
0027
0028
0033
0034
0031
002C
0029
002E
0011
0013
0012
000E
0010
0011
000F
000E
0002
0002
0002
0002
0002
0002
0002
0002
0006
0005
0006
0007
0007
0005
0006
0007
0046
0046
003B
0039
004A
0045
0041
003F
0045
0047
0042
0049
004C
0047
0041
0045
0009
000B
000A
000B
000A
000B
0008
000A
0045
0045
0041
0045
0045
0042
0044
0039
003C
0042
0041
003E
0040
003A
0042
0046
0059
0059
005B
005D
0058
005C
005B
005D
0037
0041
0037
0039
003F
0036
003A
0039
