(128, 1)
0015
0013
0018
0017
0012
0019
0015
001B
0047
0047
004E
0041
0055
0050
0048
0041
002B
0035
002E
002C
002D
0034
0029
002A
0024
0029
0039
002C
0024
0029
0034
0024
0056
0050
0055
005B
0062
005E
0051
0054
0013
0011
0013
0013
0011
0010
0011
0012
004E
0051
0041
004D
0053
0050
004E
004C
0039
0029
0028
0037
0036
0031
0029
0030
0012
001C
0016
0013
0012
0015
0015
0013
003E
004E
0034
0036
0036
0038
0033
0033
004F
0056
004C
0043
0052
005C
004E
004C
0056
0054
005A
005A
0053
0050
0050
0058
0015
0019
0015
0012
0017
0017
0015
0017
0062
0068
0065
0066
005F
0066
0065
006E
002C
002A
003B
003D
002C
003A
0032
0032
0052
0053
0047
0050
0043
004C
004B
0048
