(128, 1)
0005
0005
0007
0002
0005
0002
0006
0003
004C
003C
0045
003C
0045
003E
004F
0047
0001
0003
0002
0001
0006
0004
0001
0001
0078
007A
007A
0079
007B
007A
0079
007B
0008
0007
0007
0009
0008
0009
0007
0009
0052
005F
005E
004E
0052
0056
005F
004F
0078
0078
0078
0078
0079
0079
0077
0079
0026
0022
001C
0016
0026
0021
0020
000E
0079
0078
0079
0079
0078
0076
0077
007B
0075
0077
0076
0077
0077
0073
0073
0077
0003
0004
0004
0003
0005
0001
0005
0003
005B
004F
0059
0063
0056
004F
0056
0061
0056
0056
0059
005B
005D
0057
0064
0053
007D
007C
007D
007D
007C
007D
007D
007D
000A
0008
0009
000B
000A
0006
0007
000B
0004
0004
0006
0003
0005
0002
0006
0002
