(128, 1)
0002
0003
0004
0001
0003
0001
0003
0002
002A
0020
0025
001C
0026
0027
002B
0029
0001
0002
0002
0001
0004
0002
0001
0001
0074
0077
0077
0077
0078
0077
0077
0078
0005
0004
0005
0006
0005
0005
0005
0005
0038
003F
0036
003B
0037
003A
003E
0031
004F
003D
003F
0044
004B
0047
003F
003D
000D
0008
0008
0007
000D
000A
0009
0006
0042
0047
0050
004A
0045
0043
004E
0051
003D
003C
003C
0036
003B
003A
0039
0040
0002
0002
0002
0003
0004
0001
0003
0002
004A
0042
004F
0056
0048
0044
004C
0053
0028
0027
002D
002A
002E
002C
0031
002B
006F
0073
0072
006F
006F
0070
0070
006E
0008
0005
0008
0009
0009
0005
0006
0009
0001
0002
0002
0002
0003
0001
0002
0002
