(128, 1)
0015
0012
0019
0016
0011
0019
0015
001B
0048
0048
004E
0043
0055
004F
0048
0043
002B
0034
002D
002C
002C
0034
002A
002A
0024
0029
0039
002A
0024
002B
0033
0023
0056
0051
0056
005B
0061
005E
0050
0053
0013
0010
0013
0013
0011
0010
0010
0011
004E
0051
0041
004E
0054
0050
004F
004C
003A
002A
0028
0035
0036
0033
0029
0030
0012
001B
0015
0013
0012
0015
0016
0013
003F
004D
0035
0037
0036
0037
0035
0034
004F
0055
004F
0042
0054
005B
004E
004D
0056
0054
005B
005A
0055
0052
004F
0057
0014
0019
0015
0014
0016
0016
0015
0018
0061
0068
0065
0065
0061
0065
0065
006D
002B
002B
0039
003E
002E
003A
0032
0031
0054
0053
0049
0050
0044
004C
004B
0047
