(128, 1)
0007
0006
0005
0007
0004
0006
0005
0008
000F
000E
0012
000D
000F
0013
000F
000D
0000
0001
0000
0000
0000
0000
0000
0000
0017
000D
0018
0011
000D
0012
0009
0016
0001
0001
0001
0001
0001
0001
0001
0001
0008
000A
0010
000E
000C
0008
0012
0010
003D
0047
0047
0046
0043
0044
004E
0042
0022
0029
002A
0015
0019
001F
0018
0019
0051
0056
0052
0053
0050
0051
004E
004C
0007
0003
0004
0002
0003
0003
0002
0005
0027
0026
0027
0026
002A
0025
0022
0026
0069
0061
0065
0068
0063
0064
0065
006A
0048
004E
004E
0038
003F
0044
004B
003D
0005
0009
000A
000A
000A
000A
0009
0012
000B
0009
000A
000C
0009
0009
0009
000B
003E
0042
0030
0036
003E
0031
0029
0028
