(128, 1)
0002
0003
0003
0001
0002
0001
0003
0002
002A
0021
0025
001C
0026
0027
002A
0029
0001
0002
0002
0001
0004
0002
0001
0001
0074
0076
0077
0077
0078
0077
0077
0078
0005
0004
0005
0006
0005
0006
0005
0006
0038
003E
0037
003B
0037
003B
003D
0032
004F
003D
0040
0043
004A
0046
003F
003C
000D
0008
0008
0007
000E
0009
000A
0006
0044
0045
0050
004C
0045
0043
004E
0051
003C
003C
003C
0037
0039
003B
0039
0040
0002
0002
0002
0002
0004
0001
0003
0002
004C
0042
004E
0056
0049
0045
004C
0053
0029
0028
002E
002A
002D
002D
0031
002C
006F
0072
0072
006F
006F
0070
0070
006E
0009
0005
0009
0009
0009
0005
0005
0009
0001
0002
0002
0001
0002
0002
0002
0002
