(128, 1)
0002
0003
0004
0001
0002
0001
0003
0002
0028
0020
0026
001D
0024
0027
002B
002A
0001
0002
0002
0001
0003
0002
0001
0001
0075
0077
0076
0077
0078
0077
0077
0078
0005
0004
0004
0006
0005
0005
0005
0005
0038
003F
0038
003B
0037
0038
003D
0034
004E
003F
0040
0042
004A
0049
0040
003D
000D
0009
0009
0007
000D
000B
000A
0006
0044
0045
0050
004A
0046
0043
004D
0050
003F
003C
003C
0036
003C
003A
0039
003F
0002
0002
0002
0003
0004
0001
0002
0002
004C
0042
004C
0055
004A
0046
004A
0053
0029
0026
002C
0029
002E
002D
002F
002C
006E
0072
0071
006E
006E
006F
0070
006E
0008
0007
0008
0009
0009
0005
0006
000A
0001
0002
0002
0001
0002
0001
0002
0001
