(128, 1)
0016
0011
0017
0015
0013
0017
0015
001D
0044
0049
004C
0044
0052
0051
004C
0048
002C
0033
002F
002B
002D
0031
002A
002A
0024
002A
0038
0030
0024
0029
0030
0024
0056
004F
0055
005C
005F
005F
004E
0052
0013
0011
0011
0013
000E
0011
0011
0011
004B
0053
0047
004F
0055
004F
004D
0050
0038
002C
002A
0030
0036
0032
0029
0034
0014
001B
0015
0011
0015
0016
0014
0013
0041
004C
0036
0036
0036
0036
0036
0036
004D
0057
0050
0043
0053
005B
004F
0047
0052
0052
005B
0057
0055
004F
0051
0059
0014
0018
0014
0013
0017
0017
0014
0017
0064
0067
0066
0067
0062
0068
0064
006F
002B
0029
0039
003E
0029
0036
0035
002C
0054
0052
0047
0051
0044
0048
004D
0047
