(128, 1)
0005
0005
0005
0006
0004
0007
0006
0007
0034
0032
002F
0030
002C
0036
002F
002D
0016
0016
0017
0015
0012
0012
0013
0013
006A
0062
0067
0066
0065
0069
0069
0066
0007
0005
0006
0005
0006
0005
0005
0006
0028
0028
0034
0033
0030
002C
002A
002F
0011
0013
0011
000E
0011
0011
000F
000E
0002
0002
0002
0002
0002
0002
0002
0002
0007
0005
0006
0007
0007
0005
0006
0007
0047
0046
003B
0039
0049
0045
0042
003F
0046
0047
0042
004A
004E
0047
0041
0045
0009
000B
000A
000C
0009
000B
0008
000A
0045
0046
0042
0045
0046
0044
0046
0037
003B
0042
0041
003F
0040
003A
0042
0046
0058
0059
005C
005E
005A
005B
005B
005E
0037
0041
0037
003A
003F
0037
003A
0039
