(128, 1)
0016
0011
0019
0015
0012
0016
0015
001B
0048
0049
004B
0041
0054
0051
004A
0045
002C
0032
002C
002B
002C
0032
002A
0029
0025
002A
0039
002B
0024
002D
0031
0023
0057
0051
0056
005A
005D
005D
004F
0053
0015
000E
0012
0012
0010
0010
0010
0011
004E
0053
0043
004F
0054
004F
0050
004F
0038
002B
0027
0032
0036
0034
002A
0031
0013
001B
0015
0013
0014
0015
0016
0012
003E
004C
0036
0039
0035
0036
0035
0035
004F
0054
0051
0042
0055
0058
0050
004B
0054
0053
005A
0058
0054
0053
0050
0056
0013
0019
0015
0016
0016
0016
0014
0017
0062
0069
0065
0066
0063
0065
0064
006D
0029
002A
0037
003E
002D
0039
0033
0030
0055
0050
004B
004F
0045
004A
004B
0046
