(128, 1)
0007
0007
0006
0006
0004
0006
0004
0008
0010
000E
0011
000B
000F
0015
000E
000E
0000
0001
0000
0000
0000
0000
0000
0000
0018
000C
0017
0011
000D
0013
0009
0016
0001
0002
0001
0001
0001
0001
0001
0001
0008
000A
0011
000E
000D
0009
0011
0010
003F
0046
0047
0046
0045
0042
0050
0041
0023
0028
002B
0014
001A
001E
0018
0019
004F
0055
0050
0054
004E
0051
004F
004C
0007
0003
0004
0002
0003
0005
0002
0005
0027
0026
0026
0026
002A
0025
0020
0028
006A
0060
0066
0069
0063
0064
0063
006A
0047
004D
004E
0036
0040
0043
004C
003D
0006
0009
000B
0009
000A
000B
0009
0010
000B
0009
000A
000B
0009
0009
0008
000B
003F
0043
0030
0035
0042
0033
002A
0027
