(128, 1)
002D
001E
0020
002A
0020
0023
0024
0023
003B
003A
003B
003C
003E
0034
003C
0043
0049
004D
0049
0052
0051
004C
0047
0050
0006
0009
0006
0007
0009
0007
0007
0009
0000
0000
0000
0000
0000
0000
0000
0000
0052
0051
0048
0047
004A
004D
0050
0049
0052
004A
004F
0048
0051
0048
0049
0054
0073
0073
0070
0070
0070
006D
0072
006E
0036
0043
004A
0049
003E
0041
0046
0045
0000
0000
0000
0000
0000
0000
0000
0000
0007
0006
0005
0005
0006
0006
0006
0005
0071
006F
0070
006E
0071
006E
0070
0070
0026
0023
0021
0021
0024
0026
0025
002D
000F
000A
000D
000D
000C
000D
0009
000A
0023
0023
001F
001D
0022
0020
001F
001F
0042
0039
0041
003E
003A
0043
003E
003F
