(128, 1)
0032
0021
0023
002C
0023
0024
0028
0027
0066
0060
005E
0061
0061
005B
005E
0067
005B
005F
005B
0064
0062
0058
0056
0060
001B
0026
001F
0021
0026
0023
0022
0027
0000
0000
0000
0000
0000
0000
0000
0000
0078
0075
0078
0077
0077
0073
0075
0074
0060
0058
005F
0055
005F
0056
0053
0060
0074
0073
0071
0070
0070
006F
0073
006E
0038
0041
004C
004E
003F
0044
0047
0046
0000
0000
0000
0000
0000
0000
0000
0000
000B
000A
0008
0008
000E
000A
0009
0008
0079
0079
0078
0079
007A
0078
0077
0079
0053
0050
0046
004D
0050
0052
0053
0054
001E
0017
001A
0019
0016
0015
0012
0015
006C
006C
006B
0069
006C
006D
006B
006E
0075
0074
0073
0072
0071
0076
0070
0071
