(128, 1)
0005
0005
0007
0002
0004
0002
0006
0003
004D
003B
0043
003B
0046
003F
004B
0049
0001
0002
0002
0001
0007
0003
0001
0001
0078
007A
007A
007A
007B
007A
007A
007B
0008
0006
0007
000A
0008
0009
0007
0008
0051
005D
005B
004F
0052
0057
005F
0050
0078
0078
0078
0079
0079
0079
0077
0079
0025
0023
001C
0017
0026
0024
0021
000E
0078
0078
0079
0079
0078
0076
0077
007A
0075
0077
0076
0077
0077
0073
0073
0077
0003
0004
0004
0004
0006
0001
0005
0003
0059
004E
005A
0064
0056
0052
0059
0062
0054
0056
0058
005B
005D
005A
0065
0057
007D
007C
007D
007D
007C
007D
007D
007D
000B
0006
0009
000A
000A
0006
0005
000B
0003
0006
0006
0003
0005
0002
0006
0003
