(128, 1)
0005
0005
0007
0002
0005
0002
0006
0003
004D
003C
0047
003E
0046
003D
004D
0049
0001
0003
0002
0001
0006
0004
0001
0001
0078
007A
007A
007A
007B
007A
007A
007B
0008
0007
0007
0009
0008
0009
0007
0008
0052
005F
005B
004F
0053
0056
005F
004E
0078
0078
0078
0078
0079
0079
0077
0079
0025
0022
001C
0015
0026
0024
0021
000E
0079
0078
0079
0079
0077
0076
0077
007B
0075
0077
0076
0077
0077
0073
0073
0077
0003
0004
0004
0003
0005
0001
0005
0003
005B
004B
0058
0065
0056
0051
0058
0062
0056
0054
005B
005B
005C
0059
0064
0056
007D
007C
007D
007D
007C
007D
007D
007D
000A
0006
0008
000B
0009
0006
0006
000B
0004
0004
0006
0003
0005
0003
0006
0003
