(128, 1)
0005
0005
0007
0002
0004
0002
0006
0003
004E
003B
0043
003C
0046
003E
004A
0048
0001
0002
0002
0001
0007
0003
0001
0001
0078
007A
007A
007A
007B
007A
007A
007B
0008
0006
0007
0008
0008
000A
0006
0008
0051
005D
005C
0050
0053
0055
005F
004E
0078
0078
0078
0079
0079
0079
0076
0079
0023
0024
001D
0017
0026
0023
0021
000F
0078
0078
0079
0079
0077
0076
0077
007A
0074
0077
0076
0077
0077
0073
0073
0076
0003
0004
0004
0004
0006
0001
0005
0003
005B
004D
0059
0064
0056
0051
0056
0060
0054
0055
0059
005A
005C
005A
0065
0057
007D
007C
007D
007D
007C
007D
007D
007D
000A
0006
0009
000B
000A
0007
0006
000A
0003
0006
0006
0003
0006
0002
0006
0003
