(128, 1)
0005
0005
0005
0006
0004
0006
0005
0006
0034
0032
0030
0031
002C
0035
002F
002E
0017
0016
0018
0015
0013
0012
0013
0012
006A
0062
0068
0067
0066
0069
006A
0068
0007
0005
0006
0005
0005
0005
0005
0006
0029
0027
0033
0033
0031
002D
0029
002E
0011
0014
0012
000F
0011
0011
0010
000E
0002
0002
0002
0002
0002
0002
0002
0002
0006
0005
0006
0007
0006
0005
0006
0006
0047
0047
003B
003A
004B
0044
0042
003F
0047
0048
0044
004A
004F
0049
0043
0047
0008
000A
0009
000B
0009
000A
0008
0009
0044
0045
0041
0047
0045
0043
0046
0038
003A
0041
0040
003F
003F
003A
0041
0044
005A
005A
005C
005D
0059
005D
005B
005D
003A
0042
0039
003B
0040
0038
003A
003A
