(128, 1)
0007
0007
0005
0006
0004
0006
0004
0007
000F
000E
0011
000B
000F
0015
000E
000E
0000
0001
0000
0000
0000
0000
0000
0000
0018
000C
0017
0011
000E
0012
000A
0016
0001
0002
0001
0001
0001
0001
0001
0001
0008
000A
0011
000E
000D
0009
0011
0010
003F
0045
0048
0046
0043
0041
0050
0041
0023
0028
002B
0015
001A
001D
001A
0019
004F
0055
0050
0054
004E
0051
004F
004C
0007
0003
0004
0002
0003
0005
0002
0005
0027
0026
0026
0026
0028
0026
0020
0028
006A
0060
0064
0069
0062
0063
0063
006A
0048
004D
004F
0036
0040
0042
004D
003E
0005
0009
000B
0009
000A
000B
0009
0010
000B
0009
0009
000C
0009
0009
0008
000A
003D
0043
0030
0034
0041
0032
002B
0026
