(128, 1)
0002
0003
0004
0001
0002
0001
0003
0002
002A
0020
0025
001D
0026
0026
0029
002B
0001
0002
0002
0001
0004
0002
0001
0001
0074
0077
0077
0076
0078
0077
0077
0078
0005
0004
0005
0005
0005
0005
0005
0005
0037
003F
0037
003B
0037
003A
003D
0032
004E
003E
0041
0044
004B
0048
0040
003E
000D
0009
0009
0008
000D
0009
000A
0006
0044
0046
0050
004A
0044
0043
004E
0050
003C
003C
003D
0037
003A
003A
003A
003F
0002
0002
0002
0003
0003
0001
0002
0002
004C
0040
004E
0055
004B
0046
004B
0053
0029
0027
002D
0029
002D
002E
0030
002C
006F
0072
0072
006F
006E
006F
0070
006E
0009
0006
0009
0009
0009
0005
0006
0009
0001
0002
0002
0001
0003
0001
0002
0002
