(128, 1)
0005
0005
0006
0002
0004
0002
0006
0003
004C
003C
0046
003C
0046
003F
004D
0049
0001
0003
0002
0001
0007
0003
0001
0001
0078
007A
007A
007A
007B
007A
007A
007B
0008
0006
0007
0009
0008
0009
0007
0009
0051
005F
005D
004F
0053
0055
005F
004F
0078
0078
0078
0078
0079
0079
0077
0079
0024
0022
001B
0016
0025
0023
0020
000E
0079
0078
0079
0079
0078
0076
0076
007A
0075
0077
0076
0077
0077
0073
0073
0077
0003
0004
0004
0003
0006
0001
0005
0003
005B
004B
0058
0064
0056
0052
0058
0062
0055
0054
0059
005C
005E
0058
0064
0056
007D
007C
007D
007D
007C
007D
007D
007D
000A
0007
0009
000B
000B
0007
0007
000C
0004
0005
0006
0003
0006
0002
0006
0002
