(128, 1)
0013
000E
0013
0011
000F
0011
0012
0016
0049
004B
004D
0045
0054
0053
004E
0048
0032
0038
0031
0032
0032
0037
0030
002D
002D
0032
0040
0035
0029
0031
0036
0029
0054
004E
0055
0058
005B
0059
004C
0050
0011
000E
0010
0010
000E
000E
000E
0011
004C
0053
0045
004E
0056
004F
004F
004F
0042
0038
0030
003B
0040
003D
0034
003B
0015
001E
0017
0015
0016
0016
0017
0013
003E
004A
0036
0036
0036
0037
0033
0036
0050
0056
004F
0044
0055
0058
004F
004B
0053
0052
0059
0059
0053
0051
004D
0055
0014
001B
0015
0016
0019
0018
0014
0018
0063
0069
0066
0066
0065
0066
0066
006D
0029
002D
0039
0040
002F
0038
0037
002F
0058
0056
0050
0053
004A
0050
0052
004C
