(128, 1)
0016
0013
0019
0018
0011
0018
0015
001B
0048
0049
004C
0041
0055
0050
0047
0040
002A
0034
002D
002B
002B
0034
002A
0029
0024
0029
003A
0029
0025
002A
0034
0021
0056
0051
0055
005B
0061
005D
0052
0054
0013
000F
0013
0012
0012
0010
0011
0011
004F
0052
0040
004D
0052
0051
004F
004C
0039
002A
0028
0036
0036
0032
0029
002F
0013
001D
0015
0013
0012
0015
0016
0013
003C
004E
0035
0037
0036
0037
0033
0033
0050
0055
004C
0042
0053
005B
004C
004E
0056
0056
005A
005A
0053
0052
0050
0056
0015
0019
0016
0013
0016
0016
0016
0019
0061
0069
0064
0066
005F
0064
0066
006E
002A
002C
003B
003D
002E
003B
0032
0033
0054
0052
004A
004E
0045
004D
004A
0047
