(128, 1)
0005
0005
0007
0002
0005
0002
0006
0003
004E
003C
0044
003B
0046
003D
004A
0048
0001
0003
0002
0001
0006
0004
0001
0001
0078
007A
007A
007A
007B
007A
007A
007B
0008
0006
0007
0008
0008
000A
0007
0008
0052
005C
005A
0050
0053
0057
005F
004E
0078
0078
0078
0079
0079
0079
0077
0079
0024
0023
001C
0017
0027
0023
0022
000F
0078
0078
0079
0079
0077
0076
0076
007B
0075
0077
0076
0077
0077
0073
0073
0077
0003
0004
0004
0004
0006
0001
0005
0003
005B
004B
0059
0064
0057
0052
0058
0060
0054
0056
0059
005B
005E
005A
0064
0056
007D
007C
007D
007D
007C
007D
007D
007D
000B
0006
000A
000A
000A
0007
0007
000A
0003
0004
0006
0003
0006
0002
0006
0002
