(128, 1)
002F
0037
0030
0034
0032
0028
002F
002B
0014
0014
0019
0014
0018
0017
0010
0013
0025
0023
0022
002A
0026
0025
0027
0028
0023
0027
0021
0023
001A
001F
0022
001E
0015
001B
0015
0018
0012
0016
0018
001B
0012
0012
0018
0013
0015
0014
0013
000D
002A
0027
0029
0031
0027
0024
0033
0024
0011
000E
000E
000F
000E
000F
000F
0013
0035
0041
0038
0034
0040
0044
003E
0045
000F
0012
000F
0013
0018
0011
0011
0014
0013
0010
0015
000F
0013
0010
0017
0014
002A
0029
002F
0024
002E
0031
0026
0024
0035
002C
0025
002A
002A
0031
0037
002C
0006
0003
0005
0006
0007
0007
0004
0005
000F
000B
000F
000B
000C
000C
000B
000E
0031
0032
0027
0033
0033
0031
003B
0031
