(128, 1)
0007
0007
0008
0002
0005
0002
0008
0004
003A
0029
0033
0029
0033
002A
0038
003A
0001
0001
0001
0001
0004
0002
0001
0001
0078
007A
007A
0079
007A
007A
007A
007A
0009
0007
0007
0009
0009
000B
0007
0008
004E
005A
0058
0049
0052
0055
005B
0047
0078
0078
0078
0079
0079
0079
0077
0079
0037
0037
0033
0031
003C
0039
0038
0024
0076
0077
0077
0077
0075
0072
0074
0079
0074
0074
0075
0074
0076
0072
006F
0076
0003
0004
0004
0005
0006
0002
0004
0003
0056
0047
0050
005E
0053
004C
0053
005F
0051
0052
0058
0059
005D
0055
0063
0055
007C
007C
007C
007C
007C
007C
007C
007C
000C
0008
0009
000C
000C
0008
0008
000D
0008
000A
000A
0009
0008
0006
000B
0005
