(128, 1)
0030
0037
002F
0033
0030
0028
002F
002B
0015
0014
0019
0013
0016
0016
0010
0014
0025
0022
0022
002C
0028
0024
0028
0029
0022
0027
0021
0023
001B
001F
0023
001E
0014
001B
0014
0017
0013
0015
0018
001B
0012
0012
0018
0013
0015
0014
0011
000D
002B
0028
0029
0031
0025
0024
0034
0024
0010
000E
000F
000F
000E
000F
000F
0013
0037
0043
0037
0033
0041
0043
003C
0045
000E
0013
000F
0013
0019
0012
0011
0015
0013
0011
0014
000E
0013
0011
0016
0014
002B
002A
002F
0023
002E
0032
0026
0024
0037
002E
0025
002A
002A
0031
0036
002E
0006
0003
0004
0006
0007
0007
0004
0005
000F
000B
000F
000B
000C
000C
000B
000D
0031
0032
002A
0034
0031
0031
003B
0033
