(128, 1)
0030
0021
0021
002F
0023
0023
0028
0027
0065
005F
005D
0061
0060
005B
005E
0067
0057
005E
005A
0062
0060
0056
0053
005F
001B
0027
0020
0021
0026
0023
0023
0028
0000
0000
0000
0000
0000
0000
0000
0000
0077
0075
0078
0077
0077
0074
0075
0074
005F
0057
005D
0052
005D
0056
0054
005F
0074
0073
0071
0071
0071
006F
0073
006E
0038
0043
004D
004E
003F
0043
0049
0044
0000
0000
0000
0000
0000
0000
0000
0000
000C
000B
0009
0009
000E
000A
000B
0008
0079
0079
0078
0079
007A
0078
0077
0079
0051
004F
0043
004A
004E
0051
0051
0053
001B
0016
001B
0019
0015
0017
0013
0015
006D
006C
006B
006A
006D
006D
006A
006E
0075
0073
0071
0072
0071
0076
0070
0070
