(128, 1)
0005
0005
0005
0006
0005
0007
0006
0007
0035
0030
002F
0032
002C
0037
0030
002D
0016
0016
0017
0015
0012
0011
0013
0012
006A
0062
0066
0066
0065
0069
0068
0066
0007
0005
0006
0005
0006
0005
0005
0006
0028
0028
0032
0034
0031
002D
002A
002E
0011
0013
0012
000E
0010
0010
000E
000E
0002
0002
0002
0002
0002
0002
0002
0002
0007
0005
0006
0007
0007
0005
0006
0007
0046
0046
003B
0039
004B
0044
0042
003F
0045
0047
0043
0049
004C
0046
0041
0044
0009
000B
000A
000C
000A
000B
0008
000A
0044
0045
0042
0046
0044
0042
0045
0039
003C
0042
0043
003E
0040
003B
0043
0046
0058
005A
005B
005E
0059
005B
005B
005D
0038
0041
0036
0039
003F
0037
0039
0038
