(128, 1)
0015
0013
0017
0017
0012
001A
0015
001B
0048
0049
004E
0041
0055
0050
0047
0041
002B
0033
002F
002C
002C
0034
0029
0029
0023
002B
003B
002B
0024
002A
0033
0022
0056
0050
0054
005B
0062
005C
0051
0055
0012
0010
0014
0012
0012
0010
000F
0012
004E
0051
0041
004D
0051
0051
004E
004C
0039
0029
0028
0037
0036
0031
0028
002F
0013
001D
0015
0013
0013
0015
0016
0013
003F
004D
0035
0035
0037
0038
0033
0033
0050
0055
004C
0043
0053
005B
004C
004B
0056
0054
005A
005A
0053
0050
0050
0056
0016
0019
0015
0012
0016
0016
0015
0018
0062
0068
0064
0067
005F
0065
0065
006E
002B
002B
003B
003D
002D
003A
0032
0032
0052
0053
0048
004F
0045
004C
004A
0047
