(128, 1)
0007
0006
0005
0007
0004
0006
0005
0008
0010
000E
0013
000E
000F
0013
0011
000D
0000
0001
0000
0000
0000
0000
0000
0000
0015
000D
0016
0011
000C
0011
000A
0016
0001
0001
0001
0001
0001
0001
0001
0001
0006
0008
000E
000B
000B
0007
000E
000C
003D
0047
0048
0046
0042
0044
004E
0042
0022
0028
0027
0014
001B
0020
0018
0018
0051
0056
0051
004E
004B
0050
004F
004A
0008
0003
0004
0003
0004
0004
0003
0005
0029
0025
0028
0027
002B
0026
0025
0026
0069
0060
0063
0068
0063
0065
0065
0067
0040
0046
0046
0033
0039
0041
0044
0036
0007
000A
000A
000E
000A
000D
0008
0013
000C
000A
000A
000E
000A
0009
000A
000B
003D
0040
002C
0036
003C
002D
002A
0028
