(128, 1)
0003
0003
0003
0004
0002
0004
0003
0004
000A
0006
0007
0007
0007
0006
0008
0009
000D
000C
000D
000C
000B
000B
000A
000A
000A
000A
000B
000C
000F
000C
000C
000E
0000
0000
0000
0000
0000
0000
0000
0000
001E
001A
0024
0023
0023
001C
001C
001E
0012
0014
0015
0011
0011
0012
0011
0012
0001
0001
0001
0001
0001
0001
0001
0001
0001
0001
0002
0002
0001
0001
0001
0001
0003
0004
0002
0002
0002
0002
0005
0002
0005
0006
0005
0005
0007
0006
0005
0004
000A
000A
000A
000B
0009
0009
0008
000B
0020
0020
001C
001F
0021
0021
0021
001B
0014
0013
0015
0015
0012
0012
0013
0014
0023
0025
0022
001F
0023
0020
0020
0022
002D
002D
002C
002D
002F
002F
002A
002B
