(128, 1)
0002
0003
0003
0001
0002
0001
0003
0002
002B
0021
0024
001C
0026
0025
002B
002A
0001
0002
0002
0001
0004
0002
0001
0001
0074
0077
0077
0077
0078
0077
0077
0078
0005
0004
0005
0005
0005
0006
0005
0006
0038
0040
0036
003A
0038
003B
003E
0030
004E
003E
0041
0043
004B
0047
003E
003E
000C
0009
0008
0007
000E
000A
000A
0006
0044
0046
0050
004C
0045
0043
004F
0050
003D
003C
003D
0038
003B
003A
003A
003F
0002
0002
0002
0003
0004
0001
0003
0002
004A
003E
004E
0057
004A
0047
004B
0055
0029
0027
002F
0029
002D
002E
0030
002D
006F
0072
0072
0070
006F
0070
0070
006E
0008
0005
0008
0009
0008
0006
0006
0009
0001
0002
0002
0001
0002
0001
0002
0002
