(128, 1)
002E
001F
0021
002D
001F
0022
0024
0022
0062
005E
005C
0060
005F
005C
005F
0066
0057
005C
0056
0061
0060
0057
0052
005C
001D
0027
0020
0023
0026
0023
0025
0027
0000
0000
0000
0000
0000
0000
0000
0000
0077
0075
0078
0077
0077
0074
0075
0073
0060
0058
005D
0050
005D
0053
0052
005D
0075
0073
0071
0071
0072
006E
0074
006F
0039
0045
004F
0051
0041
0041
0049
0047
0000
0000
0000
0000
0000
0000
0000
0000
000E
000C
0009
000A
000E
000C
000B
0009
0079
0079
0079
0079
007A
0078
0078
0079
004E
0049
0042
0047
004B
004F
0050
0050
001C
0014
0019
0018
0017
0016
0012
0014
006D
006D
006A
006A
006E
006D
006A
006E
0074
0071
0070
0070
0070
0076
006E
006F
