(128, 1)
0005
0005
0007
0002
0004
0002
0006
0003
004D
003C
0046
003D
0045
003D
004B
0049
0001
0002
0002
0001
0006
0003
0001
0001
0078
007A
007A
0079
007B
007A
007A
007B
0008
0006
0007
0008
0008
0009
0007
0008
0050
005E
005D
004E
0054
0055
005F
004D
0078
0078
0078
0078
0079
0079
0077
0079
0023
0024
001C
0016
0026
0024
0021
000E
0079
0078
0079
0079
0078
0076
0077
007A
0075
0077
0076
0077
0077
0073
0073
0077
0003
0004
0004
0004
0006
0001
0004
0003
005C
004F
0058
0064
0057
0051
0058
0060
0054
0055
0059
005A
005C
0058
0064
0058
007D
007C
007D
007D
007C
007D
007D
007D
000A
0006
0008
000B
000B
0006
0006
000B
0004
0006
0006
0003
0006
0003
0006
0002
