(128, 1)
0007
0006
0005
0006
0004
0006
0005
0008
0010
000E
0012
000D
000F
0012
0010
000D
0000
0001
0000
0000
0000
0000
0000
0000
0018
000D
0018
0010
000C
0012
000A
0017
0001
0001
0001
0001
0001
0001
0001
0001
0007
000A
0010
000D
000D
0008
0011
000F
003D
0047
0049
0047
0043
0043
004D
0042
0020
0025
002A
0015
001A
0022
0018
0017
0051
0057
0053
0052
0051
0052
004E
004D
0007
0003
0003
0002
0003
0004
0002
0004
0027
0025
0027
0026
002A
0026
0023
0025
0069
0061
0065
0068
0064
0065
0066
006A
0048
004D
004D
0039
0040
0045
004B
003A
0005
0009
000A
000A
000B
000B
0008
0012
000A
0009
000A
000D
0009
0009
0009
000B
003F
0040
002E
0037
003C
0030
002C
0028
