(128, 1)
0016
0012
0019
0016
0012
0018
0015
001D
0045
0047
004D
0041
0053
0050
004B
0045
002D
0033
002D
002A
002D
0032
0029
002B
0024
0029
0038
002F
0024
002A
0031
0024
0056
004F
0055
005B
005F
005F
004F
0053
0014
0011
0012
0013
0010
0011
0011
0011
004E
0052
0044
004E
0053
0050
004E
004E
0037
002B
0029
0033
0036
0033
0029
0031
0013
001C
0014
0012
0014
0015
0015
0013
003F
004C
0035
0037
0035
0037
0034
0035
004F
0056
004F
0042
0052
005B
004F
004B
0054
0053
005B
0058
0055
0050
004F
0058
0014
0019
0015
0014
0017
0016
0015
0018
0062
0068
0066
0066
0062
0066
0064
006E
002A
0029
0039
003E
002B
0039
0035
002F
0053
0052
0047
0052
0043
004A
004C
0048
