(128, 1)
0002
0003
0004
0001
0002
0001
0003
0002
002A
0021
0025
001D
0025
0025
0029
0029
0001
0002
0002
0001
0004
0002
0001
0001
0074
0077
0077
0077
0078
0077
0077
0077
0005
0004
0005
0006
0005
0006
0005
0005
0038
0040
0037
003B
0037
003A
003F
0031
004E
003D
0041
0044
004A
0047
003F
003D
000C
0009
0009
0008
000D
000A
000A
0006
0043
0046
0051
004C
0045
0042
004D
0050
003C
003B
003C
0037
003B
0039
0039
0040
0002
0002
0002
0003
0004
0001
0002
0002
004C
003E
004C
0055
0049
0047
004A
0053
0029
0027
002F
002A
002D
002E
0031
002C
006F
0072
0072
006F
006E
006F
0070
006E
0009
0005
0008
0009
0009
0005
0006
0009
0001
0002
0002
0001
0002
0002
0002
0002
