(128, 1)
0007
0006
0005
0007
0004
0006
0004
0008
000F
000E
0012
000C
000F
0013
000F
000D
0000
0001
0000
0000
0000
0000
0000
0000
0018
000D
0019
0010
000E
0012
000A
0016
0001
0001
0001
0001
0001
0000
0001
0001
0008
000A
0011
000D
000D
0008
0012
0010
003E
0046
0047
0047
0044
0044
004D
0042
0022
0028
002B
0015
0019
001D
0019
0018
0051
0057
0051
0053
0051
0050
004E
004B
0006
0003
0004
0002
0003
0004
0002
0005
0027
0026
0027
0026
002B
0025
0021
0026
006A
0061
0065
0068
0063
0065
0064
0069
0048
004D
004E
0036
003F
0042
004C
003D
0006
0009
000A
000A
000B
000A
0009
0012
000B
0009
000A
000C
0009
0009
0009
000A
003D
0040
0030
0036
003E
0030
002A
0028
