(128, 1)
0007
0006
0006
0007
0004
0006
0005
0008
000F
000E
0013
000D
000E
0013
000F
000D
0000
0001
0000
0000
0000
0000
0000
0000
0018
000C
0016
0011
000E
0011
000A
0016
0001
0001
0001
0001
0001
0001
0001
0001
0008
000A
0010
000D
000E
0008
0012
000E
003D
0048
004A
0046
0042
0045
0051
0043
0027
0027
002A
0013
001A
001F
0018
0018
0051
0058
0054
0052
004E
0050
0050
004E
0007
0003
0003
0001
0003
0004
0002
0005
0027
0024
0026
0026
0029
0023
0023
0025
0069
0060
0064
006A
0062
0064
0065
006A
0049
004D
004E
0039
003F
0046
004C
003B
0005
0009
0009
000A
0008
000B
0007
0010
000B
0009
000A
000D
0009
0008
0009
000A
0042
0043
002E
0038
0043
0030
002D
0027
