(128, 1)
0005
0005
0007
0002
0005
0002
0006
0003
004F
003B
0046
003C
0044
003E
004D
0048
0001
0003
0002
0001
0006
0004
0001
0001
0078
007A
007A
007A
007B
007A
007A
007B
0008
0007
0007
0009
0008
0009
0007
0008
0050
005E
005D
0050
0053
0056
005F
004F
0078
0078
0078
0079
0079
0079
0077
0079
0025
0022
001B
0016
0026
0024
0020
000E
0079
0078
0079
0079
0078
0076
0077
007B
0075
0077
0077
0077
0077
0073
0073
0077
0003
0004
0004
0004
0006
0001
0005
0003
005B
004F
0059
0063
0056
0051
0058
0062
0054
0056
0059
005A
005E
0058
0064
0056
007D
007C
007D
007D
007C
007D
007D
007D
0009
0007
0009
000B
000B
0006
0007
000B
0003
0004
0006
0003
0006
0003
0006
0002
