(128, 1)
0005
0005
0007
0002
0004
0002
0006
0003
004D
003A
0044
003C
0045
003E
004C
0049
0001
0002
0002
0001
0007
0003
0001
0001
0078
007A
007A
007A
007B
007A
007A
007B
0008
0006
0006
0009
0008
000A
0007
0008
0050
005E
005C
0050
0054
0056
005F
004E
0078
0078
0078
0079
0079
0079
0077
0079
0023
0024
001D
0016
0026
0024
0021
000F
0079
0078
0079
0079
0077
0076
0077
007A
0075
0077
0077
0077
0078
0073
0073
0077
0003
0004
0004
0004
0006
0001
0004
0003
005E
004F
0059
0065
0056
0052
0058
0062
0055
0055
0058
005A
005D
0058
0065
0058
007D
007C
007D
007D
007C
007D
007D
007D
000A
0007
0009
000B
000B
0006
0006
000B
0004
0006
0006
0003
0006
0003
0006
0003
