(128, 1)
0007
0006
0006
0006
0004
0007
0005
0009
0010
000D
0012
000D
000E
0013
000E
000D
0000
0002
0000
0000
0000
0000
0000
0000
0018
000C
0015
0011
000D
0011
000A
0016
0001
0001
0000
0000
0001
0001
0001
0001
0008
000A
0010
000D
000E
0008
0011
000F
003E
0046
0049
0045
0043
0044
0050
0041
0028
0029
0027
0013
0018
001E
0017
0018
0051
0057
0053
0055
004B
004F
0051
004B
0006
0002
0003
0001
0003
0004
0002
0005
0028
0024
0027
0025
002A
0023
0023
0028
0069
0060
0066
006A
0062
0063
0065
006A
0048
004D
004E
003A
003F
0044
004D
003F
0004
0007
000A
000B
0006
000A
0008
000E
000A
0008
000A
000D
000A
0009
0009
000A
0041
0046
002F
0034
0045
0030
0031
0026
