(128, 1)
0000
0000
0000
0000
0000
0000
0000
0000
002A
0023
0028
0020
0029
0025
002C
002E
0000
0001
0001
0000
0005
0002
0000
0000
000A
000D
000C
000D
0008
000D
000C
000D
0000
0000
0000
0000
0000
0000
0000
0000
0007
000A
0008
0006
0006
0006
0008
0004
000D
000B
000F
000D
000C
000A
0010
000C
0020
0020
0019
0015
0021
0020
001C
000D
000F
000E
0010
0010
000E
000F
000D
000D
003E
0040
003D
0040
0039
0042
0036
003A
0000
0000
0000
0000
0000
0000
0000
0000
004A
0041
004A
0055
0047
0042
004A
0050
0032
0031
0039
0035
0030
0034
003A
0035
0067
006A
006A
0068
0064
006B
006A
0069
0008
0005
0007
0009
0009
0005
0005
0009
0001
0002
0002
0001
0002
0000
0002
0001
