(128, 1)
0005
0006
0006
0002
0004
0002
0006
0003
004A
0039
0040
003A
0042
003C
0048
0045
0001
0002
0002
0001
0005
0003
0001
0001
0078
007A
007A
007A
007B
007A
007A
007B
0008
0006
0007
000A
0008
0008
0007
0008
0053
005D
005B
0050
0053
0055
005D
004E
0078
0078
0078
0078
0079
0079
0078
0079
0028
0027
0020
001D
002C
0027
0027
0012
0078
0078
0079
0078
0078
0076
0076
007A
0075
0076
0076
0077
0077
0074
0073
0077
0003
0004
0004
0004
0005
0001
0004
0003
0059
004D
0057
0062
0056
0050
0058
0060
0050
0054
0058
0058
005C
0057
0063
0055
007D
007C
007D
007D
007C
007D
007D
007D
000B
0007
0009
000A
000B
0006
0007
000B
0003
0006
0006
0003
0006
0003
0006
0003
