(128, 1)
0000
0000
0000
0000
0000
0000
0000
0000
002A
0022
0028
0021
0029
0026
002C
002E
0000
0002
0001
0000
0005
0003
0000
0000
000A
000D
000C
000D
0009
000D
000B
000D
0000
0000
0000
0000
0000
0000
0000
0000
0007
0009
0008
0006
0006
0006
0008
0004
000D
000C
000F
000E
000C
000A
000F
000C
001E
001E
0018
0012
0021
001F
001B
000B
000E
000F
0010
0010
000E
000F
000D
000D
003D
0040
003E
003F
0039
0041
0036
0039
0000
0000
0000
0000
0000
0000
0000
0000
0049
0043
004A
0054
0047
0043
004C
0050
0034
0032
0039
0036
0031
0035
003B
0036
0067
006A
006A
0069
0065
006C
0069
0068
0007
0004
0008
0008
0009
0004
0004
0008
0001
0001
0002
0001
0002
0000
0002
0001
