(128, 1)
0005
0005
0005
0006
0004
0007
0006
0007
0034
0031
0030
0031
002E
0037
002F
002D
0016
0016
0016
0015
0013
0012
0013
0013
006A
0062
0068
0066
0065
0069
0069
0066
0007
0005
0006
0005
0006
0005
0005
0006
0029
0028
0033
0033
0031
002B
0029
002E
0011
0013
0012
000E
0010
0011
000F
000E
0002
0002
0002
0002
0002
0002
0002
0002
0007
0005
0006
0007
0007
0005
0006
0006
0047
0046
003B
003A
004B
0044
0042
003F
0045
0047
0042
0049
004C
0046
0040
0044
0009
000B
000A
000C
0009
000B
0009
000A
0043
0045
0041
0046
0045
0043
0046
0037
003D
0042
0043
003F
0040
003A
0043
0046
0058
0059
005B
005E
0058
005B
005B
005D
0037
0041
0036
003A
003F
0038
0039
0038
