(128, 1)
0005
0005
0007
0002
0005
0002
0006
0003
004C
003C
0048
003C
0046
003D
004D
0049
0001
0003
0002
0001
0007
0004
0001
0001
0078
007A
007A
007A
007B
007A
007A
007B
0008
0007
0007
0009
0008
0009
0007
0008
0050
005D
005C
004F
0053
0056
005F
004E
0078
0078
0078
0078
0079
0079
0077
0079
0024
0022
001C
0017
0026
0024
0021
000F
0078
0078
0079
0079
0077
0076
0077
007B
0075
0077
0077
0077
0079
0073
0073
0077
0003
0004
0004
0003
0006
0001
0005
0003
005C
004B
0057
0064
0056
0052
0058
0060
0054
0055
005A
005A
005E
0058
0064
0056
007D
007C
007D
007D
007C
007D
007D
007D
000A
0007
0009
000B
000B
0006
0007
000B
0002
0004
0006
0003
0006
0002
0006
0002
