(128, 1)
0030
001F
0021
002C
0023
0024
0026
0024
0065
005F
005F
0061
0060
005C
005F
0067
0058
005E
0059
0062
0060
0056
0053
0060
001B
0027
0020
0021
0026
0023
0023
0028
0000
0000
0000
0000
0000
0000
0000
0000
0077
0075
0078
0077
0077
0074
0076
0073
0060
0056
005D
0052
005E
0056
0053
005F
0074
0073
0071
0070
0071
006F
0074
006F
0038
0045
004B
004E
003F
0043
0049
0043
0000
0000
0000
0000
0000
0000
0000
0000
000C
000C
0008
0009
000E
000A
000B
0009
0079
0079
0079
0079
007A
0078
0078
0079
0051
004F
0043
004A
004F
0051
0051
0051
001C
0016
001A
001A
0015
0016
0013
0016
006D
006C
006A
006A
006D
006D
006A
006E
0075
0073
0071
0071
0071
0076
0070
006F
