(128, 1)
0000
0000
0000
0000
0000
0000
0000
0000
002B
0022
0027
0020
0029
0025
002E
002D
0000
0002
0001
0000
0006
0003
0000
0000
000A
000D
000C
000D
0009
000D
000B
000D
0000
0000
0000
0000
0000
0000
0000
0000
0007
0009
0008
0006
0006
0006
0008
0004
000C
000B
000F
000D
000D
000A
000F
000C
001F
001E
0017
0012
0022
001F
001A
000C
000F
000E
0010
0010
000D
000F
000D
000E
003D
0041
003D
0040
0039
0041
0036
0039
0000
0000
0000
0000
0000
0000
0000
0000
0049
0043
004D
0054
0049
0044
004C
004E
0035
0031
0039
0034
0030
0035
003B
0035
0067
006A
006A
0069
0064
006B
006A
0068
0007
0004
0008
0008
0009
0004
0005
0008
0000
0001
0002
0001
0002
0000
0002
0001
