(128, 1)
0003
0002
0003
0001
0003
0001
0003
0001
0023
001B
001D
0020
0020
0018
0021
001E
0000
0001
0000
0000
0002
0002
0000
0000
0004
0003
0003
0003
0003
0003
0003
0004
0003
0002
0002
0003
0003
0004
0002
0003
0019
001E
0025
0015
001C
001C
0020
001D
002A
003A
0038
0036
002F
0033
0038
003C
0018
0019
0012
000F
0018
0019
0018
0008
0034
0031
0029
002E
0032
0033
0028
0029
0038
003B
003A
0040
003E
0039
0039
0037
0001
0002
0002
0001
0002
0000
0002
0001
000F
000C
000B
000D
000D
000C
000D
000D
002B
002F
002A
0031
0030
002C
0034
002B
000E
0009
000B
000E
000D
000E
000D
000F
0002
0001
0001
0001
0001
0001
0001
0002
0002
0002
0004
0002
0003
0001
0004
0001
