(128, 1)
0002
0003
0003
0001
0002
0001
0003
0001
0027
0020
0025
001C
0022
0025
002A
0027
0001
0002
0002
0001
0003
0002
0001
0001
0074
0077
0077
0077
0078
0077
0077
0077
0005
0004
0005
0005
0004
0005
0005
0005
0039
003F
0039
003B
0039
0037
003D
0031
0052
0043
0042
0046
004E
004B
0042
003F
000F
000A
0009
0008
000F
000C
000B
0007
0044
0045
0051
004A
0046
0043
004C
004F
0040
003B
003D
0035
003A
0039
003B
003E
0002
0002
0002
0003
0003
0001
0002
0002
004A
0042
0049
0055
004C
0044
004A
0053
0027
0027
002F
0029
002E
002C
002E
002C
006E
0072
0071
006D
006E
006E
006F
006D
0009
0006
0008
0009
0009
0005
0007
000A
0001
0002
0002
0001
0003
0002
0002
0002
