(128, 1)
0008
0006
0005
0006
0005
0006
0005
0007
000F
000E
0012
000D
000F
0012
0011
000E
0000
0001
0000
0000
0000
0000
0000
0000
0018
000E
0019
0011
000D
0013
000B
0016
0001
0001
0001
0001
0001
0001
0001
0001
0007
000A
0010
000D
000D
0008
0012
000F
003D
0046
0049
0047
0044
0044
004D
0042
0020
0028
002C
0016
001A
0021
0018
0017
0053
0057
0053
0051
0052
0050
004E
004E
0006
0003
0004
0002
0003
0003
0001
0004
0027
0023
0027
0026
002B
0025
0022
0025
0068
0061
0065
0068
0063
0065
0064
0069
0047
004E
004F
0038
0040
0046
004C
003B
0006
0009
000A
000A
000B
000B
0008
0013
000B
0009
000A
000D
0009
0009
0009
000A
003E
003D
002E
0039
0039
0030
0029
0029
