(128, 1)
003A
002A
0027
0036
002D
002E
0032
002E
0060
005A
0059
005D
005B
0055
0058
0063
005F
0062
005E
0067
0064
0059
0055
0064
001B
0025
001E
0022
0026
0023
0024
0027
0000
0000
0000
0000
0000
0000
0000
0000
0077
0075
0078
0076
0076
0072
0074
0073
0062
005B
0060
0057
0060
0058
0055
0060
0075
0073
0071
0070
0071
006E
0073
006E
002B
003A
0043
0045
0037
0038
003E
003D
0000
0000
0000
0000
0000
0000
0000
0000
0008
0008
0005
0006
000A
0006
0006
0005
0079
0079
0078
0078
0079
0077
0077
0079
005D
005B
0051
0054
005A
005D
005D
005D
0023
001B
001E
001D
0018
0018
0016
001C
0066
0067
0061
005D
0068
0064
0062
0064
0077
0075
0075
0074
0074
0078
0074
0074
