(128, 1)
0005
0005
0007
0002
0004
0002
0006
0003
004C
003B
0044
003B
0044
003E
004A
0049
0001
0002
0002
0001
0006
0003
0001
0001
0078
007A
007A
007A
007B
007A
007A
007B
0008
0006
0007
0008
0008
0009
0007
0009
0052
005E
005C
0050
0053
0056
005E
0050
0078
0078
0078
0079
0079
0079
0077
0079
0026
0025
001D
0019
0026
0024
0022
0010
0079
0078
0079
0078
0078
0076
0077
007A
0075
0077
0076
0077
0077
0073
0073
0077
0003
0004
0004
0004
0005
0001
0004
0003
005B
004B
0057
0063
0054
0050
0057
0062
0053
0056
0058
0059
005E
0059
0063
0056
007D
007C
007D
007D
007C
007D
007D
007D
000B
0007
0009
000B
000B
0007
0007
000B
0004
0006
0006
0003
0006
0002
0006
0003
