(128, 1)
0005
0005
0005
0006
0004
0007
0006
0007
0034
0032
0030
0031
002D
0037
0030
002E
0017
0016
0016
0015
0013
0011
0012
0012
006A
0062
0067
0067
0064
0069
0069
0066
0007
0005
0006
0005
0006
0005
0005
0006
0027
0027
0032
0033
0030
002B
0029
002D
0011
0014
0012
000E
0010
0011
000F
000E
0002
0002
0002
0002
0002
0002
0002
0002
0007
0005
0006
0007
0007
0005
0006
0007
0047
0046
003B
003A
004A
0044
0042
003F
0046
0046
0042
0049
004C
0047
0041
0045
0009
000B
000B
000C
000A
000B
0008
000A
0044
0045
0041
0045
0045
0041
0045
0037
003B
0043
0042
003F
0040
003C
0043
0045
0058
0058
005B
005F
0059
005B
005B
005C
0037
0041
0037
0039
003E
0038
003A
0039
