(128, 1)
0005
0005
0005
0006
0004
0007
0006
0007
0034
0031
002F
0031
002C
0037
0031
002E
0016
0016
0017
0015
0013
0011
0012
0012
0069
0062
0066
0066
0065
0069
0069
0066
0007
0005
0006
0005
0006
0005
0005
0006
0028
0028
0033
0034
0030
002D
002A
002E
0011
0013
0012
000E
0010
0010
000E
000E
0002
0002
0002
0002
0002
0002
0002
0002
0007
0005
0006
0007
0007
0005
0006
0007
0046
0045
003C
003A
004A
0044
0042
003F
0046
0046
0042
0049
004C
0047
0040
0045
0009
000B
000A
000C
000A
000B
0008
000A
0045
0045
0041
0046
0045
0042
0044
0037
003B
0041
0042
003E
003F
003B
0044
0045
0059
0059
005B
005F
0058
005B
005B
005D
0037
0041
0037
003A
003E
0038
0037
0039
