(128, 1)
0003
0002
0003
0001
0003
0001
0003
0001
0024
001A
001E
0020
0021
0017
0020
001F
0000
0001
0000
0000
0002
0002
0000
0000
0004
0004
0004
0003
0003
0004
0003
0003
0003
0003
0002
0003
0003
0004
0002
0004
001A
001E
0025
0014
001B
001D
0021
001C
0029
0038
0039
0037
002D
0030
0038
003E
0017
0018
0014
0010
0018
0018
0017
0009
0034
0031
0028
002F
0033
0033
0029
0028
0037
003C
003A
0041
003B
0039
0039
0039
0001
0002
0002
0001
0002
0000
0002
0001
000F
000C
000B
000E
000C
000C
000E
000D
002B
002D
002B
0030
002F
002C
0034
002A
000F
0009
000B
000F
000D
000E
000D
000E
0002
0001
0001
0001
0002
0001
0001
0001
0002
0002
0004
0002
0004
0001
0004
0001
