(128, 1)
0002
0003
0004
0001
0002
0001
0003
0002
002B
0021
0026
001D
0026
0024
0028
0029
0001
0002
0002
0001
0004
0002
0001
0001
0074
0077
0077
0077
0078
0077
0077
0078
0005
0003
0005
0005
0005
0006
0005
0006
0039
0040
0035
003B
0038
003B
003D
0031
004E
003D
0041
0044
004A
0047
003E
003D
000D
0008
0008
0007
000D
0009
000B
0006
0043
0046
0051
004C
0045
0043
004E
004E
003C
003C
003D
0037
003A
003A
003A
0040
0002
0002
0002
0003
0004
0001
0003
0002
004A
003E
004C
0056
0049
0047
004B
0055
0028
0028
002E
0028
002D
002F
0030
002C
006F
0072
0072
006F
006E
006F
0070
006E
0009
0005
0007
000A
0008
0006
0005
0009
0001
0002
0002
0001
0002
0001
0002
0002
