(128, 1)
0007
0007
0005
0006
0005
0006
0005
0008
000F
000E
0012
000D
000F
0012
000F
000D
0000
0001
0000
0000
0000
0000
0000
0000
0017
000D
0018
0011
000D
0013
000B
0016
0001
0001
0001
0001
0001
0001
0001
0001
0008
000A
0011
000D
000D
0008
0012
0010
003E
0046
0048
0046
0043
0043
004E
0043
0021
0029
002B
0015
001A
0020
0018
0019
0051
0057
0052
0052
0050
0051
004E
004D
0007
0003
0004
0003
0003
0004
0003
0005
0028
0026
0027
0026
002B
0024
0022
0025
006A
0061
0065
0068
0063
0063
0064
0069
0048
004D
004E
0037
003F
0045
004C
003D
0006
0009
000A
000A
000A
000A
0009
0012
000B
0009
000A
000C
0009
0009
0009
000A
003E
0040
0030
0036
003E
0031
002A
0029
