(128, 1)
0003
0003
0003
0004
0003
0004
0004
0004
0030
002C
002B
002F
0029
0031
002C
0029
0018
0018
0018
0017
0014
0013
0015
0014
006C
0062
0068
0068
0068
0069
006A
0069
0006
0005
0005
0005
0005
0005
0005
0006
002F
002D
003D
003D
003A
0032
0031
0037
0014
0015
0015
0011
0012
0013
0012
0011
0002
0002
0002
0002
0002
0002
0002
0002
0005
0004
0004
0006
0005
0004
0004
0005
0044
0043
0038
0036
0046
0042
0040
003B
0051
0052
004B
0055
0056
0050
004B
004E
0006
0007
0006
0007
0006
0006
0005
0006
0044
0046
0043
0046
0046
0044
0046
0037
0035
003C
003B
003A
0038
0033
003C
003F
0061
0060
0062
0064
005F
0062
0063
0064
003F
004A
0040
0042
0047
0040
0041
003F
