(128, 1)
0005
0005
0005
0006
0004
0007
0005
0007
0036
0030
0030
0031
002C
0037
002F
002E
0016
0016
0016
0015
0012
0012
0012
0013
006A
0061
0068
0066
0065
0069
0068
0066
0007
0005
0006
0005
0006
0005
0005
0006
0028
0028
0033
0033
002F
002B
0029
002E
0011
0013
0012
000E
0010
0010
000F
000E
0002
0002
0002
0002
0002
0002
0002
0002
0007
0005
0006
0007
0007
0005
0006
0007
0048
0045
003B
0039
004B
0044
0042
003F
0045
0046
0042
0049
004C
0047
0040
0045
0009
000B
000A
000C
0009
000B
0008
000A
0045
0045
0041
0044
0046
0042
0045
0038
003C
0041
0042
003F
003F
003A
0043
0046
0059
0058
005B
005F
0059
005B
005A
005C
0037
0041
0036
0039
003E
0038
0039
0038
