(128, 1)
0016
0012
0018
0016
0012
0019
0015
001C
0046
004A
004E
0043
0053
004F
0049
0044
002A
0034
002F
002B
002D
0031
0029
002A
0024
002A
0039
002E
0024
0029
0031
0022
0057
0050
0054
005B
0061
005F
0050
0054
0013
0011
0012
0014
0011
0010
0011
0012
004D
0051
0045
004E
0053
0050
004D
004E
0037
0029
0029
0034
0036
0031
0028
0032
0013
001B
0015
0012
0013
0015
0015
0013
0040
004D
0037
0036
0035
0037
0035
0035
004D
0056
004E
0043
0053
005B
004D
0048
0054
0053
005B
0059
0054
0051
0051
0057
0015
0018
0015
0013
0017
0017
0015
0019
0063
0068
0066
0067
005F
0066
0065
006E
002B
002A
003A
003C
0029
0038
0034
002F
0053
0051
0046
004F
0044
0049
004D
0048
