(128, 1)
0007
0007
0005
0006
0004
0006
0004
0008
0010
000E
0011
000C
000F
0015
000E
000E
0000
0001
0000
0000
0000
0000
0000
0000
0018
000C
0017
0011
000D
0011
0009
0017
0001
0001
0001
0001
0001
0001
0001
0001
0008
000A
0010
000E
000E
0009
0011
0010
003F
0047
0048
0046
0044
0043
0050
0042
0023
0028
002B
0014
0018
001E
0018
0018
0050
0055
0052
0054
004E
0051
004F
004B
0008
0003
0004
0002
0003
0005
0002
0005
0027
0026
0027
0026
002A
0026
0021
0029
0069
0062
0066
0069
0063
0063
0065
006A
0048
004C
004E
003A
0040
0043
004B
003B
0005
0008
000A
000B
000A
000B
0009
0010
000B
0009
000A
000B
0009
0009
0008
000B
003D
0043
0030
0034
0041
0032
002D
0029
