(128, 1)
0005
0005
0007
0002
0005
0002
0006
0003
004C
003B
0046
003C
0044
0040
004E
0048
0001
0003
0002
0001
0006
0004
0001
0001
0078
007A
007A
007A
007B
007A
007A
007B
0008
0007
0007
0009
0008
0009
0007
0009
0052
005D
005E
0050
0052
0056
005F
004F
0078
0078
0078
0078
0079
0079
0077
0079
0026
0022
001D
0016
0026
0021
0020
000D
0079
0078
0079
0079
0078
0076
0076
007B
0075
0077
0077
0077
0078
0073
0073
0077
0003
0004
0004
0004
0006
0001
0005
0003
005B
0050
0059
0064
0056
004F
0056
0063
0055
0056
0058
005C
005E
0056
0064
0054
007D
007C
007D
007D
007C
007D
007D
007D
0009
0007
000A
000B
000B
0006
0007
000B
0004
0004
0006
0003
0006
0003
0006
0002
