(128, 1)
0005
0005
0005
0006
0004
0007
0006
0007
0035
0030
0030
0031
002C
0037
002F
002D
0016
0016
0016
0015
0012
0011
0012
0012
006A
0062
0067
0066
0065
0069
0068
0066
0007
0005
0006
0005
0006
0005
0005
0006
0029
0028
0034
0033
0030
002C
002A
002E
0011
0013
0012
000E
0011
0011
000F
000E
0002
0002
0002
0002
0002
0002
0002
0002
0007
0005
0006
0007
0007
0005
0006
0006
0046
0046
003B
003A
0049
0044
0041
003F
0046
0047
0042
0049
004C
0047
0042
0045
0009
000B
000B
000C
000A
000B
0009
000A
0045
0045
0041
0046
0045
0041
0045
0038
003B
0043
0042
003F
003F
003B
0043
0046
0058
0059
005C
005E
0058
005C
005B
005C
0037
0041
0036
0039
003F
0038
0039
0038
