(128, 1)
0005
0004
0004
0004
0003
0004
0003
0006
0013
0011
0013
000E
0012
0016
0011
000F
0001
0002
0000
0001
0000
0001
0001
0001
0016
000E
0018
0012
000C
0011
000B
0015
0001
0002
0001
0000
0001
0001
0001
0001
0006
0007
000C
000A
0009
0007
000A
000C
003C
0043
0045
0044
0040
0040
004B
003E
0020
0029
0024
0013
0018
001F
0018
0017
0043
004E
0046
0043
0042
0046
0041
003F
0009
0004
0006
0004
0003
0005
0004
0006
002C
002C
002A
002C
0030
002D
0026
002C
0068
005E
0061
0065
005F
0061
0062
0066
0037
003A
003B
0029
0030
0036
0038
002D
000A
000D
0012
0011
0010
0014
000F
0017
000D
000B
000B
000E
000B
000B
000A
000D
0035
003C
0027
002D
0035
0029
0021
0021
