(128, 1)
0016
0012
0017
0016
0013
0019
0015
001D
0046
0049
004D
0043
0052
004F
0049
0044
002C
0035
0030
002A
002D
0032
0029
002B
0023
002A
0039
002F
0024
0028
0032
0023
0057
004F
0054
005B
0060
005F
004F
0053
0013
0011
0012
0013
0010
0011
0012
0012
004D
0053
0044
004F
0053
0051
004D
004F
0037
002A
0029
0032
0036
0032
0028
0032
0013
001B
0015
0012
0013
0016
0015
0013
0040
004D
0036
0036
0036
0037
0036
0035
004E
0056
004C
0043
0052
005B
004E
0049
0054
0053
005B
0059
0054
004F
0050
0059
0015
0019
0015
0013
0016
0017
0015
0018
0063
0067
0066
0066
0060
0068
0064
006F
002B
002B
0039
003E
0029
0037
0033
002F
0053
0052
0045
0051
0043
0048
004D
0047
