(128, 1)
0030
0038
002E
0035
002F
0029
002F
002D
0013
0016
0018
0015
0016
0016
0010
0014
0022
0022
0024
002E
0028
0024
0028
002C
0025
0027
0024
0020
001B
001E
0023
001C
0015
001C
0014
0015
0012
0014
0019
001A
0013
0010
0019
0012
0017
0012
0011
000F
002A
0027
0028
0031
0022
0025
0036
0022
0010
000F
0010
000D
000D
0010
000E
0014
0036
0044
0033
0034
0044
003F
003A
0048
000E
0011
0010
0013
001A
0014
0010
0016
0013
0012
0014
000E
0013
0010
0018
0014
0027
0027
0030
0022
0033
002D
0024
0026
003A
002E
0028
0028
002C
0033
0037
002E
0006
0003
0004
0006
0008
0007
0004
0006
000F
000D
0010
000D
000B
000C
000B
000F
0035
002E
002A
0032
002E
0032
0037
0034
