(128, 1)
0005
0005
0007
0002
0005
0002
0006
0004
004E
003B
0044
003B
0044
003E
0049
0049
0001
0003
0002
0001
0007
0004
0001
0001
0078
007A
007A
007A
007B
007A
007A
007B
0008
0005
0007
0008
0008
0009
0007
0009
0053
005D
005B
004D
0054
0057
005F
004F
0078
0078
0078
0079
0079
0079
0077
0079
0023
0022
001B
0016
0026
0022
0021
000E
0079
0078
0079
0079
0077
0076
0077
007A
0075
0077
0076
0077
0077
0073
0073
0077
0003
0004
0004
0004
0005
0001
0005
0003
005B
004B
0057
0064
0054
0051
0056
0060
0053
0057
005A
0059
005C
005A
0064
0056
007D
007C
007D
007D
007C
007D
007D
007D
000A
0007
0009
000B
000A
0007
0007
000A
0003
0004
0006
0003
0005
0002
0006
0002
