(128, 1)
0003
0002
0003
0001
0003
0001
0003
0002
0025
0019
001E
001F
0020
0018
001F
0020
0000
0001
0000
0000
0003
0002
0000
0000
0004
0004
0003
0003
0003
0004
0003
0003
0003
0002
0002
0003
0003
0004
0002
0003
0019
001E
0025
0014
001B
001E
0021
001D
0029
0038
003B
0036
002D
0030
0039
003F
0017
0019
0014
0010
0018
001A
0017
0008
0034
0032
0028
002F
0033
0033
0029
0028
0035
003C
003A
0042
003A
003A
0039
0039
0001
0002
0002
0001
0002
0000
0002
0001
000F
000C
000B
000E
000B
000D
000E
000D
002B
002F
002B
0031
0030
002D
0034
002A
000E
0009
000B
000F
000D
000D
000D
000E
0002
0001
0001
0001
0001
0001
0000
0001
0001
0002
0004
0002
0003
0001
0004
0001
