(128, 1)
0003
0002
0003
0001
0003
0001
0003
0001
0024
001A
001C
001E
0020
0017
001F
0021
0000
0001
0000
0000
0003
0002
0000
0000
0004
0003
0003
0003
0003
0003
0003
0003
0003
0002
0002
0003
0003
0004
0002
0003
0018
001E
0024
0015
001D
001D
0022
001E
0029
0038
0039
0035
002E
0030
0038
003D
0017
0018
0013
000F
0019
0018
0018
0009
0034
0031
0028
002E
0032
0033
0029
002B
0036
003C
0039
0040
003C
003B
0038
0039
0001
0002
0002
0001
0002
0000
0002
0001
000F
000C
000C
000D
000D
000D
000D
000D
002C
0030
002B
0030
002E
002C
0034
002B
000E
0009
000B
000E
000D
000E
000D
000F
0002
0001
0001
0001
0001
0001
0001
0001
0002
0002
0004
0002
0003
0001
0004
0001
