(128, 1)
0016
0010
0018
0015
0013
0016
0015
001C
0047
0047
004B
0044
0052
0050
004D
0047
002B
0032
002D
002A
002C
0031
002A
0028
0024
002A
0037
002F
0024
0029
002F
0024
0057
004F
0056
005A
005F
005F
004F
0052
0015
0010
0011
0012
000F
0011
0011
0011
004B
0054
0046
004F
0055
004F
004E
0051
0038
002B
0029
002F
0035
0034
0029
0032
0013
001B
0013
0012
0015
0016
0015
0012
003F
004C
0037
0037
0035
0036
0036
0037
004E
0056
0052
0042
0053
005B
0050
0048
0053
0052
005B
0057
0055
0052
004F
0058
0013
0019
0014
0016
0016
0017
0014
0018
0063
0069
0066
0066
0064
0066
0063
006D
0029
0029
0038
003E
002A
0037
0033
002D
0055
0051
004A
0051
0044
0049
004C
0047
