(128, 1)
0002
0003
0003
0001
0002
0001
0003
0002
002A
0021
0027
001C
0026
0027
002D
002A
0001
0002
0002
0001
0004
0002
0001
0001
0074
0076
0077
0077
0078
0077
0077
0078
0005
0004
0005
0006
0005
0006
0005
0005
0038
0040
0037
003B
0039
003A
003E
0031
004F
003E
0040
0043
004B
0047
003F
003C
000E
0008
0008
0006
000E
0009
0009
0006
0043
0047
0051
004C
0045
0043
004E
0052
003C
003C
003C
0037
003C
003A
0039
0040
0002
0002
0002
0003
0004
0001
0003
0002
004D
0042
004F
0056
004A
0044
004A
0053
0029
0027
002D
002A
002E
002C
0031
002A
006E
0073
0072
006E
006F
006F
0070
006E
0008
0006
0009
000A
0009
0005
0005
0009
0001
0002
0002
0001
0003
0001
0002
0002
