(128, 1)
0005
0005
0005
0006
0004
0007
0006
0007
0034
0031
0030
0031
002C
0036
002F
002D
0017
0016
0017
0015
0013
0011
0012
0013
006A
0062
0067
0066
0064
0069
0069
0066
0007
0005
0006
0005
0006
0005
0005
0006
0027
0028
0032
0033
0031
002C
0029
002E
0011
0013
0012
000E
0010
0011
000F
000E
0002
0002
0002
0002
0002
0002
0002
0002
0007
0005
0006
0007
0007
0005
0006
0006
0047
0046
003B
0039
004A
0044
0043
003F
0046
0047
0042
004A
004C
0047
0040
0045
0009
000B
000A
000C
000A
000B
0008
000A
0043
0044
0041
0046
0045
0042
0045
0038
003C
0042
0043
003E
0040
003B
0043
0045
0059
005A
005B
005E
0058
005C
005A
005C
0038
0041
0036
003A
003F
0038
0039
0038
