(128, 1)
0003
0002
0003
0001
0002
0001
0003
0001
0024
001A
001D
001F
0021
0017
001F
001F
0000
0000
0000
0000
0003
0001
0000
0000
0004
0003
0003
0003
0003
0003
0003
0003
0003
0002
0002
0003
0003
0004
0002
0003
0019
001E
0025
0014
001B
001D
0021
001D
0029
0037
0039
0036
002E
0030
0038
003D
0016
001A
0014
0010
0019
0019
0018
0009
0033
0033
0027
002F
0034
0034
0029
002A
0036
003C
0039
0042
003A
003A
0038
003A
0001
0002
0002
0001
0002
0000
0002
0001
000E
000C
000C
000D
000C
000D
000E
000D
002B
002F
002B
0030
002F
002C
0034
002C
000E
0009
000B
000E
000D
000E
000D
000F
0002
0001
0001
0001
0002
0001
0000
0001
0002
0004
0004
0002
0003
0001
0004
0001
