(128, 1)
0005
0005
0005
0006
0004
0007
0006
0007
0034
0031
002F
0032
002C
0037
0030
002D
0016
0016
0016
0015
0013
0011
0012
0012
006A
0062
0068
0067
0064
0069
0069
0066
0007
0005
0006
0005
0006
0005
0005
0006
0029
0028
0032
0032
0031
002B
0029
002E
0011
0013
0012
000E
0011
0011
000F
000E
0002
0002
0002
0002
0002
0002
0002
0002
0007
0005
0006
0007
0007
0005
0006
0007
0046
0046
003C
0039
004A
0044
0042
003F
0045
0045
0042
0049
004C
0047
0041
0046
0009
000B
000A
000B
0009
000A
0008
000A
0044
0046
0041
0046
0045
0042
0045
0037
003B
0042
0043
003F
0040
003A
0042
0045
0058
005A
005B
005F
0058
005B
005B
005C
0038
0041
0037
003B
003F
0038
0039
0038
