(128, 1)
0005
0005
0005
0006
0004
0007
0006
0007
0035
0031
002F
0031
002D
0037
0030
002E
0016
0016
0016
0015
0012
0011
0012
0012
0069
0062
0066
0066
0065
0069
0069
0066
0007
0005
0006
0005
0006
0005
0005
0006
0028
0028
0034
0033
0031
002B
0029
002D
0011
0013
0012
000E
0010
0011
000E
000E
0002
0002
0002
0002
0002
0002
0002
0002
0007
0005
0006
0008
0007
0005
0006
0007
0046
0046
003B
003A
004B
0043
0041
003F
0046
0047
0042
0049
004C
0047
0040
0044
0009
000B
000B
000C
000A
000B
0009
000A
0045
0044
0041
0046
0045
0041
0045
0037
003B
0042
0043
003F
0040
003B
0043
0046
0058
0058
005C
005E
0059
005B
005B
005D
0037
0042
0036
0039
003F
0037
0039
0038
