(128, 1)
0032
0023
0023
002E
0025
0024
0029
0029
0066
0060
005E
0061
0061
005B
005E
0067
005A
0060
005B
0065
0062
0058
0056
0061
001B
0027
001F
0021
0026
0024
0022
0027
0000
0000
0000
0000
0000
0000
0000
0000
0078
0075
0078
0077
0077
0074
0075
0073
0060
0059
0060
0057
005F
0056
0054
0060
0074
0073
0071
0070
0070
006F
0073
006E
0036
0041
004D
004E
003F
0042
0047
0046
0000
0000
0000
0000
0000
0000
0000
0000
000A
000A
0007
0008
000E
000A
0009
0007
0079
0079
0078
0079
007A
0078
0077
007A
0053
0051
0045
004D
004F
0053
0054
0055
001E
0017
001B
001A
0016
0016
0013
0015
006C
006C
006B
0069
006C
006D
006B
006D
0076
0075
0073
0072
0072
0076
0070
0072
