(128, 1)
0030
0038
002E
0035
002F
0029
0030
002C
0014
0015
0018
0016
0016
0016
000F
0014
0023
0020
0023
002D
0027
0025
0029
002C
0025
0028
0021
0022
001A
001E
0022
001C
0015
001D
0014
0016
0012
0014
0017
001C
0013
0010
0019
0013
0016
0012
0011
000F
002B
0026
0028
0033
0022
0025
0037
0024
000F
000E
0010
000D
000E
0010
000E
0014
0033
0047
0034
0031
0044
0040
003C
0048
000F
0012
000F
0013
001A
0013
0010
0015
0012
0012
0014
000D
0013
0010
0019
0015
0028
0028
0032
0023
0030
002E
0026
0024
003A
002E
0028
0026
002B
0033
0038
002E
0006
0002
0004
0006
0007
0007
0004
0006
000F
000C
0010
000C
000B
000C
000A
000F
0033
0030
002A
0033
002F
0032
0038
0036
