(128, 1)
0005
0005
0007
0002
0005
0002
0006
0003
004E
003A
0043
003B
0045
003E
004A
0049
0001
0003
0002
0001
0006
0004
0001
0001
0078
007A
007A
007A
007B
007A
007A
007B
0008
0007
0007
0009
0008
000A
0006
0008
0052
005C
005C
0050
0053
0057
005F
004F
0078
0079
0078
0079
0079
0079
0076
0079
0025
0022
001D
0016
0026
0022
0021
000E
0078
0078
0079
0079
0078
0076
0077
007B
0075
0077
0076
0077
0077
0073
0073
0077
0003
0004
0004
0004
0006
0001
0005
0003
0059
004E
0059
0062
0056
0051
0057
0062
0055
0057
0058
005A
005D
0057
0065
0056
007D
007C
007D
007D
007C
007D
007D
007D
000A
0007
000A
000A
000B
0006
0007
000A
0003
0004
0006
0003
0007
0002
0006
0003
