(128, 1)
0002
0003
0004
0001
0002
0001
0003
0001
002C
0021
0025
001D
0026
0026
0029
002A
0001
0002
0002
0001
0004
0002
0001
0001
0074
0077
0077
0077
0078
0077
0077
0077
0005
0004
0005
0005
0005
0006
0005
0006
0038
0041
0038
003A
0038
003B
003D
0031
0050
003E
0040
0044
004B
0046
003E
003E
000C
0008
0008
0007
000D
0009
000A
0006
0043
0046
0051
004C
0045
0043
004F
004F
003D
003B
003D
0037
003A
0039
003A
003F
0002
0002
0002
0003
0003
0001
0003
0002
004C
003F
004E
0055
0047
0045
0049
0055
0027
0027
002E
002A
002F
002E
0030
002C
006F
0073
0072
006F
006F
0070
0070
006E
0008
0005
0009
0009
0009
0005
0006
0009
0001
0002
0002
0001
0002
0001
0002
0002
