(128, 1)
0007
0006
0006
0006
0004
0006
0004
0008
0011
000E
0012
000B
000F
0015
000E
000E
0000
0001
0000
0000
0000
0000
0000
0000
0018
000C
0017
0011
000D
0012
000A
0016
0001
0002
0001
0001
0001
0001
0001
0001
0008
000A
0010
000E
000D
0009
0011
0010
003F
0047
0049
0046
0045
0042
0050
0041
0025
0028
0029
0014
0019
001F
0019
0018
004F
0054
0050
0055
004E
0051
004F
004C
0007
0003
0004
0002
0003
0003
0002
0005
0027
0026
0026
0026
0029
0026
0021
0028
006A
0060
0065
0069
0063
0062
0064
006A
0048
004D
004E
0038
0042
0044
004D
003C
0005
0008
000A
0009
000A
000B
000A
0010
000B
0009
0009
000B
0009
0009
0008
000B
003F
0045
0031
0035
0043
0031
002D
0026
