(128, 1)
002D
0037
0033
0031
0033
0028
002E
002A
0014
0014
0019
0013
0016
0018
0012
0013
0027
0024
0022
0029
0026
0023
0025
0025
0021
0025
0020
0025
001A
001F
0022
0020
0014
0019
0015
0018
0012
0016
0018
001B
0011
0015
0017
0014
0014
0016
0014
000B
002B
0028
0028
0031
0028
0022
0031
0025
0011
000D
000D
0010
000E
000E
000F
0012
0039
003F
003C
0036
003F
0045
003D
0042
0010
0013
0010
0010
0015
0010
0010
0013
0013
0010
0013
0011
0013
0011
0015
0013
002E
002C
002C
0024
002C
0033
0025
0025
0033
002D
0023
002D
0029
002E
0035
002C
0007
0004
0005
0005
0006
0007
0004
0004
000E
000A
000D
000A
000D
000C
000C
000E
0032
0034
0029
0032
0035
0035
003B
002F
