(128, 1)
0016
0010
0019
0015
0012
0016
0015
001B
0048
0048
004B
0042
0055
0051
004B
0047
002C
0032
002C
002A
002C
0031
002B
0029
0025
0029
0039
002C
0023
002C
0030
0024
0057
0052
0058
005B
005D
005E
0050
0053
0014
000F
0011
0012
000F
0011
0011
0011
004C
0052
0044
004F
0055
004F
0050
0051
003A
002B
0028
0030
0036
0035
002A
0032
0013
001C
0014
0013
0015
0015
0016
0012
003D
004C
0036
0039
0036
0037
0036
0035
0050
0055
0052
0040
0055
0057
0051
004A
0053
0054
005B
0056
0056
0055
004F
0057
0012
001A
0013
0016
0016
0016
0014
0017
0062
0068
0066
0066
0065
0066
0064
006C
0028
002A
0036
003F
002D
0039
0033
002E
0054
0051
004B
0050
0044
0049
004A
0045
