(128, 1)
0002
0003
0004
0001
0002
0001
0003
0002
002A
0020
0026
001D
0027
0026
002A
002A
0001
0002
0002
0001
0004
0002
0001
0001
0074
0077
0077
0076
0078
0077
0077
0077
0005
0004
0005
0006
0005
0005
0005
0005
0039
0040
0039
003A
0037
003A
003D
0030
0050
003E
0042
0042
004B
0047
003F
003C
000D
0009
0008
0006
000D
000A
000A
0006
0044
0045
0051
004B
0044
0044
004E
0050
003E
003A
003D
0038
003A
0039
003B
003F
0002
0002
0002
0003
0003
0001
0003
0002
004C
003F
004B
0057
0049
0045
004A
0053
0028
0027
002F
002A
002E
002F
0032
002C
006F
0072
0072
006F
006F
0070
0070
006E
0008
0006
0009
0009
0008
0006
0006
000A
0001
0002
0002
0001
0003
0001
0002
0002
