(128, 1)
0005
0005
0005
0006
0004
0007
0006
0007
0036
0031
002F
0031
002C
0037
002F
002E
0016
0016
0016
0015
0012
0011
0012
0012
006A
0062
0067
0067
0065
0069
0069
0066
0007
0005
0006
0005
0006
0005
0005
0006
0028
0028
0033
0033
0031
002D
0029
002D
0011
0013
0012
000E
0010
0011
000F
000E
0002
0002
0002
0002
0002
0002
0002
0002
0007
0005
0006
0008
0007
0005
0006
0007
0046
0046
003B
0039
004A
0044
0042
003F
0045
0046
0042
0049
004C
0047
0040
0045
0009
000B
000B
000C
000A
000B
0008
000A
0045
0046
0041
0046
0044
0041
0045
0039
003C
0042
0043
003F
0040
003C
0043
0045
0059
0058
005B
005E
0058
005C
005B
005C
0038
0041
0037
003A
003E
0037
0039
0037
