(128, 1)
0007
0006
0005
0007
0004
0007
0005
0008
000F
000E
0012
000D
000E
0013
0010
000D
0000
0001
0000
0000
0000
0000
0000
0000
0017
000D
0016
0011
000C
0012
000A
0016
0001
0001
0001
0001
0001
0001
0001
0001
0007
000A
0010
000D
000D
0008
0012
000F
003E
0048
004A
0047
0042
0044
004F
0042
0025
0027
0029
0015
001B
0021
0018
0019
0051
0057
0053
0053
004F
0051
004F
004B
0006
0003
0003
0002
0003
0004
0002
0005
0027
0023
0026
0025
002A
0025
0022
0026
0068
0060
0065
006A
0063
0064
0065
0069
0047
004D
004F
0039
0040
0046
004C
003B
0005
0009
0009
000C
0009
000A
0007
0010
000B
0009
000A
000D
0009
0009
000A
000B
0042
0041
002E
0037
0041
0030
002D
002A
