(128, 1)
0016
0011
0019
0015
0012
0016
0015
001B
0049
0048
004B
0041
0054
0052
004B
0046
002D
0032
002C
0029
002B
0030
002A
0029
0025
0029
0038
002B
0024
002D
0030
0022
0057
0052
0057
0059
005D
005F
0050
0053
0015
000E
0011
0012
000F
0011
0010
0011
004D
0053
0044
004F
0054
004E
004F
0050
0039
002A
0027
0031
0036
0034
0029
0032
0012
001B
0015
0013
0015
0014
0016
0012
003D
004B
0037
0039
0035
0037
0035
0036
004F
0054
0052
0041
0056
0058
0050
004C
0055
0053
005A
0057
0054
0054
004E
0056
0013
0019
0014
0016
0016
0015
0015
0017
0062
0069
0066
0066
0064
0066
0064
006D
0027
002C
0037
003F
002C
0038
0033
002E
0055
0050
004B
0050
0043
0049
004B
0046
