(128, 1)
0003
0002
0003
0001
0003
0001
0003
0001
0024
001A
001E
001F
0020
0018
0020
001F
0000
0001
0000
0000
0002
0002
0000
0000
0004
0004
0003
0003
0003
0003
0003
0003
0003
0002
0002
0003
0003
0004
0002
0003
0019
001E
0026
0014
001B
001D
0021
001D
0029
003A
0038
0035
002E
0032
0038
003C
0017
001A
0014
000F
0019
001A
0018
0009
0034
0032
0029
002E
0033
0033
0029
002A
0037
003B
003A
0040
003C
0039
0039
0038
0001
0002
0002
0001
0002
0000
0002
0001
000F
000C
000B
000D
000C
000D
000E
000D
002B
002F
002C
0031
0030
002B
0035
0029
000E
000A
000B
000F
000D
000D
000D
000F
0002
0001
0001
0001
0002
0001
0001
0002
0002
0002
0004
0002
0003
0001
0004
0001
