(128, 1)
0016
0011
0018
0016
0012
0018
0015
001D
0045
004A
004D
0042
0052
004F
004A
0045
002C
0034
002F
002B
002E
0032
0029
0029
0024
0029
0039
002F
0024
0029
0032
0024
0056
004F
0054
005A
0060
005F
004F
0054
0013
0011
0012
0013
0010
0011
0011
0011
004C
0053
0044
004F
0053
0051
004E
004D
0038
0029
0029
0034
0036
0033
0029
0031
0013
001C
0015
0013
0014
0015
0015
0013
0040
004E
0036
0036
0036
0037
0035
0034
004F
0057
004F
0042
0053
005B
004E
0049
0054
0054
005B
005A
0054
0050
0050
0057
0015
0019
0015
0014
0016
0017
0015
0017
0063
0068
0066
0066
0061
0066
0064
006E
002B
0029
003B
003E
002A
0038
0034
002F
0053
0052
0048
0050
0042
004A
004C
0047
