(128, 1)
0005
0005
0007
0002
0005
0002
0006
0003
004E
003A
0042
003C
0046
003E
004A
004A
0001
0003
0002
0001
0007
0004
0001
0001
0078
007A
007A
007A
007B
007A
007A
007B
0008
0006
0007
0008
0008
000A
0007
0008
0051
005D
005B
004F
0054
0057
005F
0050
0078
0078
0078
0079
0079
0079
0076
0079
0024
0023
001D
0017
0026
0022
0021
000F
0078
0078
0079
0079
0078
0076
0077
007B
0075
0077
0076
0077
0077
0073
0073
0076
0003
0004
0004
0004
0006
0001
0005
0003
005B
004A
0059
0062
0056
0053
0057
0060
0055
0055
005A
0059
005C
0059
0065
0056
007D
007C
007D
007D
007C
007D
007D
007D
000A
0006
000A
000A
000A
0007
0006
000A
0003
0004
0006
0003
0006
0002
0006
0003
