(128, 1)
0002
0003
0003
0001
0002
0001
0003
0002
0029
0023
0029
001D
0025
0027
002E
0029
0001
0002
0002
0001
0004
0002
0001
0001
0074
0077
0077
0077
0078
0076
0077
0078
0005
0004
0005
0006
0005
0005
0005
0005
0039
0041
0037
003B
0037
0038
003F
0033
004F
003E
003F
0043
004C
0048
0040
003B
000D
0009
0008
0006
000E
000A
0009
0005
0044
0046
0052
004A
0045
0043
004D
0050
003E
003B
003D
0036
003C
0039
003A
003F
0002
0002
0002
0003
0004
0001
0003
0002
004D
0041
004E
0056
004A
0044
004A
0053
002A
0026
002F
002C
002F
002B
002F
002B
006E
0073
0071
006E
006F
0070
0070
006E
0008
0005
0008
000A
0008
0005
0006
000A
0002
0002
0002
0001
0003
0002
0002
0001
