(128, 1)
0016
0012
0018
0016
0011
0018
0015
001B
0049
0049
004C
0041
0055
0050
0047
0041
002B
0034
002F
002B
002D
0033
0029
0029
0024
0029
003B
002A
0024
002B
0033
0021
0056
0050
0056
005B
0060
005E
0051
0054
0014
000F
0013
0012
0011
0010
0010
0012
004F
0052
0041
004E
0053
0050
004E
004C
0039
0029
0026
0036
0035
0031
0029
0030
0012
001B
0015
0013
0013
0015
0016
0012
003F
004D
0035
0036
0036
0038
0034
0033
004F
0055
004D
0043
0054
005B
004C
004C
0056
0056
005A
005A
0053
0053
0050
0057
0015
0019
0014
0013
0016
0016
0016
0019
0062
0068
0065
0066
0060
0066
0066
006E
002B
002B
0038
003D
002E
003A
0033
0032
0054
0052
0049
004F
0045
004B
004B
0047
