(128, 1)
0000
0000
0000
0000
0000
0000
0000
0000
002A
0023
0029
0020
002B
0026
002E
002D
0000
0002
0001
0000
0006
0003
0000
0000
000A
000D
000C
000E
0009
000D
000C
000D
0000
0000
0000
0000
0000
0000
0000
0000
0007
0008
0008
0006
0006
0006
0008
0004
000D
000C
000F
000D
000C
000B
0010
000B
001E
001E
0016
0012
0021
001E
001B
000B
000F
000E
0010
0010
000E
000F
000D
000E
003F
0040
003E
0040
0038
0042
0036
0039
0000
0000
0000
0000
0000
0000
0000
0000
004C
0044
004C
0055
0048
0043
004C
0050
0034
0031
0039
0037
0031
0035
003B
0035
0067
006A
006A
0069
0064
006C
0069
0067
0007
0005
0008
0008
0008
0004
0005
0009
0001
0001
0002
0001
0002
0001
0002
0001
