(128, 1)
0005
0005
0006
0002
0005
0002
0006
0003
004D
003C
0046
003B
0044
003E
004D
0048
0001
0003
0002
0001
0007
0004
0001
0001
0078
007A
007A
007A
007B
007A
007A
007B
0008
0006
0007
0008
0008
0009
0007
000A
0052
005F
005B
004E
0052
0056
005F
004F
0078
0078
0078
0078
0079
0079
0077
0079
0025
0021
001B
0017
0026
0024
0023
000E
0079
0078
0079
0079
0078
0076
0077
007A
0075
0077
0076
0076
0077
0073
0073
0077
0003
0004
0004
0003
0005
0001
0005
0003
005B
004D
0057
0063
0056
0053
0058
0060
0054
0056
0059
005C
005D
0058
0064
0055
007D
007C
007D
007D
007C
007D
007D
007D
000A
0007
0009
000A
0008
0007
0007
000B
0004
0004
0006
0003
0006
0002
0006
0002
