(128, 1)
0005
0005
0007
0002
0005
0002
0006
0002
004D
003C
0048
003D
0046
003D
004D
004C
0001
0003
0002
0001
0006
0004
0001
0001
0078
007A
007A
007A
007B
007A
007A
007B
0008
0007
0007
0009
0008
0009
0007
0008
0051
005F
005E
004F
0054
0058
005F
004F
0078
0078
0078
0078
0079
0079
0077
0079
0023
0022
001B
0015
0026
0022
0020
000E
0079
0078
0079
0079
0078
0076
0077
007A
0075
0077
0076
0077
0077
0073
0073
0077
0003
0004
0004
0004
0006
0001
0004
0003
005C
004D
0059
0063
0056
004E
0056
0060
0053
0055
005A
005A
005E
0059
0064
0057
007D
007C
007D
007D
007C
007D
007D
007D
000A
0006
0009
000B
000B
0006
0007
000B
0003
0004
0006
0003
0006
0002
0006
0003
