(128, 1)
0005
0005
0005
0006
0005
0007
0005
0007
0036
0030
002F
0031
002C
0036
0030
002E
0016
0016
0017
0015
0012
0012
0012
0012
006A
0062
0067
0066
0065
0069
0069
0066
0007
0005
0006
0005
0006
0005
0006
0006
0027
0028
0033
0033
0031
002C
0029
002D
0010
0013
0012
000E
0010
0010
000F
000E
0002
0002
0002
0002
0002
0002
0002
0002
0007
0005
0006
0007
0007
0005
0006
0007
0046
0046
003B
003B
004A
0042
0043
003F
0047
0047
0042
0049
004D
0046
0042
0045
0009
000B
000A
000C
0009
000B
0008
000A
0044
0046
0042
0045
0045
0041
0045
0038
003C
0041
0042
003F
003F
003A
0044
0046
0059
0058
005B
005E
0059
005B
005B
005D
0038
0041
0037
003A
003E
0037
0039
0039
