(128, 1)
002B
001D
0020
002A
0020
0021
0025
0023
003C
003B
003A
003C
003F
0035
003C
0043
0049
004D
0049
0054
0053
0049
0046
0050
0006
000A
0007
0008
0009
0007
0007
0008
0000
0000
0000
0000
0000
0000
0000
0000
0053
0051
0048
0048
004A
004D
0051
004B
0052
004A
0051
004A
0051
0048
0049
0053
0073
0072
0071
0070
0070
006D
0073
006E
0036
0041
004A
004B
003D
0041
0046
0045
0000
0000
0000
0000
0000
0000
0000
0000
0006
0005
0005
0005
0006
0006
0006
0005
0071
006F
0070
006E
0071
006F
0071
0071
0026
0023
0020
0021
0024
0025
0025
002D
000F
000A
000D
000D
000C
000D
0009
000B
0022
0022
001F
001C
0022
0020
001F
001F
0042
0038
0040
003D
0039
0044
003D
0040
