(128, 1)
0007
0006
0006
0006
0004
0006
0004
0008
0010
000E
0010
000B
000F
0014
000E
000E
0000
0001
0000
0000
0000
0000
0000
0000
0017
000C
0016
0011
000D
0012
0009
0016
0001
0002
0001
0001
0001
0001
0001
0001
0008
000A
0011
000E
000D
0008
0011
000F
003F
0046
0047
0046
0044
0043
0051
0040
0027
002A
0029
0013
0018
001F
0018
0019
004F
0056
0051
0055
004D
0051
004E
004B
0006
0003
0004
0002
0003
0004
0002
0005
0027
0026
0026
0026
002A
0024
0021
0029
006A
0060
0066
0069
0063
0062
0064
006A
0048
004D
004E
0036
0040
0042
004D
003D
0005
0008
000A
000A
0009
000A
0009
000E
000B
0008
000A
000C
0009
0009
0008
000B
0040
0045
0031
0034
0043
0030
002C
0026
