(128, 1)
0016
0011
0018
0016
0013
0017
0015
001D
0045
0049
004B
0042
0052
0051
004C
0046
002C
0033
002E
002B
002C
0032
002B
002A
0024
0029
0039
002F
0024
0029
0030
0023
0057
0050
0055
005B
005F
005F
004D
0054
0014
0010
0011
0013
0010
0011
0011
0011
004C
0053
0045
004F
0055
0051
004E
0050
0038
002B
0029
0031
0036
0033
0029
0033
0013
001B
0014
0011
0015
0016
0015
0013
0040
004C
0038
0037
0036
0037
0036
0036
004E
0057
004F
0041
0054
005B
0050
0048
0053
0053
005B
0057
0055
0050
0050
0058
0014
0019
0015
0015
0017
0016
0014
0018
0063
0068
0067
0066
0062
0066
0064
006E
0029
002A
0039
003D
0029
0037
0034
002D
0054
0052
0049
0050
0044
0049
004D
0047
