(128, 1)
0002
0003
0004
0001
0002
0001
0003
0002
0029
0020
0026
001C
0026
0027
002D
002A
0001
0002
0002
0001
0004
0002
0001
0001
0074
0077
0076
0077
0078
0077
0077
0078
0005
0004
0005
0006
0005
0005
0004
0005
0038
003F
0037
003C
0038
0039
003D
0031
004F
003E
0041
0042
004B
0047
003F
003C
000D
0009
0009
0006
000E
000A
000A
0005
0043
0047
004F
004C
0044
0043
004D
0051
003D
003C
003D
0038
003C
003A
0038
003F
0002
0002
0002
0003
0004
0001
0003
0002
004C
0043
004F
0056
004A
0044
0048
0055
0028
0027
002C
002A
002E
002C
0031
002C
006E
0073
0072
006F
006F
006F
0070
006E
0008
0006
0009
000A
0009
0005
0006
0009
0001
0002
0002
0001
0003
0002
0002
0002
