(128, 1)
0015
0015
0017
0018
0011
001B
0016
001B
0047
004A
0050
0040
0055
004F
0045
003F
0029
0035
0030
002C
002C
0034
0029
002B
0022
0029
003A
002B
0024
0029
0035
0020
0056
004F
0054
005B
0062
005D
0052
0056
0012
0011
0015
0013
0013
0010
0011
0012
004F
0050
0040
004C
0051
0051
004D
0049
0036
0029
0029
0039
0036
002F
0029
002F
0013
001B
0016
0013
0011
0015
0015
0013
003F
004E
0034
0033
0037
0039
0034
0031
004F
0056
0048
0043
0051
005C
004C
004D
0057
0055
005B
005A
0052
004E
0050
0057
0016
0019
0016
0011
0017
0017
0015
0019
0060
0068
0064
0068
005D
0064
0066
006F
002D
002B
003C
003A
002C
003A
0032
0033
0051
0053
0046
004E
0046
004D
004B
0047
