(128, 1)
0007
0006
0005
0007
0004
0007
0005
0008
000F
000D
0013
000E
000E
0012
0011
000C
0000
0001
0000
0000
0000
0000
0000
0000
0017
000D
0016
0011
000C
0011
000A
0016
0001
0001
0001
0001
0001
0001
0001
0001
0007
000B
0010
000C
000E
0007
0013
000E
003E
0046
004A
0045
0042
0046
0051
0043
0028
0027
0028
0014
0019
0020
0018
0017
0052
0058
0055
0052
004E
004F
0051
004E
0006
0003
0003
0002
0003
0004
0002
0005
0028
0021
0027
0025
0029
0023
0023
0025
006A
0060
0064
006A
0063
0063
0066
0069
0049
004E
004F
003B
0040
0046
004D
003B
0004
0008
0009
000A
0008
000A
0007
000E
000B
0008
000A
000E
0009
0008
000A
000A
0042
0042
002D
0036
0043
002F
0030
0027
