(128, 1)
0005
0005
0007
0002
0005
0002
0006
0003
004E
003B
0043
003C
0045
003D
004A
0049
0001
0003
0002
0001
0007
0004
0001
0001
0078
007A
007A
0079
007B
007A
007A
007B
0008
0007
0007
0008
0008
0009
0006
0009
0051
005E
005A
0051
0053
0057
005F
004E
0078
0078
0078
0079
0079
0079
0077
0079
0025
0022
001C
0016
0026
0025
0020
000E
0078
0078
0079
0079
0077
0076
0077
007B
0074
0077
0076
0077
0077
0073
0073
0076
0003
0004
0004
0004
0006
0001
0005
0003
0059
004A
0059
0064
0056
0054
0059
0060
0055
0056
005A
005B
005D
005A
0065
0056
007D
007C
007D
007D
007C
007D
007D
007D
000A
0006
000A
000A
000B
0006
0005
000C
0003
0004
0006
0003
0006
0002
0006
0003
