(128, 1)
0003
0002
0003
0001
0003
0001
0003
0001
0024
001A
001E
0020
0020
0017
0021
001F
0000
0001
0000
0000
0003
0002
0000
0000
0004
0004
0004
0003
0003
0003
0003
0003
0003
0002
0002
0003
0003
0004
0002
0003
0019
001D
0025
0015
001B
001D
0021
001D
0029
003A
0039
0036
002F
0031
0038
003D
0017
0019
0014
0010
0019
001A
0018
0009
0034
0032
0028
002F
0032
0033
0028
002A
0038
003B
003A
0042
003D
0039
003A
0039
0001
0002
0002
0001
0002
0000
0002
0001
000F
000C
000B
000D
000C
000D
000E
000D
002D
002F
002A
002F
002F
002B
0034
0029
000F
0009
000B
000F
000D
000E
000D
000F
0002
0001
0001
0001
0002
0001
0001
0001
0002
0002
0004
0002
0003
0001
0004
0001
