(128, 1)
0005
0005
0007
0002
0005
0002
0006
0003
004E
003D
0043
003C
0046
003D
004B
0049
0001
0003
0002
0001
0007
0004
0001
0001
0078
007A
007A
007A
007B
007A
007A
007B
0008
0005
0007
0008
0008
000A
0006
0009
0051
005D
005A
004F
0053
0057
005F
0050
0078
0078
0078
0079
0079
0079
0077
0079
0025
0021
001A
0016
0026
0021
0022
000F
0078
0078
0079
0079
0078
0076
0077
007A
0075
0077
0076
0077
0077
0073
0073
0077
0003
0004
0004
0004
0005
0001
0005
0003
005B
004A
0057
0064
0056
0052
0058
0062
0054
0056
0058
005A
005C
005A
0064
0056
007D
007C
007D
007D
007C
007D
007D
007D
000A
0006
000A
000A
000A
0007
0007
000C
0004
0003
0006
0003
0006
0002
0006
0003
