(128, 1)
0032
0025
0025
0030
0025
0025
002C
0027
0066
005F
005F
0062
0061
005B
005E
0067
005A
0061
005D
0065
0062
0058
0056
0060
001B
0027
001E
0021
0026
0024
0024
0027
0000
0000
0000
0000
0000
0000
0000
0000
0077
0076
0078
0076
0077
0074
0076
0074
0062
0058
0060
0056
005E
0056
0054
0060
0075
0073
0070
0070
0071
006E
0073
006E
0036
0041
0049
004E
003F
003F
0043
0042
0000
0000
0000
0000
0000
0000
0000
0000
000A
000A
0007
0008
000C
0009
0009
0007
0079
0079
0078
0079
0079
0078
0077
0079
0053
0052
0049
004D
0051
0054
0056
0055
001E
0018
001B
001A
0016
0016
0014
0017
006B
006C
006A
0069
006C
006D
006B
006D
0076
0075
0073
0072
0073
0077
0070
0072
