(128, 1)
0005
0005
0005
0006
0004
0007
0005
0007
0034
0031
0030
0031
002C
0037
002F
002E
0016
0016
0016
0015
0012
0011
0012
0013
006A
0062
0067
0066
0065
0069
0069
0066
0007
0005
0006
0005
0006
0005
0005
0006
0029
0028
0033
0034
0032
002C
002A
002E
0011
0013
0012
000E
0010
0010
000F
000E
0002
0002
0002
0002
0002
0002
0002
0002
0007
0005
0006
0008
0007
0005
0006
0007
0046
0046
003B
0039
004A
0043
0043
003F
0047
0047
0042
004A
004C
0047
0040
0045
0009
000B
000A
000C
000A
000B
0009
000A
0044
0045
0041
0045
0045
0043
0045
0038
003D
0042
0043
003F
003F
003B
0043
0046
0059
0058
005B
005E
0059
005B
005B
005D
0038
0041
0037
003A
003E
0037
0039
0038
