(128, 1)
002E
0036
0031
0032
0033
0028
002E
002A
0014
0013
001A
0012
0017
0018
0012
0013
0027
0025
0022
0029
0026
0024
0026
0025
0021
0026
0020
0025
001A
001F
0021
0020
0014
0019
0015
0019
0013
0015
0018
001A
0011
0014
0017
0014
0014
0017
0014
000B
002A
0028
0028
0030
0029
0022
0031
0025
0010
000D
000E
0010
000F
000E
000F
0012
0039
003E
003A
0034
003D
0045
003D
0042
0010
0013
0010
0010
0015
0010
0010
0013
0013
0010
0013
0011
0013
0011
0015
0013
002E
002C
002C
0025
002C
0034
0025
0023
0033
002C
0023
002D
0029
002E
0034
002C
0007
0003
0005
0006
0006
0007
0004
0005
000E
000A
000D
000A
000D
000C
000C
000E
0032
0034
0029
0034
0035
0035
003B
002F
