(128, 1)
0002
0003
0004
0001
0002
0001
0003
0002
0028
0022
0029
001D
0024
0027
002B
0029
0001
0002
0002
0001
0004
0002
0001
0001
0074
0077
0077
0077
0078
0077
0077
0078
0005
0004
0004
0006
0005
0006
0004
0005
0037
003F
0037
003B
0037
0038
003E
0031
004F
003E
0040
0042
004B
0048
003F
003C
000C
0009
0008
0006
000D
000B
000A
0005
0044
0046
0052
004C
0046
0043
004D
0051
003E
003C
003C
0036
003B
003A
003B
003E
0002
0002
0002
0003
0004
0001
0002
0002
004E
0042
004C
0056
004B
0045
004A
0055
0029
0026
002D
002A
002D
002C
0031
002C
006E
0073
0072
006E
006F
006F
0070
006E
0008
0006
0008
000A
0009
0005
0006
000A
0002
0002
0002
0001
0002
0002
0002
0001
