(128, 1)
0005
0005
0005
0006
0005
0007
0005
0007
0036
0031
002F
0031
002C
0036
0030
002D
0016
0015
0017
0015
0013
0012
0012
0012
0069
0062
0066
0066
0065
0069
0068
0066
0007
0005
0006
0005
0006
0005
0005
0006
0027
0029
0033
0033
0030
002C
0029
002E
0011
0013
0012
000E
0011
0011
000F
000E
0002
0002
0002
0002
0002
0002
0002
0002
0007
0005
0006
0007
0006
0005
0006
0007
0046
0047
003B
003A
004B
0044
0042
003F
0046
0047
0042
0049
004C
0047
0041
0044
0009
000B
000A
000C
000A
000B
0008
000A
0045
0045
0042
0045
0044
0043
0044
0039
003B
0041
0042
003F
0040
003B
0044
0046
0059
0058
005B
005F
0059
005C
005B
005D
0038
0041
0037
003A
003F
0038
0039
0039
