(128, 1)
0008
0006
0005
0007
0004
0006
0005
0008
000F
000E
0013
000D
000F
0012
0011
000D
0000
0001
0000
0000
0000
0000
0000
0000
0018
000E
0017
0011
000D
0013
000A
0016
0001
0001
0001
0001
0001
0001
0001
0001
0007
000A
0010
000D
000D
0008
0012
000F
003D
0048
0049
0047
0042
0044
004F
0043
0021
0026
002B
0017
001A
0020
0017
0019
0051
0057
0053
0051
0050
0052
004E
004E
0007
0003
0004
0002
0003
0004
0002
0003
0027
0025
0027
0026
002A
0024
0024
0025
0069
0061
0065
0068
0064
0064
0065
0068
0049
004D
004D
0039
003F
0046
004D
003D
0006
000A
000A
000A
000A
000B
0008
0013
000A
0009
000A
000D
0009
0009
000A
000A
003F
003E
002D
0039
003C
0030
002A
0028
