(128, 1)
0016
0011
0018
0016
0013
0017
0016
001C
0046
004A
004B
0043
0051
0051
004B
0046
002C
0033
002F
002B
002C
0031
0029
002A
0024
002B
0038
002F
0024
0028
002E
0022
0058
004F
0055
005B
0060
0060
004F
0053
0015
0011
0012
0013
000F
0011
0011
0012
004C
0053
0047
004F
0055
004F
004D
0050
0037
002B
0029
0030
0035
0033
0028
0033
0014
001B
0015
0012
0015
0016
0014
0013
0041
004C
0038
0036
0036
0037
0035
0037
004D
0057
004E
0044
0052
005A
004E
0047
0053
0053
005C
0057
0054
0051
0051
0057
0015
0019
0014
0013
0016
0018
0015
0017
0064
0068
0067
0066
0061
0067
0064
006E
002A
002B
0039
003E
0029
0036
0034
002B
0053
0051
0045
0050
0043
0047
004C
0047
