(128, 1)
0007
0006
0006
0006
0004
0006
0005
0009
0010
000E
0012
000D
000F
0013
000F
000D
0000
0001
0000
0000
0000
0000
0000
0000
0017
000B
0014
0011
000D
0011
000A
0016
0001
0001
0001
0001
0001
0001
0001
0001
0008
000A
0011
000D
000E
0008
0012
0010
003F
0047
0048
0045
0043
0043
0051
0041
0027
0029
002A
0014
001A
001C
0018
0018
0050
0057
0053
0054
004D
0050
0050
004B
0007
0003
0003
0002
0003
0005
0002
0005
0027
0024
0025
0026
002A
0023
0022
0027
0069
005F
0065
006A
0062
0062
0065
006A
0047
004D
0050
003A
0042
0043
004B
003D
0005
0008
0009
000B
0008
000A
0008
000E
000B
0008
000A
000C
0009
0009
0009
000B
0041
0044
0030
0034
0045
0032
002E
0027
