(128, 1)
0016
0011
0018
0015
0012
0016
0015
001C
0047
0048
004A
0042
0053
0051
004C
0047
002B
0033
002D
002B
002D
0031
002B
0029
0025
002A
0039
002E
0024
002B
002F
0022
0057
0050
0056
005A
005E
005E
004D
0053
0015
000F
0011
0012
000F
0011
0011
0011
004B
0053
0046
0050
0056
004F
0050
0052
0037
002B
0028
0030
0036
0034
002A
0033
0012
001C
0013
0012
0015
0015
0016
0012
0040
004C
0039
0039
0035
0037
0036
0035
004D
0056
0051
0042
0055
005A
0052
0049
0052
0053
005A
0058
0056
0052
004F
0057
0013
0019
0015
0015
0017
0017
0014
0017
0063
0069
0066
0066
0064
0066
0064
006D
0029
002B
0037
003E
002B
0037
0034
002C
0056
0051
0049
004F
0044
0048
004B
0046
