(128, 1)
002D
001E
0020
002A
0020
0023
0024
0023
003C
003C
003B
003C
003E
0034
003C
0043
0049
004D
0049
0052
0051
004B
0046
0050
0006
000A
0007
0007
0009
0007
0007
0008
0000
0000
0000
0000
0000
0000
0000
0000
0052
0051
0049
0048
004A
004C
0050
004C
0054
0048
0051
0048
0051
0049
0046
0053
0073
0073
0070
006F
0070
006D
0073
006E
0036
0043
004A
004B
003C
0041
0046
0044
0000
0000
0000
0000
0000
0000
0000
0000
0007
0006
0005
0005
0006
0006
0006
0005
0071
006F
0070
006E
0072
006F
0071
0071
0026
0023
0021
0021
0024
0027
0025
002D
000F
000A
000D
000D
000C
000C
0009
000A
0021
0021
001E
001D
0023
0020
001F
001F
0043
0038
0041
003D
003A
0043
003E
0040
