(128, 1)
0003
0002
0003
0001
0003
0001
0003
0001
0024
001A
001E
0020
0020
0018
001F
001F
0000
0001
0000
0000
0002
0002
0000
0000
0004
0003
0003
0003
0003
0003
0003
0003
0003
0002
0002
0003
0003
0004
0002
0003
0019
001E
0025
0014
001C
001E
0020
001E
002A
0039
0039
0035
002E
0032
0038
003D
0018
0019
0012
0010
0019
0018
0017
0008
0034
0032
0027
002E
0033
0034
0029
0029
0036
003B
003A
0041
003C
0039
003A
0038
0001
0002
0002
0001
0002
0000
0002
0001
000F
000C
000C
000E
000C
000D
000E
000D
002B
002F
002B
0031
002F
002C
0034
002B
000E
0009
000B
000F
000D
000E
000D
000F
0002
0001
0001
0001
0002
0001
0001
0002
0002
0002
0004
0002
0003
0001
0004
0001
