(128, 1)
0005
0005
0005
0006
0005
0007
0005
0007
0036
0031
002F
0032
002C
0036
002F
002D
0016
0016
0016
0015
0012
0011
0012
0012
006A
0062
0067
0066
0065
0069
0069
0066
0007
0005
0006
0005
0006
0005
0005
0006
0027
0028
0033
0033
0030
002C
0029
002D
0011
0013
0011
000E
0011
0011
000F
000E
0002
0002
0002
0002
0002
0002
0002
0002
0007
0005
0006
0007
0007
0005
0006
0007
0046
0045
003B
0039
004A
0043
0042
003F
0046
0047
0043
0049
004C
0047
0041
0044
0009
000B
000A
000C
000A
000B
0009
000A
0044
0044
0042
0046
0045
0042
0044
0037
003C
0042
0043
003F
003F
003B
0042
0046
0059
0059
005B
005E
0058
005B
005B
005D
0037
0041
0038
003A
003E
0037
0039
0038
