(128, 1)
0006
0004
0004
0005
0003
0005
0004
0007
0011
0010
0014
000F
0012
0015
0012
000E
0001
0001
0000
0001
0000
0001
0000
0001
0016
000E
0017
0012
000B
0010
000A
0016
0001
0001
0000
0000
0001
0001
0001
0001
0006
0007
000C
000A
0009
0006
000B
000B
003C
0045
0047
0044
0040
0043
004C
003E
0022
0026
0024
0014
0018
0020
0018
0017
0047
0052
004B
0045
0044
0048
0045
0042
0009
0004
0005
0004
0004
0005
0003
0006
002A
002A
002A
002B
0030
002A
0027
0029
0068
005F
0061
0067
0060
0064
0063
0066
0038
003D
003E
002B
0032
0038
003B
002F
0008
000D
000E
0010
000E
0010
000C
0017
000D
000B
000B
0010
000B
000A
000B
000C
0039
003B
0028
0030
0036
0029
0024
0023
