(128, 1)
0005
0005
0005
0006
0005
0007
0006
0007
0034
0031
0030
0030
002C
0036
002F
002E
0016
0016
0017
0015
0013
0011
0012
0012
006A
0062
0067
0066
0064
0069
0069
0067
0007
0005
0006
0005
0006
0005
0005
0006
0028
0028
0032
0033
0030
002C
002A
002E
0011
0013
0011
000E
0010
0011
000F
000E
0002
0002
0002
0002
0002
0002
0002
0002
0007
0005
0006
0008
0007
0005
0006
0006
0046
0046
003B
0039
004A
0045
0041
003F
0045
0047
0043
004A
004C
0046
0042
0045
0009
000B
000A
000C
000A
000B
0008
000A
0045
0045
0041
0046
0045
0042
0045
0038
003D
0043
0043
003F
0040
003A
0042
0045
0058
005A
005B
005E
0059
005B
005A
005C
0037
0041
0036
0039
003F
0037
0038
0038
