(128, 1)
0005
0005
0007
0002
0004
0002
0006
0003
004C
0039
0043
003B
0046
003E
004A
0049
0001
0002
0002
0001
0007
0003
0001
0001
0078
007A
007A
007A
007B
007A
007A
007B
0008
0006
0007
0009
0008
000A
0007
0008
0054
005E
005C
004E
0054
0057
005E
004E
0078
0078
0078
0078
0079
0079
0077
0079
0025
0025
001C
0017
0027
0023
0020
000F
0078
0078
0079
0078
0077
0076
0077
007A
0075
0077
0076
0077
0077
0073
0073
0077
0003
0004
0004
0004
0005
0001
0005
0003
005B
004B
0059
0064
0056
0052
0056
0062
0054
0056
0059
0059
005D
005B
0064
0056
007D
007C
007D
007D
007C
007D
007D
007D
000B
0006
000A
000B
000A
0006
0007
000B
0003
0006
0006
0003
0006
0002
0006
0003
