(128, 1)
0016
0011
0018
0016
0013
0017
0016
001C
0043
0049
004C
0043
0052
0050
004C
0047
002C
0033
002E
002A
002D
0032
002C
0029
0024
002A
0038
002F
0023
0029
0030
0023
0058
004F
0056
005B
005F
005F
004F
0052
0014
0011
0011
0013
000F
0011
0011
0011
004C
0053
0047
004F
0055
0050
004D
0050
0038
002B
0029
0031
0037
0034
0029
0033
0013
001C
0015
0012
0015
0016
0015
0013
003F
004D
0038
0037
0035
0037
0036
0037
004D
0056
0050
0043
0053
005B
0052
0047
0054
0052
005B
0057
0055
0051
0050
0057
0014
0019
0014
0014
0017
0017
0013
0017
0063
0068
0066
0066
0062
0067
0064
006E
002A
0029
0038
003E
0029
0036
0034
002C
0054
0052
0047
0050
0043
0049
004D
0047
