(128, 1)
0017
0011
0018
0015
0012
0016
0015
001C
0045
0049
004A
0043
0051
0052
004E
0047
002C
0032
002D
002A
002C
0030
002A
0029
0025
002A
0039
002E
0023
002A
002F
0023
0057
004F
0056
005B
005D
005F
004F
0052
0015
0010
0011
0012
000E
0011
0010
0011
004B
0054
0047
0050
0055
004E
004E
0051
0039
002C
0029
0030
0036
0034
0028
0033
0013
001C
0014
0012
0015
0015
0015
0013
003E
004C
0038
0038
0036
0036
0036
0038
004E
0056
0052
0043
0054
005B
0050
0049
0053
0052
005B
0056
0055
0052
0051
0057
0014
001A
0014
0015
0016
0017
0013
0017
0063
0068
0066
0065
0064
0066
0064
006E
0029
002A
0038
003F
0029
0035
0036
002C
0055
0050
0048
0051
0043
0048
004C
0046
