(128, 1)
0002
0003
0004
0001
0002
0001
0003
0002
0029
0024
0027
001E
0025
0026
002C
002A
0001
0002
0002
0001
0004
0002
0001
0001
0074
0077
0077
0077
0078
0077
0077
0078
0005
0004
0005
0005
0005
0006
0005
0006
0037
0041
0038
003A
0038
0039
003E
0031
004F
003F
003F
0043
004C
0048
003E
003E
000D
0009
0008
0007
000E
000A
0009
0005
0045
0046
0052
004B
0044
0042
004E
0050
003F
003A
003D
0036
003B
003A
003A
003E
0002
0002
0002
0003
0003
0001
0003
0002
004E
0041
004C
0058
004A
0044
004B
0053
0028
0026
002F
002B
002F
002E
0030
002A
006F
0073
0072
006E
006F
0070
0070
006E
0008
0006
0008
000A
0009
0006
0006
000A
0002
0002
0002
0001
0003
0002
0002
0002
