(128, 1)
0002
0003
0004
0001
0002
0001
0003
0002
002B
0021
0026
001C
0025
0025
002B
002A
0001
0002
0002
0001
0004
0002
0001
0001
0074
0077
0077
0077
0078
0077
0077
0077
0005
0004
0005
0005
0005
0005
0005
0006
0038
0041
0036
003C
0038
0039
003D
002F
004F
003E
0041
0044
004A
0047
003E
003C
000C
0009
0008
0007
000E
0009
000A
0006
0043
0045
0050
004C
0046
0043
004D
0050
003D
003C
003D
0038
003B
003A
003A
003F
0002
0002
0002
0003
0004
0001
0003
0002
004D
0040
004E
0057
004A
0044
004C
0055
0029
0027
002E
0029
002D
002E
0030
002C
006F
0073
0072
006F
006F
0070
0070
006E
0008
0005
0008
0009
0008
0005
0006
000A
0001
0002
0002
0001
0003
0001
0002
0002
