(128, 1)
0005
0005
0005
0006
0005
0007
0006
0007
0035
0032
0030
0031
002D
0036
002F
002D
0016
0016
0016
0015
0013
0012
0012
0012
006A
0062
0068
0066
0064
0069
0069
0066
0007
0005
0006
0005
0006
0005
0005
0006
0028
0029
0033
0033
0030
002C
0029
002E
0011
0013
0012
000E
0010
0011
000F
000E
0002
0002
0002
0002
0002
0002
0002
0002
0006
0005
0006
0007
0006
0005
0006
0007
0046
0045
003C
003A
004A
0043
0042
003F
0045
0047
0042
004A
004C
0047
0041
0045
0009
000B
000A
000B
000A
000B
0008
000A
0044
0044
0041
0046
0045
0043
0045
0038
003C
0042
0042
003F
0040
003B
0043
0046
0059
0058
005B
005E
0058
005B
005B
005D
0037
0041
0037
0039
003F
0038
0039
0039
