(128, 1)
0005
0005
0007
0002
0005
0002
0006
0002
004D
003C
0044
003C
0045
003D
004D
0048
0001
0003
0002
0002
0007
0004
0001
0001
0078
007A
007A
0079
007B
007A
007A
007B
0008
0007
0007
0009
0008
000A
0007
0009
0053
005F
005B
004F
0053
0056
005F
004F
0078
0078
0078
0078
0079
0079
0077
0079
0024
0021
001D
0017
0026
0021
0020
000E
0079
0078
0079
0079
0077
0076
0077
007A
0075
0077
0076
0077
0077
0073
0073
0077
0003
0004
0004
0003
0006
0001
0005
0003
005C
004B
0057
0064
0056
0051
0056
005F
0056
0054
005A
005A
005D
0058
0064
0057
007D
007C
007D
007D
007C
007D
007D
007D
000A
0007
0009
000B
000B
0006
0007
000B
0004
0004
0006
0003
0006
0002
0006
0002
