(128, 1)
0002
0003
0004
0001
0002
0001
0003
0002
002B
0021
0026
001C
0026
0025
002B
002A
0001
0002
0002
0001
0004
0002
0001
0001
0074
0077
0077
0076
0078
0077
0077
0077
0005
0004
0005
0005
0005
0006
0005
0005
0038
0041
0037
003B
0037
003B
003E
0030
004F
003E
0041
0043
004B
0047
003E
003D
000C
0008
0008
0008
000D
0009
000A
0006
0043
0046
0051
004C
0043
0043
004E
0050
003C
003C
003D
0037
003B
003A
003A
003F
0002
0002
0002
0003
0004
0001
0003
0002
004D
003F
004C
0057
0049
0045
004A
0053
0028
0027
002F
0029
002D
002F
0030
002C
006F
0072
0072
006F
006F
0070
0070
006E
0008
0005
0009
0009
0009
0006
0005
0009
0002
0002
0002
0001
0003
0001
0002
0002
