(128, 1)
0002
0003
0004
0001
0002
0001
0003
0001
0027
0023
002B
001E
0025
0028
002D
0029
0001
0002
0002
0001
0004
0003
0001
0001
0074
0077
0076
0077
0078
0076
0077
0078
0005
0004
0005
0006
0005
0005
0005
0005
0038
0041
0039
003B
0037
0035
003F
0033
004F
003F
003F
0043
004B
0049
003F
003B
000E
0009
0008
0006
000E
000B
000A
0005
0044
0047
0052
004A
0045
0043
004C
0051
0040
003A
003D
0034
003C
003A
003B
003E
0002
0002
0002
0002
0004
0001
0003
0002
004E
0043
004B
0056
004A
0044
0049
0053
0029
0026
002D
002C
002F
0029
0030
002A
006E
0073
0072
006E
006F
0070
0070
006F
0008
0006
0007
000A
0009
0005
0006
000A
0002
0002
0002
0001
0003
0002
0002
0001
