(128, 1)
0004
0004
0004
0001
0004
0002
0005
0004
0019
0011
0015
0014
0015
0010
0017
0018
0000
0000
0000
0000
0001
0001
0000
0000
0004
0003
0003
0003
0002
0003
0003
0004
0006
0005
0004
0006
0006
0006
0004
0005
0019
001C
0024
0014
001B
001B
0020
001A
0021
0030
002E
002B
0026
0026
002D
0032
0025
0028
0025
0021
0027
0029
0027
0016
003A
0039
0030
0035
0038
0037
002F
0031
0038
003A
0038
0040
003C
0036
0036
003A
0001
0003
0002
0002
0003
0001
0002
0001
000C
0009
0008
000A
000A
0009
000A
000B
002A
002C
002A
0031
0031
002A
0031
002A
0014
000E
0010
0014
0012
0014
0012
0015
0002
0001
0001
0002
0002
0001
0001
0002
0009
000A
000A
0009
0008
0007
000C
0005
