(128, 1)
0005
0005
0005
0006
0004
0007
0005
0007
0034
0030
0030
0031
002D
0037
002F
002E
0016
0016
0016
0015
0012
0012
0012
0013
006A
0062
0068
0066
0065
0069
0069
0066
0007
0005
0006
0005
0006
0005
0005
0006
0027
0028
0034
0033
0031
002B
0029
002F
0011
0013
0012
000E
0010
0011
000F
000E
0002
0002
0002
0002
0002
0002
0002
0002
0007
0005
0006
0008
0007
0005
0006
0007
0047
0046
003B
0039
004B
0045
0041
003F
0046
0047
0043
0049
004C
0047
0040
0045
0009
000B
000A
000B
0009
000B
0008
000A
0045
0045
0041
0046
0045
0042
0045
0038
003B
0041
0043
003F
003F
003B
0042
0046
0059
0058
005B
005E
0059
005B
005B
005C
0038
0041
0037
0039
003E
0038
0039
0038
