(128, 1)
0005
0005
0005
0006
0004
0007
0006
0007
0034
0031
0030
0031
002E
0036
002F
002D
0017
0016
0017
0015
0012
0011
0012
0012
006A
0062
0067
0066
0064
0069
0069
0067
0007
0005
0006
0005
0006
0005
0005
0006
0028
0029
0032
0033
0031
002B
0029
002E
0011
0014
0012
000E
0010
0011
000F
000E
0002
0002
0002
0002
0002
0002
0002
0002
0006
0005
0006
0007
0006
0005
0006
0006
0046
0046
003B
003A
0049
0043
0042
003F
0045
0047
0043
0049
004C
0047
0042
0045
0009
000B
000B
000B
000A
000B
0009
000A
0044
0045
0042
0045
0045
0041
0045
0038
003D
0043
0043
003F
0040
003B
0043
0045
0058
0059
005B
005F
0059
005B
005B
005C
0038
0041
0036
0039
003F
0038
0039
0038
