(128, 1)
0007
0006
0005
0007
0004
0007
0005
0008
000F
000E
0014
000E
000E
0012
0011
000C
0000
0001
0000
0000
0000
0000
0000
0000
0018
000C
0015
0013
000E
0011
000A
0015
0001
0001
0000
0001
0001
0001
0001
0001
0007
000B
0011
000C
000E
0007
0013
000E
003E
0047
0048
0044
0042
0046
0050
0042
0028
0028
002A
0013
001A
001E
0019
0019
0054
0058
0054
0052
004E
004F
0051
004E
0006
0002
0003
0002
0003
0004
0002
0005
0027
0022
0026
0025
0029
0022
0024
0025
006A
0060
0065
006A
0063
0064
0065
0069
0049
004D
0050
0039
0040
0047
004C
003D
0005
0008
0009
000C
0007
000A
0008
000F
000B
0008
000A
000E
0009
0008
000A
000A
0042
0042
002E
0035
0041
002F
002F
0029
