(128, 1)
002D
002A
0029
0033
0020
002C
002C
003A
006B
006E
006E
0064
0066
006E
006A
0065
0002
0005
0002
0003
0002
0002
0002
0002
0021
0014
0021
001B
0015
001A
0012
0020
0039
0049
0036
003A
0045
003C
0042
0043
001F
0021
0033
0027
0024
001C
0027
002D
0076
0073
0074
0075
0072
0074
0073
0075
0029
002D
0025
0014
0018
001F
001A
001A
005B
0062
005B
0055
0059
005A
0056
0055
0009
0004
0007
0005
0005
0006
0006
0007
0075
0073
0074
0075
0074
0077
0071
0072
0076
0075
0077
0077
0074
0076
0074
0075
0042
004A
0046
0034
003A
003F
0044
0037
000D
0011
0018
0017
0014
001A
0013
001C
0053
0062
0063
0062
005E
0061
0061
005F
004E
0051
0036
0038
004C
0039
002E
002A
