(128, 1)
0005
0005
0005
0006
0005
0007
0006
0007
0035
0030
0030
0031
002D
0037
0030
002E
0016
0016
0016
0015
0012
0011
0012
0013
006A
0062
0067
0066
0065
0069
0068
0066
0007
0005
0006
0005
0006
0005
0005
0006
0028
0027
0032
0033
0031
002C
0029
002E
0011
0013
0012
000E
0010
0011
000F
000E
0002
0002
0002
0002
0002
0002
0002
0002
0007
0005
0006
0008
0006
0005
0006
0007
0048
0047
003B
003A
004B
0045
0042
003F
0045
0047
0042
0049
004C
0047
0041
0044
0009
000B
000A
000C
000A
000B
0009
000A
0044
0044
0042
0046
0044
0042
0045
0038
003C
0043
0042
003F
003F
003B
0042
0045
0058
0059
005B
005E
0059
005B
005B
005C
0037
0041
0036
0038
003F
0038
0039
0038
