(128, 1)
002E
0038
0035
002C
0034
0028
002D
002A
0012
0014
0018
0011
0015
0019
0015
0012
0029
0027
0022
0027
0027
0021
0023
0020
001F
0025
001F
0025
001B
001F
0023
0021
0012
0017
0015
001A
0014
0016
0019
001C
0011
0018
0013
0015
0014
0016
0015
000A
0029
002C
0027
002E
0028
0021
002C
0025
0012
000D
000B
0011
0010
000E
000F
0012
003D
0035
003E
003A
003C
0049
0040
003F
000E
0013
0013
0010
0013
000E
0011
0013
0015
0010
0013
0014
0013
0012
0011
0013
002E
002F
0026
0023
002B
0037
0025
0025
0030
002A
0021
0034
0029
002C
0031
0029
0007
0004
0005
0005
0005
0007
0005
0004
000F
0009
000C
000A
000D
000B
000E
000E
0034
0036
0029
0036
0037
0036
003B
002A
