(128, 1)
0001
0001
0001
0001
0001
0002
0001
0002
0020
001C
001A
001C
0018
001B
001A
001B
0012
0012
0012
0012
0010
000D
000D
000F
0016
001A
0017
001B
001E
001B
001C
001D
0000
0000
0000
0000
0000
0000
0000
0000
0029
0027
0036
0035
0033
002A
0029
002E
000F
000F
000E
000B
000D
000C
000B
000C
0001
0001
0001
0001
0001
0001
0001
0001
0001
0001
0001
0002
0001
0001
0001
0001
0000
0000
0000
0000
0000
0000
0000
0000
0003
0003
0002
0003
0004
0003
0002
0001
0005
0006
0005
0006
0005
0006
0004
0005
0033
0034
002E
0030
0033
0034
0035
002A
0010
000D
0010
000E
000C
000A
000B
000F
0044
0045
0041
0040
0044
0043
0042
0043
003A
0040
0039
0039
003F
003B
0039
0039
