(128, 1)
0007
0006
0005
0007
0004
0006
0004
0008
000F
000D
0012
000D
000F
0014
0011
000C
0000
0001
0000
0000
0000
0000
0000
0000
0018
000D
0014
0011
000D
0012
000A
0016
0001
0001
0001
0001
0001
0001
0001
0001
0008
000A
0010
000D
000D
0008
0012
000E
003D
0048
004A
0046
0042
0045
0050
0043
0025
0026
002A
0016
001A
001F
0017
0018
0051
0058
0054
0052
004E
0050
0050
004D
0007
0003
0003
0001
0003
0004
0002
0004
0027
0023
0027
0026
0029
0023
0024
0025
006A
0060
0065
006A
0063
0063
0065
0069
004A
004E
004D
0039
003E
0046
004D
003D
0005
0009
0009
000B
0008
000B
0008
000F
000B
0009
000A
000E
0009
0008
000A
000A
0042
0041
002E
0038
0042
0030
002C
0027
