(128, 1)
0016
0012
0017
0016
0011
0018
0015
001B
0047
0048
004C
0042
0055
004F
0047
0043
002B
0034
002E
002C
002C
0034
0029
0029
0025
0029
0039
002C
0024
002B
0032
0022
0057
0050
0056
005A
0060
005D
0051
0054
0014
0010
0012
0013
0011
0010
0010
0011
004E
0051
0041
004E
0053
0051
004E
004D
003A
0029
0028
0034
0036
0032
0029
0030
0012
001C
0015
0013
0013
0014
0016
0013
003E
004E
0036
0037
0035
0038
0033
0033
0050
0056
004E
0043
0054
005B
0050
004B
0056
0055
0059
005A
0054
0052
0050
0056
0015
0019
0015
0014
0017
0016
0015
0018
0061
0068
0065
0066
0061
0065
0065
006E
002A
002B
0039
003E
002D
003A
0032
0031
0053
0053
0049
0050
0044
004C
004B
0046
