(128, 1)
0003
0002
0003
0001
0002
0001
0003
0001
0024
0019
001C
001E
0020
0017
0020
0020
0000
0000
0000
0000
0003
0001
0000
0000
0004
0004
0003
0003
0003
0004
0003
0003
0003
0002
0002
0003
0003
0004
0002
0003
0019
001E
0024
0014
001B
001E
0021
001D
0029
0038
003A
0036
002D
0030
0038
003D
0018
001B
0014
0010
0018
001A
0017
0009
0034
0032
0028
002F
0034
0033
0028
0028
0036
003C
0039
0041
003B
0039
003A
003A
0001
0002
0002
0001
0002
0000
0002
0001
000F
000C
000B
000D
000C
000D
000D
000D
002B
002F
002B
0030
002E
002B
0034
002B
000E
0009
000B
000F
000D
000D
000D
000F
0002
0001
0001
0001
0002
0001
0000
0001
0002
0004
0004
0002
0003
0001
0004
0001
