(128, 1)
0005
0005
0007
0002
0006
0002
0006
0003
004E
003B
0046
003C
0046
0040
004A
0049
0001
0003
0002
0001
0007
0004
0001
0001
0078
007A
007A
007A
007B
007A
007A
007B
0008
0006
0006
0009
0008
0009
0006
0008
0051
005D
005D
004F
0051
0056
0060
004F
0078
0078
0078
0079
0079
0079
0077
0079
0025
0024
001C
0015
0026
0025
0020
000C
0078
0078
0079
0079
0078
0076
0077
007B
0074
0077
0077
0077
0079
0073
0073
0077
0003
0004
0004
0004
0006
0001
0005
0003
005C
004C
005A
0065
0057
0050
0058
0062
0055
0057
0058
005A
005E
0057
0065
0055
007D
007C
007D
007D
007C
007D
007D
007D
000A
0007
0009
000B
000B
0006
0007
000B
0003
0004
0006
0003
0007
0002
0006
0003
