(128, 1)
0003
0002
0003
0001
0002
0001
0003
0001
0024
0019
001D
001F
0021
0017
0020
0020
0000
0000
0000
0000
0002
0001
0000
0000
0004
0003
0004
0003
0003
0003
0003
0003
0003
0002
0002
0003
0003
0004
0002
0003
0019
001E
0026
0014
001C
001E
0021
001C
0029
0039
0039
0035
002F
0030
0037
003D
0017
001B
0014
0010
0018
001A
0017
0009
0034
0032
0027
002E
0033
0034
0029
0029
0036
003B
003A
0041
003D
003A
003A
0038
0001
0002
0002
0001
0002
0000
0002
0001
000F
000C
000B
000E
000C
000D
000D
000D
002C
002F
002B
002F
002F
002C
0034
002B
000E
0009
000B
000F
000D
000D
000D
000F
0002
0001
0001
0001
0002
0001
0001
0001
0002
0004
0004
0002
0003
0001
0004
0001
