(128, 1)
0002
0003
0004
0001
0002
0001
0003
0002
002A
0022
0027
001C
0026
0027
002D
0028
0001
0002
0002
0001
0004
0002
0001
0001
0074
0076
0076
0077
0078
0077
0077
0078
0005
0004
0005
0007
0005
0005
0005
0005
0038
003F
0038
003B
0037
0039
003F
0031
004F
003E
003F
0043
004B
0048
003F
003B
000D
0009
0009
0006
000D
000A
000A
0005
0044
0046
0051
004A
0045
0043
004F
0052
003D
003B
003D
0036
003B
003B
003A
003F
0002
0002
0002
0002
0004
0001
0002
0002
004D
0042
004E
0055
004A
0044
004A
0055
0029
0027
002D
002B
002E
002A
0030
002B
006E
0072
0072
006E
006F
0070
0070
006E
0008
0006
0008
000A
0009
0006
0006
0009
0001
0002
0002
0001
0003
0001
0002
0002
