(128, 1)
0007
0006
0005
0007
0004
0006
0004
0008
000F
000D
0013
000D
000F
0013
0011
000D
0000
0001
0000
0000
0000
0000
0000
0000
0017
000C
0016
0011
000C
0012
000A
0016
0001
0001
0001
0001
0001
0001
0001
0001
0008
000A
0010
000D
000D
0008
0012
000E
003D
0047
004A
0046
0042
0045
004F
0041
0023
0028
002A
0015
001A
001F
0017
0018
0051
0058
0054
0052
004D
0051
004F
004D
0007
0003
0004
0003
0003
0004
0003
0005
0027
0024
0027
0025
002A
0023
0023
0025
0069
0060
0065
006A
0063
0064
0066
0068
0048
004F
004D
0038
003E
0045
004B
003E
0005
0009
000A
000B
0008
000A
0008
0010
000B
0009
000A
000D
0009
0008
0009
0009
0040
0042
002E
0037
003F
0030
002C
0027
