(128, 1)
0003
0002
0003
0001
0003
0001
0003
0001
0023
001B
001E
001F
0020
0018
0020
0020
0000
0001
0000
0000
0002
0002
0000
0000
0004
0003
0003
0003
0003
0003
0003
0004
0003
0003
0002
0003
0003
0004
0002
0003
0019
001D
0026
0014
001D
001C
0022
001E
002A
003B
0037
0036
002F
0033
0038
003C
0017
0019
0014
000F
0019
0018
0017
0009
0034
0033
0028
002D
0034
0033
0028
0029
0039
003C
0039
0040
003D
003A
0039
0038
0001
0002
0002
0001
0002
0000
0002
0001
000F
000C
000C
000D
000D
000D
000D
000D
002C
002F
002B
0031
002F
002B
0034
002B
000E
0009
000B
000E
000E
000D
000D
0010
0002
0001
0001
0001
0001
0001
0001
0001
0002
0002
0004
0002
0003
0001
0004
0001
