(128, 1)
0003
0002
0003
0001
0002
0001
0003
0001
0023
001A
001E
001E
001F
0017
0020
001F
0000
0000
0000
0000
0003
0001
0000
0000
0004
0004
0004
0003
0003
0003
0003
0003
0003
0002
0002
0003
0003
0004
0002
0003
0019
001E
0025
0015
001B
001E
0021
001E
0029
0039
0038
0035
002E
0032
0039
003D
0018
001B
0014
0010
0018
001A
0017
0009
0035
0033
0028
002F
0032
0034
0029
0028
0037
003B
003A
0041
003B
0039
003B
0039
0001
0002
0002
0001
0002
0000
0002
0001
000F
000C
000B
000D
000C
000D
000E
000D
002B
002F
002B
0031
002E
002B
0034
002B
000F
0009
000C
000F
000D
000E
000D
000F
0002
0001
0001
0001
0002
0001
0000
0001
0002
0004
0004
0002
0003
0001
0004
0001
