(128, 1)
0003
0002
0003
0001
0003
0001
0003
0001
0024
001A
001F
001F
0021
0018
0020
001F
0000
0001
0000
0000
0003
0002
0000
0000
0004
0003
0003
0003
0003
0003
0003
0004
0003
0002
0002
0003
0003
0004
0002
0003
0019
001E
0026
0014
001D
001D
0021
001D
0029
003A
0038
0036
002F
0032
0038
003D
0018
0019
0012
0010
0018
0018
0017
0009
0035
0032
0029
002D
0033
0033
0029
0029
0037
003B
003A
0041
003D
003A
003A
0038
0001
0002
0002
0001
0002
0000
0002
0001
000F
000C
000B
000E
000C
000D
000E
000D
002B
002F
002C
0031
0030
002C
0035
002B
000E
0009
000B
000E
000D
000D
000D
000F
0002
0001
0001
0001
0002
0001
0001
0002
0002
0002
0004
0002
0003
0001
0004
0001
