(128, 1)
002F
0036
0030
0032
0033
0029
002D
002B
0013
0015
0019
0013
0017
0017
0012
0014
0024
0024
0022
0029
0026
0023
0027
0026
0022
0027
0020
0024
001B
001F
0022
001E
0015
001B
0015
0018
0012
0015
001A
001B
0012
0013
0018
0014
0014
0016
0013
000C
002B
0027
0028
0030
0026
0024
0032
0024
0011
000E
000E
000F
000E
000F
000F
0012
0039
0040
0038
0033
003F
0044
003C
0042
000F
0013
0010
0012
0016
0011
0011
0013
0013
0011
0014
000F
0012
0010
0015
0014
002C
002A
002E
0022
002F
0033
0026
0024
0034
002C
0025
002B
0029
002F
0034
002C
0006
0003
0005
0006
0006
0007
0005
0005
000E
000B
000E
000B
000C
000C
000B
000E
0033
0031
0029
0034
0033
0031
003B
0031
