(128, 1)
0005
0005
0005
0006
0005
0007
0006
0007
0035
0030
0030
0031
002C
0037
002F
002E
0016
0016
0016
0015
0012
0012
0012
0012
006A
0061
0066
0066
0064
0069
0069
0066
0007
0005
0006
0005
0006
0005
0005
0006
0027
0028
0033
0033
0030
002B
0029
002D
0011
0013
0011
000E
0010
0010
000F
000E
0002
0002
0002
0002
0002
0002
0002
0002
0007
0005
0006
0007
0007
0005
0006
0007
0046
0046
003B
0039
004A
0044
0042
0040
0046
0047
0041
0049
004C
0046
0041
0045
000A
000B
000A
000C
000A
000B
0008
000A
0044
0046
0041
0046
0044
0042
0046
0038
003C
0041
0041
003F
003F
003A
0042
0046
0059
0059
005C
005E
0059
005C
005A
005C
0037
0042
0036
0039
003F
0036
0039
0038
