(128, 1)
0003
0002
0003
0001
0003
0001
0003
0001
0025
001B
001E
001F
0020
0017
001F
0020
0000
0001
0000
0000
0003
0002
0000
0000
0004
0003
0003
0003
0003
0003
0003
0003
0003
0002
0002
0003
0003
0004
0002
0004
0018
001E
0024
0014
001B
001E
0020
001D
0029
0038
0039
0037
002E
0031
0038
003D
0018
0018
0012
0010
0018
0018
0017
0009
0034
0031
0028
002F
0034
0033
0029
0028
0036
003C
0038
0041
003B
0039
0039
0039
0001
0002
0002
0001
0002
0000
0002
0001
000F
000C
000B
000D
000C
000E
000E
000D
002B
002F
002B
0030
002E
002C
0034
002B
000E
0009
000B
000F
000D
000E
000D
000F
0002
0001
0001
0001
0002
0001
0001
0002
0002
0002
0004
0002
0003
0001
0004
0001
