(128, 1)
0000
0000
0000
0000
0000
0000
0000
0000
0029
0022
0028
0021
0028
0025
002D
002C
0000
0001
0001
0000
0005
0002
0000
0000
000A
000D
000C
000D
0008
000D
000B
000D
0000
0000
0000
0000
0000
0000
0000
0000
0007
0009
0008
0006
0006
0005
0008
0004
000D
000B
000F
000D
000C
000B
0010
000B
0020
0020
001A
0017
0025
0022
001F
000F
000E
000E
0010
000F
000F
000F
000D
000E
003E
003F
003D
0041
0039
0041
0035
0039
0000
0000
0000
0000
0000
0000
0000
0000
0049
0041
004A
0054
004A
0045
004B
0050
0033
002F
0039
0035
0031
0034
003B
0035
0068
006A
0069
0069
0065
006B
0068
0067
0008
0005
0007
0008
0008
0005
0005
0009
0001
0002
0002
0001
0002
0001
0002
0001
