(128, 1)
0005
0005
0005
0006
0004
0007
0006
0007
0034
0031
002F
0031
002C
0037
002F
002E
0016
0016
0017
0015
0013
0011
0012
0013
0069
0062
0067
0066
0065
0069
0068
0066
0007
0005
0006
0005
0006
0005
0005
0006
0029
0028
0033
0033
0031
002C
002A
002E
0011
0013
0011
000E
0011
0011
000F
000E
0002
0002
0002
0002
0002
0002
0002
0002
0007
0005
0006
0008
0007
0005
0006
0007
0047
0046
003B
0039
004A
0043
0042
003F
0046
0046
0042
0049
004C
0047
0041
0044
0009
000B
000A
000C
000A
000B
0008
000A
0045
0045
0041
0046
0045
0043
0044
0037
003C
0043
0042
003F
0040
003A
0043
0046
0059
0059
005B
005E
0059
005C
005B
005D
0037
0041
0036
003A
003F
0038
0038
0038
