(128, 1)
0033
002F
002F
0039
0024
0032
0030
0040
006D
006E
006D
0067
0068
006F
006A
0065
0002
0003
0000
0002
0000
0002
0000
0002
001F
0012
0020
0019
0012
0018
000F
0022
0040
004A
003E
003E
0045
0045
0046
0047
0022
0023
0038
002D
0029
001D
002D
0034
0076
0073
0076
0076
0073
0074
0074
0076
0028
002A
0026
0014
001A
0020
001A
0019
0063
006B
0064
005F
0062
0065
0062
0060
000A
0005
0006
0004
0005
0006
0004
0008
0076
0076
0075
0077
0076
0077
0073
0074
0075
0076
0078
0077
0075
0076
0075
0075
0047
004F
004B
0039
0040
0048
004B
003C
000B
000E
0010
0014
000D
0013
000E
0018
005D
0068
0068
006B
0065
006A
0068
0066
0055
0054
003C
003F
0051
003E
0035
0031
