(128, 1)
0007
0007
0006
0006
0004
0007
0004
0008
0010
000E
0010
000B
000F
0015
000E
000E
0000
0001
0000
0000
0000
0000
0000
0000
0017
000C
0017
0011
000D
0012
0009
0016
0001
0002
0001
0001
0001
0001
0001
0001
0008
000A
0010
000F
000D
0009
0011
0011
003E
0047
0048
0047
0045
0042
004F
0041
0023
002A
002B
0014
0019
001F
0017
0018
004F
0056
0050
0054
004E
0052
004F
004B
0007
0002
0004
0002
0003
0003
0002
0005
0027
0026
0026
0026
002A
0026
0020
0028
006A
0061
0065
0068
0064
0063
0064
006A
0047
004D
004D
0038
0040
0043
004D
003D
0006
0008
000A
000A
000A
000B
0009
0011
000B
0009
0009
000B
0009
0009
0008
000B
003F
0045
0030
0034
0040
0031
002B
0026
