(128, 1)
0007
0006
0005
0007
0004
0006
0005
0008
0010
000E
0012
000D
000F
0013
000F
000D
0000
0001
0000
0000
0000
0000
0000
0000
0018
000D
0017
0011
000D
0011
0009
0017
0001
0001
0001
0001
0001
0001
0001
0001
0008
000A
0010
000D
000E
0008
0011
0010
003D
0047
0048
0046
0043
0043
004E
0042
0023
0028
002B
0015
0018
0020
0019
0019
0050
0056
0052
0054
004F
0050
004F
004D
0007
0003
0004
0002
0003
0003
0002
0005
0027
0025
0027
0026
002A
0025
0021
0026
0069
0061
0065
0069
0062
0065
0065
006A
004A
004D
004E
0037
003F
0045
004D
003B
0005
0009
000A
000A
000B
000B
0009
0011
000B
0009
000A
000C
0009
0009
0009
000A
003D
0042
002F
0036
003E
0031
002C
0029
