(128, 1)
0002
0003
0004
0001
0002
0001
0003
0002
002A
0020
0026
001C
0027
0026
002A
002A
0001
0002
0002
0001
0004
0002
0001
0001
0074
0077
0077
0076
0078
0077
0077
0077
0005
0004
0005
0005
0005
0005
0005
0005
0038
0040
0036
003B
0037
003A
003E
0030
004F
003D
0041
0044
0049
0047
003E
003C
000D
0008
0009
0007
000D
000A
000A
0006
0043
0045
0051
004B
0045
0042
004F
0051
003C
003C
003C
0038
003A
003A
0038
0040
0002
0002
0002
0003
0004
0001
0003
0002
004C
0042
004C
0057
004A
0045
004B
0055
0029
0027
002E
002A
002E
002E
0030
002C
006F
0073
0072
006F
006F
0070
0070
006E
0008
0005
0009
000A
0009
0005
0005
0009
0001
0002
0002
0001
0003
0001
0002
0002
