(128, 1)
0005
0005
0005
0006
0004
0007
0005
0007
0035
0031
002F
0031
002D
0037
002F
002E
0016
0016
0016
0015
0013
0011
0012
0012
0069
0061
0066
0067
0064
0069
0069
0066
0007
0005
0006
0005
0006
0005
0005
0006
0027
0028
0033
0033
0030
002C
002A
002E
0011
0013
0011
000E
0010
0011
000F
000E
0002
0002
0002
0002
0002
0002
0002
0002
0007
0005
0006
0007
0006
0005
0006
0006
0045
0047
003B
003B
004A
0043
0043
003F
0045
0047
0041
0049
004D
0047
0041
0044
0009
000B
000A
000C
000A
000B
0008
000A
0044
0045
0041
0045
0044
0042
0046
0038
003C
0042
0042
003F
003F
003A
0043
0046
0059
0058
005C
005F
0058
005C
005B
005D
0037
0040
0038
0039
003E
0037
0039
0039
