(128, 1)
0005
0005
0007
0002
0005
0002
0006
0003
004C
003B
0047
003E
0045
003F
004E
0049
0001
0003
0002
0001
0007
0004
0001
0001
0078
007A
007A
007A
007A
007A
007A
007B
0008
0007
0007
0009
0008
0009
0007
0009
0050
005E
005D
0050
0052
0057
005F
004E
0078
0078
0078
0078
0079
0079
0077
0079
0025
0022
001B
0016
0026
0024
0020
000D
0078
0078
0079
0079
0078
0076
0077
007B
0075
0077
0077
0077
0077
0073
0073
0077
0003
0004
0004
0004
0006
0001
0005
0003
005C
004D
0059
0064
0056
0051
0059
0062
0054
0054
005A
005C
005D
0058
0064
0054
007D
007C
007D
007D
007C
007D
007D
007D
0009
0007
000A
000B
000B
0006
0006
000C
0003
0004
0006
0003
0006
0003
0006
0002
