(128, 1)
0005
0005
0007
0002
0005
0002
0006
0002
004C
003D
0046
003D
0045
003D
004D
0048
0001
0003
0002
0001
0006
0004
0001
0001
0078
007A
007A
007A
007B
007A
007A
007B
0008
0007
0007
0009
0008
0009
0007
0008
0051
005E
005E
004F
0054
0055
0060
004D
0078
0078
0078
0078
0079
0079
0077
0079
0024
0022
001B
0017
0026
0023
0020
000E
0079
0078
0079
0079
0078
0076
0077
007A
0075
0077
0076
0077
0077
0073
0073
0077
0003
0004
0004
0004
0006
0001
0004
0003
005D
004D
0056
0065
0056
0050
0056
005E
0054
0053
005B
005B
005C
0058
0064
0057
007D
007C
007D
007D
007C
007D
007D
007D
000A
0007
0008
000B
000A
0006
0007
000B
0004
0004
0006
0003
0005
0003
0006
0002
