(128, 1)
0003
0002
0003
0001
0003
0001
0003
0001
0023
001B
001E
001F
001F
0018
0021
0020
0000
0001
0000
0000
0003
0002
0000
0000
0004
0003
0003
0003
0003
0003
0003
0003
0003
0002
0002
0003
0003
0004
0002
0003
0019
001E
0025
0015
001C
001C
0021
001D
002A
003B
0037
0035
002F
0032
0038
003C
0018
0019
0015
000F
0019
0019
0017
0009
0035
0032
0029
002D
0032
0033
0028
002C
0039
003B
0039
0040
003D
003A
0039
0038
0001
0002
0002
0001
0002
0000
0002
0001
000F
000C
000B
000D
000C
000C
000D
000D
002C
002F
002B
0031
0030
002A
0034
002A
000E
000A
000B
000E
000D
000D
000D
000F
0001
0001
0001
0001
0002
0001
0001
0001
0002
0002
0004
0002
0003
0001
0004
0001
