(128, 1)
0002
0003
0004
0001
0002
0001
0003
0002
002C
0021
0025
001C
0025
0026
002B
0029
0001
0002
0002
0001
0004
0002
0001
0001
0074
0077
0077
0077
0077
0077
0077
0078
0005
0004
0005
0006
0005
0006
0005
0005
0038
003E
0037
003A
0037
003B
003F
0032
004E
003D
0041
0044
004B
0047
003D
003E
000D
0009
0008
0007
000E
000A
0009
0006
0043
0047
0050
004B
0044
0043
004E
0050
003D
003C
003C
0038
003B
003A
003A
003E
0002
0002
0002
0003
0004
0001
0003
0002
004A
0041
004F
0055
0049
0046
004C
0053
0029
0027
002E
0028
002D
002D
0030
002B
006F
0073
0071
006F
006F
0070
0070
006E
0008
0005
0009
0009
0009
0005
0006
0009
0001
0002
0002
0001
0003
0001
0002
0002
