(128, 1)
0047
0037
0031
0040
0033
003A
003C
0038
004B
0045
0044
0044
0045
003E
0047
004F
0061
0061
005F
0067
0063
005C
0054
0061
001A
0021
001C
0020
0025
0020
0020
0023
0000
0000
0000
0000
0000
0000
0000
0000
0074
0071
0074
0072
0073
006F
0071
006E
0062
0059
005E
0056
0061
0057
0055
0060
0076
0075
0073
0071
0073
0070
0074
006F
001F
002B
0032
0038
0029
0029
002F
0030
0000
0000
0000
0000
0000
0000
0000
0000
0005
0005
0004
0005
0007
0005
0004
0003
0079
0078
0078
0079
0079
0077
0077
0079
0063
0061
005A
005B
0061
0064
0062
0062
0027
001D
0026
0023
001D
001E
001B
0022
0055
0056
0050
004C
0056
0051
0051
0053
0075
0071
0072
0072
0072
0076
0070
0073
