(128, 1)
0000
0000
0000
0000
0000
0000
0000
0000
0029
0023
002A
001F
0029
0028
002E
002C
0000
0002
0001
0000
0006
0003
0000
0000
000A
000D
000C
000D
0008
000D
000B
000D
0000
0000
0000
0000
0000
0000
0000
0000
0007
0009
0008
0006
0006
0005
0008
0004
000D
000B
000F
000E
000C
000A
0010
000C
001F
001D
0017
0013
0021
0021
001C
000B
0010
000E
0010
0010
000F
000F
000D
000E
003E
0040
003F
0040
0039
0041
0035
003A
0000
0000
0000
0000
0000
0000
0000
0000
004A
0045
004A
0055
0049
0042
004A
004E
0033
0031
0039
0038
0031
0033
003B
0034
0067
006A
006A
0068
0064
006B
0069
0067
0007
0005
0007
0009
0007
0004
0004
0009
0001
0001
0002
0001
0002
0000
0002
0000
