(128, 1)
0002
0003
0004
0001
0002
0001
0003
0002
002A
0021
0026
001D
0025
0027
002B
0029
0001
0002
0002
0001
0004
0002
0001
0001
0074
0076
0076
0077
0078
0078
0077
0078
0005
0004
0005
0006
0005
0005
0005
0005
0037
0040
0037
003B
0038
0038
003D
0031
004F
003F
003F
0043
004A
0047
003F
003C
000D
0009
0008
0006
000D
000A
0009
0005
0043
0045
0051
004A
0045
0043
004D
0051
003E
003B
003D
0036
003B
0039
0039
003F
0002
0002
0002
0003
0004
0001
0003
0002
004C
0043
004F
0056
004A
0044
004A
0055
0029
0027
002E
002A
002F
002C
0030
002C
006E
0073
0072
006E
006F
006F
0070
006F
0008
0006
0009
0009
0008
0005
0005
000A
0001
0002
0002
0001
0003
0002
0002
0002
