(128, 1)
0015
0013
0017
0017
0012
0018
0015
001C
0045
0048
004D
0042
0052
0050
0048
0041
002B
0035
002F
002B
002C
0034
002A
002A
0023
0029
0039
002E
0024
0029
0033
0024
0057
0050
0053
005B
0062
005E
004F
0054
0012
0011
0013
0013
0011
0011
0011
0012
004D
0051
0043
004D
0051
0051
004C
004C
0037
0029
0029
0035
0036
0031
0028
0031
0013
001B
0015
0012
0013
0016
0015
0013
003E
004D
0035
0034
0036
0038
0034
0033
0050
0057
004C
0042
0052
005D
004E
004A
0055
0054
005B
005B
0054
004F
0050
0058
0016
0019
0015
0012
0017
0017
0014
0017
0062
0067
0065
0068
005F
0066
0064
006F
002C
0029
003B
003C
002A
0038
0033
0030
0051
0052
0045
0050
0045
004B
004D
0048
