(128, 1)
0007
0007
0006
0006
0004
0006
0004
0009
0011
000D
0012
000D
000F
0015
000E
000D
0000
0001
0000
0000
0000
0000
0000
0000
0017
000B
0015
0011
000D
0010
000A
0016
0001
0001
0000
0000
0001
0001
0001
0001
0008
000A
0011
000E
000D
0009
0012
000F
003F
0047
0049
0044
0042
0043
0050
0041
0029
002A
0029
0014
0017
001C
0019
0019
0051
0057
0052
0054
004B
004F
0050
004A
0006
0002
0003
0001
0003
0005
0002
0005
0028
0026
0025
0025
0028
0022
0022
0028
006A
0060
0066
006A
0062
0062
0065
006A
0049
004D
004E
0037
0041
0044
004D
003F
0005
0007
0009
000B
0006
000A
0007
000E
000B
0008
000A
000C
0009
0008
0009
000B
0040
0046
0030
0035
0047
0031
002E
0028
