(128, 1)
0005
0005
0006
0002
0005
0002
0006
0003
004D
003D
0047
003D
0047
003E
004C
0048
0001
0003
0002
0001
0006
0004
0001
0001
0078
007A
007A
007A
007B
007A
007A
007B
0008
0006
0007
0009
0008
0009
0007
0009
0052
005F
005D
0050
0053
0056
005F
004E
0078
0078
0078
0078
0079
0079
0077
0079
0023
0021
001A
0015
0026
0023
0023
000D
0079
0078
0079
0079
0078
0076
0076
007A
0075
0077
0076
0078
0077
0073
0073
0077
0003
0004
0004
0003
0006
0001
0005
0003
005C
004D
0056
0065
0057
0050
0058
0062
0054
0056
0059
005B
005E
0058
0064
0056
007D
007C
007D
007D
007C
007D
007D
007D
000A
0007
0009
000B
000A
0006
0007
000B
0004
0004
0006
0003
0006
0003
0006
0002
