(128, 1)
0005
0005
0006
0002
0005
0002
0006
0003
004E
003C
0044
003C
0046
003E
004A
0049
0001
0003
0002
0001
0007
0003
0001
0001
0078
007A
007A
007A
007B
007A
007A
007B
0008
0006
0007
0009
0008
000A
0007
0008
0052
005E
005A
004E
0053
0056
005E
004F
0078
0078
0078
0078
0079
0079
0077
0079
0025
0022
001B
0016
0026
0023
0021
000E
0078
0078
0079
0079
0077
0076
0077
007A
0075
0077
0076
0077
0077
0073
0073
0077
0003
0004
0004
0004
0005
0001
0005
0003
005B
004A
0059
0064
0056
0054
0057
0060
0053
0056
005A
005A
005E
0058
0065
0057
007D
007C
007D
007D
007C
007D
007D
007D
000A
0006
000A
000A
000A
0006
0007
000B
0003
0005
0006
0003
0005
0002
0006
0003
