(128, 1)
0002
0003
0004
0001
0002
0001
0003
0002
0028
0023
0028
001D
0024
0026
002B
0029
0001
0002
0002
0001
0004
0002
0001
0001
0074
0077
0077
0077
0078
0077
0077
0078
0005
0004
0005
0005
0005
0006
0005
0006
0038
0040
0036
003B
0038
003A
003F
0031
0050
003F
0040
0044
004B
0048
003F
003D
000C
0009
0008
0007
000E
000A
000A
0006
0044
0045
0051
004B
0043
0043
004F
004F
003E
003C
003C
0037
003B
0039
003A
003F
0002
0002
0002
0003
0004
0001
0003
0002
004D
003F
004A
0058
0049
0043
004C
0053
0029
0027
002F
002A
002D
002E
0030
002C
006F
0072
0072
006F
006F
0070
0070
006E
0008
0005
0008
0009
0008
0006
0006
000A
0002
0002
0002
0001
0002
0001
0002
0001
