(128, 1)
0002
0003
0004
0001
0002
0001
0003
0002
0028
0022
0029
001D
0024
0027
002F
0029
0001
0002
0002
0001
0004
0002
0001
0001
0074
0076
0076
0077
0078
0076
0076
0078
0005
0004
0005
0007
0005
0005
0005
0005
0038
0041
0039
003C
0038
0038
003F
0032
004F
0040
003F
0041
004C
0049
003F
003B
000E
0009
0008
0006
000E
000A
0009
0005
0045
0047
0051
004A
0045
0043
004D
0053
003E
003B
003D
0036
003C
003A
003A
003E
0002
0002
0002
0002
0004
0001
0003
0002
004D
0042
004C
0057
004A
0044
0048
0055
002A
0027
002C
002C
002E
002C
0030
002A
006E
0073
0072
006E
006F
006F
0070
006F
0008
0006
0007
000A
0009
0005
0006
000A
0002
0002
0002
0001
0003
0001
0002
0001
