(128, 1)
0003
0002
0003
0001
0003
0001
0003
0001
0023
0019
001E
001F
0021
0017
0020
001F
0000
0001
0000
0000
0003
0002
0000
0000
0004
0003
0003
0003
0003
0003
0003
0004
0003
0003
0002
0003
0003
0004
0002
0003
0019
001E
0024
0015
001C
001E
0021
001D
0028
0039
0039
0035
002D
0032
0039
003D
0018
0019
0013
0010
0019
0019
0017
0009
0035
0032
0029
002F
0033
0033
0029
0029
0036
003B
0039
0041
003D
0039
0038
0039
0001
0002
0002
0001
0002
0000
0002
0001
000F
000C
000B
000E
000C
000D
000E
000D
002B
002F
002B
0030
002F
002C
0034
002B
000E
0009
000B
000F
000D
000E
000D
000F
0002
0001
0001
0001
0002
0001
0001
0002
0002
0002
0004
0002
0003
0001
0004
0001
