(128, 1)
0000
0000
0000
0000
0000
0000
0000
0000
0029
0023
002A
0020
002A
0025
002F
002D
0000
0002
0001
0000
0005
0003
0000
0000
000A
000D
000C
000D
0008
000D
000B
000D
0000
0000
0000
0000
0000
0000
0000
0000
0007
0009
0008
0006
0006
0005
0008
0004
000D
000C
000F
000E
000C
000A
0010
000C
001E
001E
0018
0013
0021
0020
001B
000B
000F
000F
0010
0010
000E
000F
000C
000D
003E
0040
003F
0040
0037
0042
0035
003A
0000
0000
0000
0000
0000
0000
0000
0000
004C
0043
004C
0055
0048
0043
004B
0050
0033
0031
003A
0037
0031
0034
003B
0035
0067
006A
006A
0069
0064
006B
0069
0068
0007
0005
0007
0009
0009
0004
0005
0009
0001
0001
0002
0001
0002
0000
0002
0000
