(128, 1)
0000
0000
0000
0000
0000
0000
0000
0000
002A
0022
0029
0021
002B
0026
002D
002D
0000
0002
0001
0000
0005
0002
0000
0000
000A
000C
000C
000D
0008
000D
000B
000D
0000
0000
0000
0000
0000
0000
0000
0000
0007
0009
0008
0006
0006
0005
0008
0004
000D
000C
000F
000D
000C
000B
0010
000C
001E
001E
0018
0013
0021
0020
001C
000C
000F
000E
0011
0010
000E
000F
000D
000E
003F
0041
003E
0040
0038
0042
0035
003A
0000
0000
0000
0000
0000
0000
0000
0000
0049
0042
004C
0055
0048
0043
004B
0051
0035
0031
0039
0036
0031
0034
003C
0035
0067
006A
0069
0069
0065
006B
0069
0067
0007
0004
0007
0008
0008
0005
0005
000A
0001
0002
0002
0001
0002
0000
0002
0001
