(128, 1)
0004
0004
0004
0005
0004
0006
0005
0006
0034
0032
0030
0031
002B
0036
002F
002D
0018
0017
0019
0016
0014
0012
0013
0014
006B
0063
0068
0068
0066
006A
006A
0068
0007
0005
0005
0005
0005
0005
0005
0006
0028
0028
0033
0035
0032
002C
002A
002F
0012
0015
0013
000F
0011
0012
0011
000F
0002
0002
0002
0002
0002
0002
0002
0002
0006
0005
0005
0007
0006
0004
0005
0006
0047
0047
003B
0039
004B
0045
0044
003F
0049
004A
0046
004C
0051
004B
0045
0048
0008
0009
0008
0009
0008
0008
0007
0008
0045
0047
0044
0047
0046
0043
0046
0038
003A
0041
0040
003E
003F
0038
0041
0044
005B
005B
005C
0060
005A
005D
005D
005F
003B
0043
003B
003D
0041
003A
003B
003B
