(128, 1)
002E
0037
0032
002F
0033
0029
002C
002A
0013
0013
0018
0012
0016
0018
0014
0013
0026
0026
0022
0028
0027
0022
0025
0023
0020
0025
0020
0026
001B
001F
0023
001F
0013
0019
0015
0019
0013
0016
0019
001C
0012
0017
0015
0014
0014
0016
0015
000A
0029
002A
0027
0030
0028
0021
002F
0026
0012
000D
000D
0011
000F
000F
000F
0012
003A
003C
003C
0036
003D
0048
003F
0040
000F
0013
0012
0010
0015
000F
0010
0012
0014
0011
0013
0012
0013
0012
0013
0013
002E
002C
002A
0024
002B
0036
0024
0023
0032
002C
0021
0030
0029
002E
0033
0029
0007
0004
0005
0005
0006
0007
0005
0004
000E
000A
000C
000A
000C
000C
000C
000D
0032
0034
0029
0034
0036
0035
003B
002C
