(128, 1)
0016
0010
0018
0015
0012
0016
0015
001C
0046
0049
004B
0042
0051
0051
004E
0048
002B
0031
002D
002A
002B
0030
002B
0029
0026
002A
0039
002E
0023
002C
002F
0022
0057
0051
0056
005A
005C
005F
004F
0052
0015
000F
0011
0012
000E
0010
0010
0011
004B
0054
0046
0050
0055
004F
0050
0051
0039
002C
0028
002F
0036
0035
002A
0033
0013
001C
0013
0012
0016
0015
0016
0012
003E
004B
0038
0039
0035
0036
0037
0037
004E
0055
0053
0042
0055
0058
0052
0049
0054
0052
005B
0057
0055
0054
0050
0057
0013
0019
0013
0016
0016
0016
0014
0018
0063
0069
0066
0066
0065
0066
0063
006C
0028
002A
0037
0040
002A
0037
0034
002C
0055
0050
004C
0051
0044
0049
004B
0047
