(128, 1)
0005
0005
0007
0002
0004
0002
0006
0003
004E
003B
0043
003B
0046
003D
004B
0049
0001
0002
0002
0001
0007
0003
0001
0001
0078
007A
007A
007A
007B
007A
007A
007B
0008
0006
0007
0008
0008
0009
0007
0009
0051
005F
005A
0050
0053
0055
005F
004D
0078
0078
0078
0079
0079
0079
0077
0079
0024
0022
001D
0016
0026
0023
0021
000F
0078
0078
0079
0079
0078
0076
0076
007A
0074
0077
0076
0077
0077
0073
0073
0077
0003
0004
0004
0004
0006
0001
0005
0003
005B
004C
0059
0064
0056
0051
0059
0062
0054
0056
0059
005A
005C
005A
0064
0057
007D
007C
007D
007D
007C
007D
007D
007D
000A
0006
0009
000A
000A
0006
0007
000C
0003
0005
0006
0003
0006
0002
0006
0003
