(128, 1)
0005
0005
0005
0006
0005
0007
0005
0007
0036
002F
0030
0031
002C
0039
002F
002E
0016
0016
0016
0015
0012
0012
0012
0012
006A
0061
0066
0066
0065
0069
0069
0066
0007
0005
0006
0005
0006
0005
0005
0006
0028
0028
0033
0033
0031
002C
0029
002D
0010
0013
0012
000E
0010
0011
000F
000E
0002
0002
0002
0002
0002
0002
0002
0002
0007
0005
0006
0007
0007
0005
0006
0007
0047
0046
003C
003A
004A
0043
0041
003F
0047
0046
0042
0049
004C
0047
0041
0044
0009
000B
000A
000C
0009
000B
0008
000A
0045
0045
0041
0045
0046
0041
0046
0037
003B
0042
0042
003F
0040
003A
0042
0046
0059
0058
005B
005E
0058
005B
005B
005C
0038
0042
0038
0039
003F
0037
0039
0038
