(128, 1)
0005
0005
0007
0002
0005
0002
0006
0003
004E
003B
0043
003A
0047
003E
004B
0049
0001
0003
0002
0001
0007
0004
0001
0001
0078
007A
007A
007A
007B
007A
007A
007B
0008
0007
0007
0008
0008
000A
0007
0009
0051
005C
005B
0050
0053
0057
005F
004F
0078
0078
0078
0079
0079
0079
0076
0079
0023
0022
001C
0016
0027
0021
0022
000F
0078
0078
0079
0079
0077
0076
0077
007B
0074
0077
0076
0077
0077
0073
0073
0077
0003
0004
0004
0004
0006
0001
0005
0003
0059
004D
0057
0062
0056
0052
0057
0062
0056
0056
0059
005A
005D
0059
0065
0057
007D
007C
007D
007D
007C
007D
007D
007D
000A
0006
000A
000A
000A
0006
0006
000B
0004
0004
0006
0003
0006
0002
0006
0003
