(128, 1)
0002
0003
0004
0001
0002
0001
0003
0001
0029
0023
002A
001E
0025
0028
002C
002A
0001
0002
0002
0001
0004
0002
0001
0001
0074
0077
0077
0077
0078
0076
0077
0078
0005
0004
0005
0006
0005
0005
0005
0005
0037
0041
0038
003A
0039
0039
003F
0031
004F
0040
003F
0043
004C
0049
003F
003C
000D
0009
0008
0006
000E
000B
0009
0005
0045
0046
0052
004A
0045
0043
004E
0051
003F
003B
003E
0037
003C
0039
003B
003E
0002
0002
0002
0003
0004
0001
0003
0002
004C
0040
004C
0056
004A
0043
004A
0053
0029
0027
002E
002A
002F
002C
0030
002C
006F
0073
0071
006E
006F
0070
0070
006E
0008
0006
0008
000A
0008
0005
0006
000A
0002
0002
0002
0001
0003
0002
0002
0001
