(128, 1)
0005
0005
0005
0006
0004
0007
0006
0007
0036
0030
0030
0031
002C
0037
002F
002E
0016
0016
0016
0015
0013
0012
0012
0013
006A
0062
0068
0066
0064
0069
0068
0065
0007
0005
0006
0005
0006
0005
0005
0006
0029
0028
0034
0033
0030
002B
0029
002E
0011
0013
0011
000E
0011
0010
000E
000E
0002
0002
0002
0002
0002
0002
0002
0002
0007
0005
0006
0007
0007
0005
0006
0007
0046
0046
003B
0039
0049
0044
0042
003F
0045
0047
0042
004A
004B
0047
0041
0044
0009
000B
000B
000C
0009
000B
0008
000A
0045
0046
0041
0046
0044
0043
0045
0037
003C
0043
0043
003F
0040
003B
0044
0046
0059
0059
005B
005F
0059
005B
005B
005D
0037
0041
0036
0039
003E
0037
003A
0038
