(128, 1)
0002
0003
0004
0001
0002
0001
0003
0002
002A
0021
0027
001D
0027
0026
002C
0029
0001
0002
0002
0001
0004
0002
0001
0001
0074
0077
0077
0077
0078
0077
0077
0077
0005
0004
0005
0006
0005
0006
0005
0006
0038
003F
0037
003C
0037
0039
003E
0030
004E
003E
0041
0042
004B
0047
003F
003B
000D
0008
0008
0007
000E
000A
000A
0006
0042
0046
0051
004C
0045
0043
004D
0050
003E
003C
003C
0037
0039
003A
003A
0040
0002
0002
0002
0003
0004
0001
0003
0002
004C
0041
004C
0055
004C
0047
004A
0053
0029
0027
002D
002B
002D
002C
0032
002C
006E
0072
0072
006F
006F
006F
0070
006E
0008
0005
0008
0009
0009
0005
0006
0009
0001
0002
0002
0001
0003
0002
0002
0002
