(128, 1)
002E
0037
0031
0030
0033
0028
002E
002A
0014
0013
001B
0012
0016
0018
0012
0013
0026
0025
0022
0029
0026
0024
0026
0025
0020
0025
0020
0025
001A
001F
0022
0020
0013
001A
0015
0019
0013
0016
0019
001A
0011
0014
0017
0015
0014
0017
0014
000B
002C
0029
0027
0030
0029
0023
0031
0025
0011
000D
000D
0010
000F
000E
0010
0012
0037
0040
003A
0034
003F
0045
003D
0042
0010
0013
0010
0011
0015
0010
0011
0013
0013
0010
0013
0011
0013
0010
0015
0013
002D
002B
002C
0025
002C
0033
0024
0025
0035
002B
0023
002D
0029
002E
0035
002C
0007
0004
0005
0006
0005
0007
0004
0004
000E
0009
000D
000A
000C
000C
000C
000E
0032
0034
0029
0034
0035
0033
003B
002F
