(128, 1)
0035
0032
002F
003B
0024
0034
002F
003D
006B
006B
006E
0069
0069
006D
0069
0068
0000
0002
0000
0001
0000
0000
0000
0000
001F
0011
0023
0018
0013
001B
000F
001F
0047
0048
0044
0045
0049
0041
004C
0049
0028
002A
0044
0037
0034
0024
003D
0042
0076
0074
0074
0076
0075
0074
0074
0075
0021
002A
002B
0015
001A
0023
001A
001A
006D
006F
006F
006C
006A
0070
006D
006C
0009
0004
0005
0005
0004
0004
0004
0006
0077
0076
0077
0077
0076
0078
0074
0074
0074
0076
0077
0075
0075
0077
0075
0075
0051
0057
0054
0043
0048
0050
0058
0044
0008
000C
000E
000D
000E
0011
000D
0016
0064
006C
006D
006D
006A
006D
006C
006C
0054
0053
0041
0047
0051
0040
0037
0032
