(128, 1)
0005
0005
0005
0006
0005
0007
0006
0007
0035
0030
0030
0031
002E
0038
002F
002D
0016
0016
0016
0015
0012
0011
0012
0013
006A
0062
0067
0066
0064
0069
0068
0066
0007
0005
0006
0005
0006
0005
0005
0006
0029
0028
0032
0032
0031
002B
0029
002E
0011
0013
0012
000E
0010
0011
000F
000E
0002
0002
0002
0002
0002
0002
0002
0002
0006
0005
0006
0007
0007
0005
0006
0007
0047
0047
003B
0039
004A
0045
0042
003F
0045
0048
0042
0049
004D
0047
0041
0045
0009
000B
000B
000B
0009
000B
0008
0009
0044
0045
0042
0046
0043
0041
0046
0038
003D
0043
0042
003F
003F
003B
0041
0046
0058
0058
005B
005E
0059
005B
005B
005C
0038
0042
0037
0039
003F
0037
0039
0039
