(128, 1)
0002
0003
0004
0001
0002
0001
0003
0002
002A
0021
0026
001C
0025
0026
002B
0029
0001
0002
0002
0001
0004
0002
0001
0001
0074
0077
0077
0077
0078
0077
0077
0078
0005
0004
0005
0006
0005
0006
0005
0005
0037
003F
0037
003C
0038
003A
003E
0031
004F
003F
0040
0042
004B
0048
003F
003C
000E
0009
0008
0007
000D
000A
0009
0006
0044
0045
0050
004B
0046
0043
004D
0050
003D
003C
003C
0036
003B
0039
0039
0040
0002
0002
0002
0003
0004
0001
0003
0002
004C
0041
004F
0055
004A
0045
0049
0053
0029
0027
002D
002A
002E
002C
0031
002C
006F
0073
0072
006F
006E
006F
0070
006D
0008
0005
0008
000A
0009
0006
0006
0009
0002
0002
0002
0001
0003
0002
0002
0002
