(128, 1)
0002
0002
0002
0002
0001
0002
0002
0003
0015
0014
0010
000F
0014
0018
0010
0011
0005
0008
0006
0005
0006
0005
0003
0005
000F
000D
0011
000C
000A
000D
000C
000F
0003
0003
0002
0002
0002
0002
0003
0003
0007
0008
000C
0008
0008
0009
000A
000A
0028
002A
0023
0026
0028
0027
002B
0023
001E
001C
001A
0013
0015
0016
0011
0018
0018
0019
0016
0016
0012
0015
0015
0013
0009
0007
0008
0007
0007
000C
000A
0008
0021
0020
0020
0020
0021
0022
001C
0023
003F
0036
0038
003A
0032
0033
0031
0036
0020
0022
0022
0017
001C
001D
001B
001C
0018
001D
0026
0023
0020
0024
001B
0025
0009
000A
000B
000C
000A
000C
000B
000B
002E
0033
0026
0027
002D
0027
0022
001E
