(128, 1)
0005
0005
0005
0006
0005
0007
0006
0007
0034
0031
0030
0031
002D
0037
0030
002E
0016
0016
0017
0015
0013
0011
0012
0013
006A
0062
0066
0066
0065
0069
0068
0066
0007
0005
0006
0005
0006
0005
0005
0006
0028
0027
0032
0032
0031
002D
0029
002E
0011
0013
0011
000E
0010
0011
000E
000E
0002
0002
0002
0002
0002
0002
0002
0002
0007
0005
0006
0008
0007
0005
0006
0006
0046
0046
003D
003A
004A
0043
0043
003F
0045
0047
0042
0049
004C
0046
0041
0044
0009
000B
000A
000C
000A
000B
0009
000A
0044
0044
0042
0046
0044
0043
0045
0037
003C
0042
0043
003F
003F
003A
0042
0045
0059
0059
005B
005E
0059
005B
005A
005D
0037
0041
0036
0039
003F
0038
0039
0038
