(128, 1)
0017
0010
0019
0015
0013
0015
0015
001B
0046
0048
004B
0043
0052
0052
004E
0049
002E
0032
002D
002B
002C
0030
002B
0029
0025
002A
0039
002F
0022
002B
002E
0023
0058
0050
0057
005B
005B
005F
004D
0052
0016
000F
0011
0011
000E
0011
0011
0011
004B
0054
0047
0050
0056
004F
004F
0052
0039
002D
0028
002D
0036
0036
002A
0033
0013
001C
0014
0012
0016
0015
0016
0012
003F
004B
0038
003A
0035
0035
0037
0038
004D
0055
0053
0042
0056
0058
0053
0048
0051
0052
005B
0056
0056
0054
004F
0057
0012
0019
0013
0017
0017
0016
0014
0017
0062
0068
0066
0066
0065
0067
0063
006D
0028
002A
0036
0040
002B
0037
0035
002C
0056
0051
004B
0050
0043
0047
004B
0046
