(128, 1)
0015
0012
0017
0017
0012
0019
0015
001C
0046
004B
004E
0041
0052
0050
0048
0043
002B
0034
0031
002B
002D
0032
0029
002A
0022
002A
0039
002F
0024
0029
0032
0022
0057
0050
0054
005B
0062
005F
0050
0054
0013
0012
0013
0013
0011
0011
0011
0012
004C
0051
0043
004D
0053
0051
004C
004D
0037
002A
0029
0034
0037
0032
0027
0031
0013
001C
0015
0012
0013
0016
0014
0013
0040
004E
0036
0034
0035
0038
0035
0036
004C
0057
004C
0043
0052
005D
004F
0049
0055
0053
005B
0059
0052
004F
0051
0058
0016
0019
0015
0012
0016
0017
0015
0019
0062
0066
0065
0067
005F
0066
0064
006F
002C
002B
003B
003D
0029
0038
0034
002F
0052
0053
0045
0051
0044
0049
004C
0047
