(128, 1)
0016
0011
0019
0015
0011
0017
0016
001B
0049
0047
004B
0043
0055
0051
004B
0046
002B
0032
002D
002B
002C
0032
002B
0029
0025
0029
0039
002C
0024
002C
002F
0023
0056
0051
0057
005A
005D
005F
004F
0053
0015
000F
0012
0012
000F
0010
0010
0011
004C
0053
0044
004E
0055
004E
0050
0050
0039
002C
0028
0031
0035
0032
002A
0032
0012
001C
0014
0013
0015
0015
0016
0012
003F
004C
0036
0039
0036
0036
0036
0036
004F
0055
0051
0042
0054
0058
004F
004B
0054
0055
005A
0058
0055
0054
004F
0056
0014
0019
0015
0015
0017
0016
0014
0018
0062
0069
0066
0066
0062
0067
0064
006D
0028
002B
0037
003F
002D
0039
0033
002E
0055
0051
004A
0051
0044
0049
004B
0046
