(128, 1)
0008
0006
0005
0007
0005
0006
0004
0007
000F
000D
0013
000D
000E
0012
0010
000D
0000
0001
0000
0000
0000
0000
0000
0000
0018
000E
0018
0011
000D
0013
000B
0015
0001
0001
0001
0001
0001
0001
0001
0001
0008
000A
0011
000E
000D
0008
0012
000F
003E
0047
0049
0047
0043
0045
004E
0043
0021
0028
002B
0014
0019
0020
0018
0018
0053
0058
0054
0051
004F
0050
004F
004E
0007
0003
0003
0002
0003
0004
0002
0005
0027
0025
0027
0026
0029
0024
0024
0025
0069
0062
0065
0069
0063
0065
0066
006A
004A
004D
004D
0038
0040
0047
004D
003E
0006
0009
0009
000A
000A
000C
0008
0012
000B
0009
000A
000D
0009
0009
000A
000A
003F
0040
002E
0039
003C
0030
002B
002A
