(128, 1)
0005
0005
0007
0002
0005
0002
0006
0003
004E
003C
0046
003C
0046
003E
004D
0049
0001
0003
0002
0001
0006
0003
0001
0001
0078
007A
007A
0079
007B
007A
007A
007B
0008
0006
0007
0009
0008
000A
0007
0008
0053
005E
005B
004F
0053
0056
0060
0050
0078
0078
0078
0078
0079
0079
0077
0079
0025
0022
001B
0016
0026
0023
0020
000E
0078
0078
0079
0079
0078
0076
0077
007A
0075
0077
0076
0077
0077
0073
0073
0077
0003
0004
0004
0004
0006
0001
0005
0003
005C
004E
005A
0064
0057
0052
0059
0062
0054
0056
0059
005B
005E
0057
0065
0056
007D
007C
007D
007D
007C
007D
007D
007D
000A
0007
000A
000A
000B
0006
0007
000B
0003
0005
0006
0003
0006
0003
0006
0003
