(128, 1)
0005
0005
0005
0006
0005
0007
0006
0007
0034
0032
0030
0031
002C
0037
002F
002D
0017
0016
0016
0015
0013
0011
0012
0013
006A
0062
0067
0067
0064
0069
0069
0066
0007
0005
0006
0005
0006
0005
0005
0006
0028
0028
0033
0034
0031
002B
0029
002E
0010
0013
0012
000E
0010
0011
000F
000E
0002
0002
0002
0002
0002
0002
0002
0002
0007
0005
0006
0007
0007
0005
0006
0007
0046
0046
003C
0038
004A
0045
0042
003F
0045
0047
0043
004A
004C
0047
0041
0044
0009
000B
000A
000B
0009
000B
0008
000A
0045
0045
0042
0045
0044
0042
0045
0038
003C
0043
0043
003F
003F
003A
0043
0045
0058
005A
005C
005F
0059
005B
005A
005C
0037
0041
0036
0039
003F
0037
0039
0038
