(128, 1)
0009
0008
000A
000B
0005
000B
0009
000E
003D
0040
0045
0034
0044
0046
003D
0034
0000
0001
0000
0000
0000
0001
0000
0000
0009
0006
000D
0009
0007
0009
0006
0009
002E
0036
002B
0030
003C
0034
0030
0035
0007
0007
000D
000A
0009
0005
000B
000B
0049
0049
003D
0049
004B
004A
0046
0046
0014
0010
000F
0009
000C
000C
0009
000B
0013
001A
0015
0011
0012
0014
0013
0012
0005
0003
0002
0002
0002
0003
0002
0003
004B
0051
0048
0040
004D
0057
0049
0047
0050
004E
0056
0055
004C
004A
0049
0052
0010
0014
0010
000B
000E
000F
0011
000F
0006
0009
000A
000B
0008
000B
0009
0012
0023
0025
0034
0035
0026
0032
002B
002A
003A
003C
0026
0028
0032
0028
0024
001D
