(128, 1)
0015
0013
0018
0017
0012
001A
0015
001C
0049
0049
004E
0041
0055
004F
0046
0040
002A
0034
002E
002C
002C
0034
0029
0029
0024
0029
003B
002B
0024
0029
0033
0020
0057
0050
0055
005B
0062
005D
0051
0056
0013
0011
0014
0012
0011
000F
0010
0012
004F
0051
0040
004D
0051
0051
004E
004A
0037
0029
0028
0037
0036
002F
0029
002F
0012
001B
0015
0013
0012
0015
0016
0013
003E
004E
0036
0034
0037
0038
0033
0032
0050
0055
004C
0042
0053
005B
004C
004C
0057
0056
005A
005B
0052
0050
0050
0056
0015
0019
0015
0012
0016
0016
0016
0019
0061
0069
0064
0066
005F
0064
0067
006E
002B
002C
003A
003D
002E
003B
0031
0032
0052
0050
0048
004D
0044
004C
004A
0047
