(128, 1)
0002
0003
0004
0001
0002
0001
0003
0002
002B
0020
0025
001B
0026
0027
002A
0029
0001
0002
0002
0001
0004
0002
0001
0001
0074
0077
0076
0077
0078
0077
0077
0078
0005
0004
0005
0006
0005
0005
0004
0005
0039
003E
0035
003B
0037
003A
003F
0032
004E
003D
0040
0044
004B
0046
003D
003D
000C
0009
0008
0007
000E
0009
000A
0006
0043
0046
0050
004B
0043
0043
004F
0051
003C
003C
003C
0038
003B
003A
0039
0040
0002
0002
0002
0003
0004
0001
0003
0002
0049
0042
004E
0057
0048
0046
004C
0054
0029
0028
002D
0028
002D
002E
002F
002B
006E
0072
0071
006F
006F
0070
0070
006E
0009
0005
0009
000A
0009
0005
0005
0008
0001
0002
0002
0002
0003
0001
0002
0002
