(128, 1)
0030
0039
002D
0036
002F
0029
002F
002E
0015
0018
0018
0017
0017
0016
000E
0014
0020
0020
0023
002E
0028
0024
002A
002D
0026
0028
0022
0021
001A
001D
0022
001C
0015
001E
0014
0015
0011
0012
0019
001B
0011
000E
001A
0011
0016
0012
0011
0010
002C
0025
0028
0033
0021
0026
0038
0024
0010
000F
0011
000C
000D
0010
000E
0015
0033
0047
0032
0031
0043
003C
003B
0048
000D
0011
0010
0015
001B
0014
0011
0016
0012
0012
0013
000C
0013
0010
0019
0015
0025
0028
0033
0022
0033
002E
0027
0025
003B
002E
002A
0026
002B
0034
0037
0030
0006
0002
0004
0006
0008
0007
0004
0006
000F
000D
0011
000D
000A
000C
000B
000E
0035
002D
0028
0033
002D
0031
0038
0037
