(128, 1)
0016
0012
0018
0016
0013
0018
0015
001D
0044
0049
004D
0044
0052
004F
004B
0046
002C
0033
002E
002C
002D
0032
002A
002A
0023
002A
0038
0030
0024
0028
0030
0024
0057
004F
0054
005B
0060
005F
004F
0053
0013
0011
0012
0013
0010
0011
0012
0011
004C
0052
0044
004E
0054
004F
004D
004D
0037
002A
0029
0033
0036
0033
0029
0032
0013
001B
0015
0012
0014
0015
0014
0013
0040
004C
0036
0035
0036
0038
0035
0035
004C
0056
004E
0043
0051
005B
004F
0048
0054
0053
005B
0059
0055
004E
0051
005A
0015
0018
0015
0013
0017
0017
0014
0018
0063
0068
0066
0066
0061
0066
0063
006E
002C
0029
003A
003E
0029
0038
0035
002F
0053
0052
0047
0050
0042
0049
004D
0048
