(128, 1)
0005
0005
0007
0002
0005
0002
0006
0003
004C
003A
0045
003D
0046
003D
004A
004A
0001
0003
0002
0001
0006
0004
0001
0001
0078
007A
007A
0079
007B
007A
007A
007B
0008
0006
0007
0008
0008
0009
0006
0008
0050
005F
005B
004F
0053
0056
005F
004F
0078
0078
0078
0078
0079
0079
0077
0079
0025
0023
001D
0017
0026
0023
0021
000E
0078
0078
0079
0079
0078
0076
0077
007B
0075
0077
0076
0077
0077
0073
0073
0077
0003
0004
0004
0004
0005
0001
0005
0003
005D
004D
0057
0064
0056
0051
0059
0060
0056
0055
005A
0059
005C
0058
0064
0057
007D
007C
007D
007D
007C
007D
007D
007D
000A
0006
000A
000A
000A
0007
0005
000B
0004
0004
0006
0003
0006
0003
0006
0003
