(128, 1)
0007
0006
0005
0007
0005
0006
0005
0008
0010
000D
0012
000D
000F
0013
0011
000D
0000
0001
0000
0000
0000
0000
0000
0000
0018
000B
0016
0011
000D
0011
000A
0016
0001
0001
0001
0001
0001
0001
0001
0001
0008
0009
0010
000D
000D
0008
0012
000E
003D
0048
0048
0045
0044
0045
004F
0041
0026
0028
0029
0013
001A
001F
0017
0017
0051
0058
0055
0053
004E
004F
0050
004D
0007
0002
0004
0002
0003
0004
0003
0005
0027
0024
0027
0026
002A
0023
0024
0026
0069
0060
0065
006A
0063
0064
0066
0069
0049
004E
004D
0038
003E
0045
004D
003C
0005
0008
0009
000B
0007
000A
0008
0010
000B
0009
000A
000E
000A
0008
000A
000A
0041
0043
002E
0036
0042
002F
002E
0028
