(128, 1)
0005
0005
0007
0002
0005
0002
0006
0002
004D
003C
0046
003C
0045
003F
004D
004A
0001
0003
0002
0001
0007
0004
0001
0001
0078
007A
007A
007A
007B
007A
007A
007B
0008
0007
0007
0009
0008
000A
0007
0008
0051
005F
005D
004E
0054
0057
005D
004D
0078
0078
0078
0078
0079
0079
0077
0079
0025
0022
001C
0015
0027
0021
0021
000E
0079
0078
0079
0079
0078
0076
0077
007B
0075
0077
0076
0077
0077
0073
0073
0077
0003
0004
0004
0004
0006
0001
0005
0003
005B
004F
0058
0063
0056
004F
0056
0060
0056
0057
005A
005C
005D
0056
0065
0056
007D
007C
007D
007D
007C
007D
007D
007D
0009
0007
0009
000B
000B
0006
0006
000B
0004
0004
0006
0003
0006
0002
0006
0002
