(128, 1)
0015
0012
0018
0016
0011
0019
0015
001B
0047
0048
004D
0041
0055
0050
0048
0041
002A
0034
002E
002C
002C
0033
0029
0029
0024
0029
003A
002C
0024
002A
0033
0022
0056
0050
0055
005B
0061
005D
0050
0055
0013
0010
0013
0012
0011
0010
0010
0011
004F
0051
0041
004E
0053
0050
004E
004D
0039
002A
0028
0036
0036
0031
0029
0031
0013
001B
0015
0013
0013
0015
0015
0013
0040
004D
0036
0037
0036
0037
0034
0033
0050
0055
004E
0042
0055
005B
004E
004C
0056
0054
005A
005A
0054
0052
0050
0056
0015
0019
0015
0012
0017
0016
0015
0019
0060
0068
0066
0066
0060
0065
0065
006E
002C
002B
003A
003C
002D
003A
0032
0032
0053
0052
0049
004F
0045
004C
004B
0048
