(128, 1)
0007
0007
0006
0006
0004
0006
0004
0008
0010
000E
0010
000B
000F
0015
000E
000E
0000
0001
0000
0000
0000
0000
0000
0000
0018
000C
0017
0011
000D
0012
000A
0016
0001
0002
0001
0001
0001
0001
0001
0001
0008
000A
0010
000E
000D
0009
0011
0010
003F
0047
0046
0046
0043
0042
0050
0041
0023
002A
002A
0015
0019
001F
0017
0018
0050
0056
0051
0054
004E
0051
004F
004C
0007
0003
0004
0002
0003
0004
0002
0005
0027
0027
0026
0026
002A
0025
0020
0028
006A
0061
0066
0069
0064
0063
0065
006A
0046
004D
004E
0038
0041
0043
004C
003E
0006
0009
000A
000A
000A
000A
0009
0010
000B
0008
000A
000B
0009
0009
0008
000B
003F
0043
0030
0035
0040
0032
002B
0027
