(128, 1)
0002
0003
0004
0001
0002
0001
0003
0002
0029
0021
0027
001D
0027
0027
002A
002A
0001
0002
0002
0001
0003
0002
0001
0001
0074
0077
0077
0076
0078
0077
0077
0078
0005
0004
0005
0006
0005
0005
0005
0005
0038
0040
0038
003C
0037
003A
003C
0031
0050
003E
0041
0044
004C
0047
003F
003D
000D
0009
0008
0007
000E
000A
000A
0006
0043
0046
0051
004B
0046
0043
004F
0050
003E
003C
003D
0037
003A
003A
003A
003F
0002
0002
0002
0003
0004
0001
0003
0002
004D
003F
004C
0057
0047
0045
004B
0055
0028
0027
002F
002A
002F
002F
0030
002C
006F
0072
0072
006F
006F
0070
0070
006E
0008
0005
0008
000A
0008
0005
0006
000A
0001
0002
0002
0002
0003
0001
0002
0002
