(128, 1)
0009
0008
000A
000B
0005
000B
0009
000D
003B
0042
0046
0035
0044
0045
003C
0034
0000
0002
0000
0000
0001
0001
0000
0000
000A
0005
000D
000A
0007
0008
0007
0009
002E
0036
0029
002E
003F
0033
0030
0036
0008
0007
000F
000B
0009
0005
000B
000B
004A
0049
003B
0046
004A
0049
0044
0045
0016
0011
000E
0009
000B
000C
0009
000B
0013
001A
0015
0012
0011
0014
0014
0014
0004
0002
0003
0001
0002
0003
0002
0003
004C
0051
0047
0040
004C
0059
0047
0047
0050
004E
0055
0056
004C
0048
004B
0053
0010
0014
0010
000B
000F
000E
0012
0010
0006
0008
000A
000C
0006
000B
0009
0010
0025
0025
0036
0034
0026
0030
002B
002B
0039
003D
0026
0029
0031
0027
0026
001C
