(128, 1)
0000
0000
0000
0000
0000
0000
0000
0000
002A
0023
0029
0021
002B
0025
002F
002E
0000
0002
0001
0000
0006
0003
0000
0000
000A
000D
000C
000D
0008
000D
000B
000D
0000
0000
0000
0000
0000
0000
0000
0000
0007
0008
0008
0006
0006
0006
0008
0004
000D
000B
000F
000D
000C
000B
0010
000C
001F
001E
0018
0012
0021
001F
001C
000B
000F
000F
0010
0010
000E
000F
000D
000E
003F
0040
003F
0040
0037
0043
0036
0039
0000
0000
0000
0000
0000
0000
0000
0000
004B
0043
004C
0056
0048
0043
004A
0050
0034
0030
0039
0037
0031
0035
003B
0035
0067
006A
0069
0069
0064
006B
0069
0068
0007
0004
0007
0009
0008
0004
0004
0009
0001
0001
0002
0001
0002
0000
0002
0001
