(128, 1)
0007
0007
0005
0006
0004
0006
0004
0008
0011
000E
0011
000C
000F
0016
000E
000F
0000
0001
0000
0000
0000
0000
0000
0000
0016
000C
0017
0011
000D
0011
0009
0016
0001
0002
0001
0001
0001
0001
0001
0001
0008
0009
0010
000E
000C
0009
000F
000F
003F
0047
0046
0046
0045
0040
004F
0040
0022
0029
0029
0014
0018
0020
0019
0018
004F
0054
0050
0054
004D
0052
004E
004C
0008
0003
0004
0003
0003
0004
0003
0005
0027
0027
0026
0026
002A
0027
0021
002A
0069
0061
0065
0068
0063
0063
0064
006A
0044
0049
004A
0037
003D
0043
0049
003B
0006
0009
000A
000A
000A
000D
0009
0012
000B
000A
000A
000B
0009
000A
0008
000B
003C
0042
002F
0037
003F
0032
002A
0027
