(128, 1)
0003
0002
0003
0001
0002
0001
0003
0001
0024
0019
001D
001E
0020
0017
001F
0020
0000
0000
0000
0000
0003
0001
0000
0000
0004
0003
0003
0003
0003
0004
0003
0003
0003
0002
0002
0003
0003
0004
0002
0004
0019
001E
0024
0014
001B
001E
0020
001D
0029
0038
0039
0035
002D
0030
0036
003C
0018
001B
0015
0012
0019
0019
0018
000A
0033
0032
0028
002F
0033
0033
0029
0029
0036
003C
0039
0042
003C
003A
0038
0039
0001
0002
0002
0001
0002
0000
0002
0001
000E
000C
000B
000D
000C
000D
000E
000D
002A
002F
002B
002F
002F
002C
0033
002B
000F
0009
000B
000F
000D
000D
000D
000F
0002
0001
0001
0001
0002
0001
0001
0001
0002
0004
0004
0002
0003
0001
0004
0001
