(128, 1)
0003
0003
0003
0001
0002
0001
0003
0002
001F
0015
0019
001A
001C
0014
001B
001C
0000
0000
0000
0000
0002
0001
0000
0000
0004
0003
0003
0003
0002
0003
0003
0004
0004
0003
0002
0003
0003
0004
0002
0003
0018
001E
0026
0015
001A
001D
0022
001B
0024
0034
0033
002F
0028
002C
0033
0037
0022
0028
0022
001C
0024
0028
0025
0010
0039
0036
002C
0030
0035
0035
002C
002C
0039
003B
0039
0041
003D
0039
003A
003A
0001
0002
0002
0002
0002
0000
0002
0001
000C
0009
0009
000B
000B
0009
000B
000C
0029
002C
002A
002F
002F
0029
0033
0029
0010
000B
000E
0011
0010
0010
000F
0011
0002
0001
0001
0002
0002
0001
0001
0002
0002
0004
0004
0002
0003
0001
0004
0001
