(128, 1)
0005
0005
0005
0006
0004
0007
0006
0007
0035
0032
002F
0031
002C
0037
0031
002E
0016
0016
0016
0015
0012
0012
0012
0012
0069
0061
0068
0066
0065
0069
0069
0065
0007
0005
0006
0005
0006
0005
0005
0006
0027
0028
0034
0033
0031
002C
0029
002E
0011
0013
0012
000E
0010
0010
000F
000E
0002
0002
0002
0002
0002
0002
0002
0002
0007
0005
0006
0008
0007
0005
0006
0007
0047
0046
003B
003A
004A
0043
0042
003F
0046
0046
0042
0049
004C
0046
0041
0044
0009
000B
000A
000C
0009
000B
0008
000A
0045
0044
0041
0046
0044
0043
0045
0038
003B
0041
0042
003F
003F
003B
0042
0046
0059
0058
005B
005E
0058
005B
005B
005D
0038
0041
0037
003A
003E
0038
003A
0038
