(128, 1)
0031
0020
0022
002B
0022
0023
0028
0024
003D
003A
003C
003C
0040
0036
003C
0043
004B
004F
0048
0052
0054
004C
0047
0052
0005
0009
0006
0007
0008
0007
0007
0008
0000
0000
0000
0000
0000
0000
0000
0000
0051
0050
0049
0047
004A
004D
0050
0049
0053
004A
0051
0049
0052
004C
0049
0054
0073
0072
0070
006F
0070
006E
0072
006D
0036
003F
004A
004A
003D
0042
0045
003F
0000
0000
0000
0000
0000
0000
0000
0000
0005
0005
0005
0004
0006
0005
0006
0004
0072
0071
0070
0070
0071
0070
0071
0072
0026
0025
0021
0023
0024
0027
0026
002F
0010
000C
000D
000D
000C
000D
0009
000B
0020
0020
001E
001C
0021
0020
001E
001E
0041
0038
0041
003C
0039
0041
003E
003E
