(128, 1)
0005
0005
0007
0002
0005
0002
0006
0003
004D
003B
0044
003C
0046
003E
004D
0049
0001
0003
0002
0001
0007
0004
0001
0001
0078
007A
007A
0079
007B
007A
007A
007B
0008
0007
0007
0008
0008
0009
0007
0008
0051
005C
005B
004F
0053
0057
005F
004F
0078
0078
0078
0079
0079
0079
0077
0079
0025
0022
001B
0016
0027
0024
0020
000E
0078
0078
0079
0079
0078
0076
0077
007B
0074
0077
0076
0077
0077
0073
0073
0077
0003
0004
0004
0004
0006
0001
0005
0003
005B
004B
0057
0064
0054
0053
0059
0062
0054
0056
0059
005B
005D
0059
0064
0055
007D
007C
007D
007D
007C
007D
007D
007D
0009
0007
000A
000A
000B
0006
0007
000B
0003
0004
0006
0003
0006
0003
0006
0003
