(128, 1)
004D
0049
0042
0051
0050
0051
004F
0055
0041
003B
0037
0045
0042
0035
0036
003E
003D
0034
0037
0032
003B
003F
0035
003C
0005
0004
0004
0004
0003
0004
0004
0004
004A
0046
003C
0043
0047
0048
003D
0045
0029
0028
0034
0026
002B
002D
002D
002F
0022
002D
0030
0029
0025
0025
002B
0032
004D
005A
0059
0059
004E
0056
0057
004D
0045
0040
0036
003F
0042
0042
0039
003A
003C
0042
003E
004B
0042
0041
0040
0041
0042
004D
0048
003F
0045
0046
0047
0040
0013
0013
0011
0011
0011
0014
0014
0011
003F
0042
0039
003F
003F
003E
003E
003E
0019
0012
0015
0018
0016
0019
0017
0019
0019
0016
0012
0012
0017
0015
0011
0013
005A
005C
005B
005F
0057
0056
005E
0059
