(128, 1)
0005
0006
0006
0002
0004
0002
0005
0003
0048
0039
0043
003A
0042
003B
0049
0044
0001
0002
0002
0001
0005
0003
0001
0001
0078
007A
007A
0079
007B
007A
007A
007B
0008
0005
0006
0009
0008
0008
0007
0008
0052
005C
005D
0050
0053
0054
005C
004E
0078
0078
0078
0078
0079
0079
0078
0079
0029
0028
0021
001D
002C
0029
0028
0012
0079
0078
0079
0078
0078
0076
0077
007A
0075
0076
0077
0078
0077
0073
0073
0077
0003
0004
0004
0003
0005
0001
0004
0003
0059
004D
0059
0062
0056
0050
0057
005F
0050
0054
0059
0058
005C
0056
0062
0055
007D
007C
007D
007D
007C
007D
007D
007D
000A
0007
0009
000A
000B
0006
0008
000B
0003
0006
0006
0003
0006
0003
0006
0002
