(128, 1)
0002
0003
0004
0001
0002
0001
0003
0001
0028
0023
0029
001E
0024
0027
002D
0029
0001
0002
0002
0001
0003
0002
0001
0001
0074
0077
0077
0077
0078
0076
0077
0078
0005
0004
0005
0006
0005
0005
0005
0005
0037
0040
0039
003B
0038
0037
003F
0031
004F
0040
0040
0042
004B
0049
003F
003B
000D
0009
0007
0006
000D
000B
0009
0005
0045
0046
0052
004A
0044
0043
004E
0051
003F
003B
003D
0035
003C
0039
003B
003E
0002
0002
0002
0003
0004
0001
0002
0002
004E
0041
004A
0057
004A
0043
0048
0051
0028
0025
002F
002C
002E
002C
0030
002B
006F
0073
0072
006E
006F
006F
0070
006E
0008
0006
0007
000A
0008
0005
0006
000A
0002
0002
0002
0001
0002
0002
0002
0001
