(128, 1)
0001
0001
0001
0002
0001
0001
0001
0001
001C
0017
0016
0018
0016
0017
0018
0019
0012
0012
0011
0012
000F
000D
000D
000F
0015
0019
0016
001A
001E
001A
001A
001C
0000
0000
0000
0000
0000
0000
0000
0000
002A
0027
0037
0036
0034
002B
002B
002F
000F
000E
000F
000B
000D
000C
000B
000C
0001
0001
0001
0001
0001
0001
0001
0001
0001
0001
0001
0002
0001
0001
0001
0001
0000
0000
0000
0000
0000
0000
0000
0000
0003
0003
0002
0003
0004
0003
0002
0001
0005
0006
0005
0006
0005
0005
0004
0005
0034
0035
002F
0031
0035
0035
0035
002A
0010
000D
0011
000F
000C
000B
000C
0010
0040
0040
003D
003B
003F
003E
003E
0040
0039
0041
0039
003A
003F
003B
0038
0038
