(128, 1)
0003
0003
0004
0001
0002
0001
0003
0002
002A
0022
0027
001C
0026
0026
002C
0029
0001
0002
0002
0001
0004
0002
0001
0001
0074
0077
0077
0077
0078
0077
0077
0078
0005
0004
0005
0005
0005
0006
0004
0005
0038
0041
0037
003B
0039
003A
003E
0031
0050
003F
0041
0043
004C
0047
003F
003D
000D
0009
0008
0007
000D
0009
000A
0006
0043
0046
0051
004B
0046
0043
004C
0051
003E
003C
003D
0037
003B
003A
003A
003F
0002
0002
0002
0002
0004
0001
0003
0002
004C
0041
004C
0057
0049
0044
004A
0053
0029
0027
002E
0029
002F
002E
0030
002C
006F
0072
0072
006F
006F
0070
0070
006E
0009
0005
0008
000A
0009
0006
0006
000A
0001
0002
0002
0001
0003
0001
0002
0002
