(128, 1)
0005
0005
0007
0002
0005
0002
0006
0003
004C
003C
0047
003D
0045
003E
004F
0048
0001
0003
0002
0001
0006
0004
0001
0001
0078
007A
007A
007A
007B
007A
0079
007B
0008
0007
0007
000A
0008
0009
0007
0009
0052
005F
005E
0050
0053
0055
0060
004E
0078
0078
0078
0078
0079
0079
0077
0079
0025
0021
001C
0016
0026
0022
0020
000E
0079
0078
0079
0079
0078
0076
0076
007B
0075
0077
0077
0077
0077
0073
0073
0077
0003
0004
0004
0003
0006
0001
0005
0003
005C
004E
0057
0065
0056
0050
0056
0062
0055
0054
0057
005C
005D
0058
0064
0054
007D
007C
007D
007D
007C
007D
007D
007D
000A
0007
0008
000B
000B
0006
0007
000B
0004
0004
0006
0003
0007
0002
0006
0002
