(128, 1)
0005
0005
0005
0006
0004
0007
0006
0007
0035
0030
002F
0031
002C
0037
0030
002D
0017
0016
0017
0015
0013
0012
0013
0012
0069
0062
0067
0066
0065
0069
0069
0065
0007
0005
0006
0005
0006
0005
0005
0006
0028
0028
0034
0033
0031
002C
0029
002E
0011
0012
0012
000E
0010
0010
000E
000E
0002
0002
0002
0002
0002
0002
0002
0002
0007
0005
0006
0007
0007
0005
0006
0007
0046
0046
003B
003A
004A
0044
0042
003F
0046
0045
0043
0049
004C
0045
0041
0044
0009
000B
000A
000C
000A
000B
0009
000A
0045
0045
0041
0046
0045
0041
0045
0038
003C
0042
0042
003F
003F
003A
0043
0045
0058
0058
005B
005E
0058
005B
005B
005D
0037
0041
0037
0039
003D
0037
0039
0038
