(128, 1)
0007
0006
0006
0006
0004
0007
0005
0009
0011
000D
0012
000D
000F
0014
000F
000C
0000
0001
0000
0000
0000
0000
0000
0000
0018
000B
0015
0011
000D
0012
000A
0016
0001
0001
0001
0001
0001
0001
0001
0001
0008
000A
0011
000D
000D
0008
0012
000F
003F
0047
0049
0043
0044
0045
0050
0041
002A
0029
0029
0013
0018
001E
0019
0019
0051
0058
0053
0054
004C
004F
0050
004D
0007
0002
0003
0001
0003
0004
0002
0005
0027
0023
0025
0025
0028
0023
0022
0028
0069
0060
0065
006A
0062
0063
0065
0069
0049
004E
004D
0039
0041
0044
004D
003D
0004
0007
0009
000B
0006
000A
0008
000E
000B
0009
000A
000C
0009
0009
0009
000B
0042
0045
002F
0034
0046
0030
002F
0029
