(128, 1)
0007
0007
0006
0006
0004
0006
0004
0008
0010
000E
0011
000B
000F
0014
000E
000E
0000
0001
0000
0000
0000
0000
0000
0000
0017
000D
0018
0011
000D
0012
000A
0016
0001
0002
0001
0001
0001
0001
0001
0001
0008
000A
0010
000E
000D
0009
0011
0010
003E
0046
0048
0047
0045
0043
004F
0040
0022
0029
002A
0014
001A
001F
0019
0019
0050
0056
0051
0054
004F
0050
004F
004D
0007
0002
0004
0002
0003
0003
0002
0005
0027
0026
0026
0026
002A
0025
0021
0027
006A
0060
0066
0069
0064
0063
0064
006A
0049
004D
004C
0036
0042
0043
004D
003C
0005
0009
000A
000A
000B
000B
0009
0010
000B
0009
000A
000B
0009
0009
0008
000B
003F
0043
0031
0035
0040
0031
002B
0028
