(128, 1)
0007
0006
0005
0006
0004
0006
0005
0008
0010
000D
0012
000D
000F
0013
000E
000D
0000
0001
0000
0000
0000
0000
0000
0000
0018
000D
0016
0011
000D
0011
000A
0016
0001
0001
0001
0001
0001
0001
0001
0001
0008
000A
0010
000D
000E
0008
0012
000F
003D
0047
0048
0047
0043
0044
0050
0042
0025
002B
0029
0013
0019
001F
0017
0018
0050
0057
0053
0054
004E
004F
0050
004D
0007
0002
0003
0002
0003
0004
0002
0005
0028
0025
0026
0025
0029
0025
0022
0027
006A
0060
0064
006A
0063
0062
0065
006A
0049
004C
004E
003A
003F
0044
004D
003F
0005
0007
000A
000A
0008
000A
0009
000E
000B
0008
000A
000D
0009
0009
0009
000A
0040
0045
0030
0035
0041
0031
002E
0027
