(128, 1)
0016
0012
0019
0016
0011
0018
0015
001B
0048
0048
004C
0043
0055
004F
0048
0044
002B
0033
002E
002B
002C
0032
002A
0029
0024
002A
0039
002C
0023
002B
0033
0022
0056
0050
0056
005B
0060
005F
0050
0053
0014
000F
0012
0012
0011
0010
0010
0011
004E
0051
0043
004F
0053
0051
004F
004E
0038
002B
0028
0034
0036
0032
0029
0031
0013
001C
0015
0013
0013
0015
0016
0012
003E
004D
0037
0037
0035
0037
0034
0034
004F
0055
004F
0042
0055
005A
004F
004B
0056
0054
005A
0059
0055
0053
004F
0056
0014
0019
0015
0013
0017
0016
0015
0018
0062
0068
0065
0066
0062
0065
0065
006D
0029
002B
0038
003E
002D
0039
0032
0030
0054
0051
0049
004F
0044
004B
004B
0047
