(128, 1)
0007
0007
0006
0006
0004
0006
0004
0008
0010
000E
0011
000C
000F
0015
000E
000D
0000
0001
0000
0000
0000
0000
0000
0000
0017
000C
0017
0011
000D
0011
000A
0016
0001
0002
0001
0001
0001
0001
0001
0001
0008
000A
0011
000F
000D
0009
0011
0010
003E
0047
0049
0046
0044
0042
0051
0041
0025
002A
002A
0013
0018
001D
0019
0019
0050
0055
0050
0054
004E
0050
004F
004C
0007
0002
0004
0002
0003
0005
0002
0005
0027
0027
0025
0026
002A
0026
0021
0029
006A
0060
0064
0069
0063
0061
0064
006A
0049
004D
004E
0037
0042
0044
004D
003F
0006
0008
000A
0009
0009
000C
0009
0011
000B
0009
000A
000B
0008
0009
0008
000B
003E
0043
0031
0035
0043
0032
002A
0027
