(128, 1)
0002
0003
0004
0001
0002
0001
0003
0002
002A
0022
0027
001D
0025
0027
002B
002B
0001
0002
0002
0001
0004
0002
0001
0001
0074
0076
0076
0077
0078
0077
0077
0078
0005
0004
0005
0005
0005
0005
0005
0005
0038
003F
0037
003B
0039
0038
003E
0031
004F
003E
003F
0043
004A
0048
003F
003C
000C
0009
0008
0006
000D
000A
000A
0005
0044
0046
0051
004A
0046
0043
004F
0051
003D
003C
003D
0036
003C
003A
0039
003E
0002
0002
0002
0003
0004
0001
0002
0002
004D
0043
004C
0057
004A
0044
0048
0055
0028
0027
002C
002A
002F
002C
0030
002C
006E
0073
0072
006E
006F
006F
0070
006E
0008
0006
0008
0009
0009
0006
0006
000A
0001
0002
0002
0001
0003
0001
0002
0002
