(128, 1)
0002
0003
0003
0001
0002
0001
0003
0002
0027
0021
0026
001D
0027
0028
002D
002A
0001
0002
0002
0001
0004
0002
0001
0001
0074
0076
0077
0076
0078
0077
0077
0078
0005
0004
0005
0006
0005
0005
0005
0005
0038
003F
0037
003C
0038
0039
003E
0032
004F
003E
0040
0044
004B
0047
003F
003D
000D
0009
0008
0007
000D
000A
0009
0006
0044
0046
0050
004B
0045
0043
004E
0051
003E
003C
003D
0037
003B
003A
003A
003F
0002
0002
0002
0003
0004
0001
0003
0002
004C
0040
004C
0057
004A
0045
004A
0055
0029
0027
002E
002A
002E
002E
002F
002C
006F
0072
0072
006E
006F
0070
0070
006E
0008
0006
0008
0009
0009
0005
0006
0009
0001
0002
0002
0001
0003
0001
0002
0002
