(128, 1)
0033
0032
002F
0039
0022
0034
002E
003A
006C
006C
006E
0067
0068
006E
0069
0067
0001
0002
0000
0000
0000
0000
0000
0000
0020
0011
0022
0018
0014
0019
000E
0021
0047
004F
0043
0045
0049
0044
004D
004A
002B
0030
004A
003C
0039
0026
0047
0048
0075
0073
0075
0076
0073
0074
0072
0075
0025
0029
002C
0015
001B
0022
001A
001B
006E
0072
0070
006E
006F
0070
0070
006F
0008
0004
0005
0003
0004
0005
0003
0006
0077
0078
0076
0077
0077
0078
0075
0075
0073
0075
0077
0076
0074
0076
0075
0075
0056
005D
005B
0047
004B
0054
005B
0045
0007
000B
000C
000D
000B
000D
000B
0015
0065
006C
006C
006E
006C
006F
006C
006C
0057
0053
0040
0047
0054
0041
0039
0034
