(128, 1)
0002
0003
0004
0001
0002
0001
0003
0002
002B
0020
0026
001D
0025
0025
0029
002A
0001
0002
0002
0001
0004
0002
0001
0001
0074
0077
0077
0077
0078
0077
0077
0077
0005
0004
0005
0005
0005
0005
0005
0006
0038
0040
0036
003B
0037
003A
003E
0032
004E
003D
0041
0042
004B
0046
003F
003C
000C
0009
0009
0008
000D
000A
000A
0006
0042
0046
0050
004C
0045
0042
004E
004F
003C
003C
003C
0038
003A
003A
003A
003F
0002
0002
0002
0002
0004
0001
0003
0002
004C
0042
004C
0055
004A
0045
004A
0055
0028
0028
002E
002A
002E
002E
0030
002B
006E
0072
0072
006F
006F
0070
0070
006E
0009
0005
0009
0009
0009
0005
0006
0009
0001
0002
0002
0001
0003
0001
0002
0002
