(128, 1)
002F
0037
002F
0033
0032
0028
002F
002A
0014
0014
001A
0013
0017
0015
0010
0013
0026
0023
0022
002A
0027
0024
0027
0028
0021
0027
0021
0023
001A
001F
0021
001F
0014
001C
0015
0018
0011
0015
001A
001B
0011
0012
0018
0013
0015
0015
0014
000C
002B
0028
0027
0031
0026
0024
0033
0024
0011
000E
000E
000F
000E
000F
000F
0012
0035
0041
0038
0034
0040
0045
003E
0045
0010
0013
0010
0013
0017
0011
0011
0015
0013
0010
0013
000F
0013
0010
0017
0014
002B
0029
002F
0024
002E
0033
0026
0024
0037
002B
0025
002A
0029
0031
0037
002B
0006
0003
0005
0005
0006
0007
0004
0005
000F
000B
000F
000B
000C
000C
000B
000D
0032
0032
0028
0033
0033
0033
003B
0031
