(128, 1)
0035
0035
003F
0034
003A
0042
0041
003B
0051
0049
0049
0049
004B
0048
0053
0045
004D
0043
0045
0042
0040
0048
003E
0040
0058
0053
0056
0056
0064
005B
005B
0062
003B
003A
0036
0037
0038
003A
003A
0031
0042
0052
0046
004C
004F
0041
0044
0048
0048
0041
0040
003E
004D
0048
003C
004E
005E
005C
005A
0061
0062
005D
0060
0056
0034
002D
0038
0035
0031
0034
0031
0031
003A
0037
0040
0040
0037
0037
003F
0042
0048
0047
0046
0047
0042
0042
003F
003F
0023
0026
001D
0028
0025
0024
0027
0029
0031
0037
0033
0039
003A
0030
0030
0030
0067
0070
006D
0069
0067
0068
006A
0068
0060
005E
005A
005B
0064
0060
0063
0060
0018
0019
001B
0018
0021
0019
001A
0019
