(128, 1)
0007
0006
0006
0006
0004
0007
0005
0009
0011
000E
0011
000C
000F
0014
000E
000D
0000
0002
0000
0000
0000
0000
0000
0000
0017
000B
0014
0013
000E
0010
000A
0016
0001
0001
0000
0000
0001
0001
0001
0001
0008
000A
0011
000D
000E
0008
0012
000F
003F
0046
0049
0043
0043
0043
0052
0042
002B
002A
0028
0013
0018
001C
0018
0019
0051
0057
0051
0055
004B
004F
0051
004B
0006
0002
0003
0001
0003
0004
0002
0005
0029
0025
0025
0024
0028
0023
0022
0029
006A
0060
0066
006A
0062
0061
0064
006A
0048
004D
0050
0039
0042
0044
004D
003F
0004
0007
0009
000B
0006
000A
0007
000D
000B
0008
000A
000C
0009
0008
0009
000B
0042
0044
0031
0033
0047
002F
002F
0027
