(128, 1)
0007
0006
0005
0007
0004
0007
0005
0008
000F
000D
0012
000D
000F
0013
000F
000D
0000
0001
0000
0000
0000
0000
0000
0000
0018
000B
0014
0011
000D
0011
000A
0016
0001
0001
0001
0001
0001
0001
0001
0001
0008
000A
0010
000D
000D
0008
0012
000F
003E
0047
0049
0045
0042
0045
004F
0042
0027
0028
0028
0013
0019
001F
0019
0018
0052
0058
0054
0054
004E
004F
0051
004C
0007
0002
0003
0001
0003
0005
0002
0005
0027
0023
0026
0026
0029
0022
0023
0026
0069
0060
0065
006A
0062
0063
0066
0069
0047
004D
004D
003A
003F
0045
004D
003D
0004
0008
0009
000B
0007
000A
0006
000E
000B
0008
000A
000D
0009
0008
0009
000A
0041
0044
002E
0035
0043
0030
002E
0027
