(128, 1)
002D
001E
0022
002A
0020
0023
0023
0021
003C
003A
003C
003E
003F
0035
003C
0043
0049
004D
0048
0052
0051
004C
0045
004F
0005
000A
0006
0008
0008
0007
0007
0009
0000
0000
0000
0000
0000
0000
0000
0000
0052
0051
0048
0048
004B
004D
0050
0049
0054
004B
0052
0048
0051
0049
0048
0053
0073
0073
0070
006F
0070
006E
0072
006D
0036
0043
0048
004B
003C
0041
0046
0044
0000
0000
0000
0000
0000
0000
0000
0000
0006
0006
0005
0005
0006
0006
0006
0005
0071
006F
006F
006E
0072
006E
0071
0071
0026
0024
0020
0021
0022
0026
0024
002E
0010
000B
000D
000D
000C
000C
0009
000A
0023
0022
001E
001D
0021
0020
001F
001E
0043
0038
0040
003D
0039
0044
003D
003E
