(128, 1)
0005
0005
0007
0002
0005
0002
0006
0003
004D
003B
0043
003D
0046
003D
004B
004A
0001
0003
0002
0001
0006
0004
0001
0001
0078
007A
007A
0079
007B
007A
007A
007B
0008
0006
0007
0008
0008
0009
0007
0008
0050
005D
005C
004F
0053
0055
0060
0050
0078
0078
0078
0079
0079
0079
0077
0079
0024
0023
001D
0016
0026
0024
0021
000F
0078
0078
0079
0079
0078
0076
0077
007B
0075
0077
0076
0077
0078
0073
0073
0077
0003
0004
0004
0004
0006
0001
0005
0003
005C
004D
0057
0064
0056
0052
0057
0060
0056
0056
0059
005B
005D
0059
0065
0056
007D
007C
007D
007D
007C
007D
007D
007D
000A
0006
0009
000A
000B
0007
0005
000A
0004
0004
0006
0003
0005
0003
0006
0003
