(128, 1)
0017
0010
0019
0015
0013
0016
0015
001C
0045
0048
004B
0043
0053
0051
004D
0049
002C
0031
002D
002A
002D
0030
0029
002A
0024
002A
0037
0030
0024
002A
002E
0022
0057
0050
0057
005B
005D
005F
004E
0051
0015
0010
0011
0013
000E
0011
0011
0011
004B
0054
0048
0050
0056
004F
004F
0052
0039
002B
0028
002E
0037
0035
0029
0033
0013
001C
0014
0011
0015
0015
0015
0013
0040
004C
0038
0038
0036
0036
0037
0038
004E
0055
0051
0043
0055
005A
0051
0048
0052
0053
005B
0056
0056
0053
0050
0059
0013
0019
0013
0016
0015
0017
0014
0017
0064
0068
0066
0066
0064
0068
0064
006E
0029
002B
0036
003F
002A
0036
0036
002C
0055
0050
0048
0051
0043
0047
004C
0047
