(128, 1)
0015
0013
0018
0017
0012
0019
0015
001C
0047
004A
004D
0042
0054
004E
0046
0041
002A
0034
002F
002C
002C
0033
0029
0029
0024
002A
003A
002D
0024
0029
0032
0022
0056
004F
0054
005B
0062
005E
0051
0055
0013
0011
0014
0013
0012
0010
0011
0012
004F
0050
0042
004D
0051
0051
004D
004C
0036
0029
0028
0037
0037
0030
0028
0030
0013
001C
0015
0012
0012
0016
0015
0013
0040
004D
0036
0035
0035
0038
0033
0034
004F
0056
004C
0043
0052
005C
004C
004A
0056
0054
005B
005A
0052
0050
0050
0057
0016
0019
0015
0011
0017
0017
0015
0019
0062
0068
0064
0067
005E
0066
0066
006E
002D
002B
003B
003B
002C
003A
0032
0032
0052
0052
0046
004F
0044
004B
004B
0048
