(128, 1)
0016
0012
0019
0016
0011
0017
0015
001B
0048
0048
004B
0042
0054
0051
0049
0044
002C
0032
002E
002C
002D
0033
002A
0029
0025
002A
003B
002C
0024
002C
0031
0023
0057
0052
0056
005A
005F
005D
004F
0055
0014
000F
0012
0012
0010
0010
0010
0011
004E
0052
0043
004E
0053
0050
0050
004F
0039
002A
0028
0033
0036
0033
002A
0032
0012
001B
0014
0012
0014
0015
0016
0012
003E
004C
0037
0038
0035
0038
0036
0034
004F
0055
0050
0043
0054
005A
0050
004C
0055
0055
005B
0059
0055
0051
004F
0056
0013
0019
0015
0015
0017
0016
0015
0017
0061
006A
0065
0066
0062
0066
0064
006D
0029
002B
0039
003D
002D
0038
0032
0031
0055
0050
004A
004F
0045
0049
004B
0048
