(128, 1)
0007
0006
0006
0006
0004
0006
0004
0008
0011
000E
0012
000C
000F
0015
000E
000E
0000
0001
0000
0000
0000
0000
0000
0000
0016
000C
0014
0011
000D
0011
0009
0016
0001
0001
0001
0001
0001
0001
0001
0001
0008
0009
000F
000D
000C
0009
0010
000F
003F
0049
0048
0046
0044
0041
0050
0040
0026
0028
0027
0015
0018
0020
0018
0018
0050
0055
0053
0054
004C
0052
0051
004B
0007
0003
0003
0002
0003
0004
0003
0005
0028
0026
0026
0025
0029
0024
0022
0028
0069
0060
0065
0069
0062
0062
0064
006A
0046
0049
004B
0038
003E
0046
004B
003C
0005
0008
0009
000B
0008
000C
0007
000F
000B
0009
000A
000C
0009
0009
0009
000B
0042
0043
002E
0037
0042
0032
002E
0027
