(128, 1)
0003
0002
0003
0001
0003
0001
0003
0001
0023
001A
001D
001F
0021
0017
001F
001F
0000
0001
0000
0000
0003
0002
0000
0000
0004
0003
0003
0003
0003
0003
0003
0004
0003
0003
0002
0003
0003
0004
0002
0003
0019
001E
0024
0015
001C
001D
0021
001D
0029
0038
0037
0035
002E
0031
0038
003D
0018
0019
0015
0011
0019
0019
0018
0009
0035
0032
0027
002E
0032
0033
0029
002B
0036
003C
003A
0041
003B
003A
0038
0039
0001
0002
0002
0001
0002
0000
0002
0001
000E
000C
000B
000D
000C
000D
000D
000D
002C
002F
002C
0030
002E
002D
0034
002A
000E
000A
000B
000F
000D
000E
000D
000F
0002
0001
0001
0001
0001
0001
0000
0001
0002
0002
0004
0002
0003
0001
0004
0001
