(128, 1)
0002
0003
0003
0001
0002
0001
0003
0002
002A
0022
0027
001C
0025
0027
002D
002A
0001
0002
0002
0001
0004
0002
0001
0001
0074
0076
0077
0077
0078
0077
0077
0078
0005
0004
0005
0006
0005
0005
0005
0005
0038
003F
0038
003B
0036
0039
003E
0031
004E
003E
0040
0042
004B
0048
003E
003B
000E
0009
0008
0006
000D
000A
0009
0005
0044
0046
0050
004B
0045
0043
004D
0052
003E
003B
003D
0037
003A
003B
0038
003F
0002
0002
0002
0002
0004
0001
0003
0002
004D
0042
004E
0056
0048
0044
0048
0055
0028
0027
002D
002A
002E
002B
0030
002B
006E
0073
0072
006F
006F
0070
0070
006E
0008
0006
0008
0009
0009
0005
0005
0009
0001
0002
0002
0001
0003
0002
0002
0002
