(128, 1)
0005
0005
0006
0002
0005
0002
0006
0003
004A
003B
0043
003C
0047
003E
004B
004A
0001
0003
0002
0001
0006
0004
0001
0001
0078
007A
007A
007A
007B
007A
007A
007B
0008
0006
0007
0008
0008
0009
0007
0008
0051
005E
005C
004F
0053
0056
005E
004F
0078
0078
0078
0079
0079
0079
0076
0079
0025
0023
001C
0016
0026
0024
0021
000F
0078
0078
0079
0079
0078
0076
0076
007B
0074
0077
0077
0077
0077
0073
0073
0077
0003
0004
0004
0004
0005
0001
0005
0003
005B
004B
0059
0062
0056
0052
0059
0062
0054
0056
005B
005B
005E
0059
0064
0055
007D
007C
007D
007D
007C
007D
007D
007D
000B
0006
0009
000A
000B
0006
0007
000C
0003
0004
0006
0003
0006
0003
0006
0003
