(128, 1)
0005
0005
0005
0006
0004
0007
0006
0007
0034
0031
002F
0031
002C
0036
002F
002D
0016
0016
0016
0015
0012
0011
0012
0012
0069
0062
0067
0066
0064
0069
0069
0066
0007
0005
0006
0005
0006
0005
0005
0006
0029
0028
0032
0033
0030
002C
002A
002F
0011
0013
0012
000E
0010
0011
000E
000E
0002
0002
0002
0002
0002
0002
0002
0002
0007
0005
0006
0008
0007
0005
0006
0007
0046
0046
003B
0039
004A
0043
0042
003F
0046
0047
0042
004A
004C
0047
0041
0045
0009
000B
000A
000C
000A
000B
0009
000A
0044
0045
0041
0045
0045
0043
0045
0037
003C
0043
0042
003F
003F
003A
0043
0046
0059
0059
005B
005F
0059
005B
005B
005C
0037
0041
0036
0039
003F
0038
003A
0039
