(128, 1)
0035
0031
0030
003B
0024
0033
0032
003F
006B
006C
006F
0068
0069
006C
0069
0067
0000
0002
0000
0001
0000
0002
0000
0000
001E
0012
0022
0019
0013
0018
0010
0020
0044
004B
0041
0043
004A
0040
004A
0048
0024
0026
003F
0032
002D
001E
0034
003A
0077
0074
0075
0076
0073
0075
0073
0076
0024
002C
0029
0014
001A
0020
001B
0019
0069
006E
0069
0066
0066
006B
0068
0067
000A
0004
0005
0005
0004
0006
0004
0007
0076
0076
0077
0077
0076
0078
0074
0075
0075
0075
0077
0076
0074
0076
0075
0075
004B
0054
0051
003C
0044
004B
0052
0041
0009
000C
0011
0010
000E
0012
000F
0019
0061
006A
006C
006D
0068
006A
0069
006A
0053
0055
0040
0043
0052
003E
0037
0033
