(128, 1)
0002
0003
0004
0001
0002
0001
0003
0002
0029
0021
0026
001D
0026
0026
002B
002A
0001
0002
0002
0001
0004
0002
0001
0001
0074
0077
0077
0076
0078
0077
0077
0077
0005
0004
0005
0005
0005
0005
0005
0005
0037
003F
0036
003B
0037
0037
003F
0032
004E
003E
0041
0043
004A
0048
003F
003C
000C
0009
0009
0007
000D
000A
000A
0006
0043
0045
0051
004B
0045
0043
004D
0050
003E
003C
003D
0037
003C
0039
0039
0040
0002
0002
0002
0003
0004
0001
0003
0002
004D
0041
004C
0056
004A
0045
004A
0053
0029
0027
002D
002B
002E
002E
0031
002C
006F
0073
0072
006F
006F
0070
0070
006E
0008
0005
0008
0009
0009
0006
0005
0009
0002
0002
0002
0001
0002
0002
0002
0002
