(128, 1)
0003
0002
0003
0001
0003
0001
0003
0001
0024
001A
001D
001F
0021
0016
0020
001F
0000
0001
0000
0000
0003
0002
0000
0000
0004
0003
0003
0003
0003
0004
0003
0003
0003
0003
0002
0003
0003
0004
0002
0003
001A
001E
0025
0014
001C
001E
0021
001C
0029
0038
0038
0036
002E
0030
0038
003E
0017
0019
0014
0011
0019
0018
0017
0009
0034
0032
0027
002F
0034
0033
0029
0029
0036
003C
0039
0042
003B
003A
0038
0039
0001
0002
0002
0001
0002
0000
0002
0001
000F
000C
000C
000E
000C
000D
000E
000D
002C
002E
002C
002F
002E
002C
0034
002C
000E
0009
000B
000F
000D
000E
000D
000F
0002
0001
0001
0001
0002
0001
0001
0001
0002
0002
0004
0002
0003
0001
0004
0001
