(128, 1)
0005
0005
0005
0006
0004
0007
0006
0007
0034
0031
0031
0031
002C
0036
002F
002D
0016
0016
0016
0015
0012
0011
0012
0012
006A
0061
0067
0066
0064
0068
0069
0067
0007
0005
0006
0005
0006
0005
0005
0006
0028
0028
0032
0033
0031
002D
0029
002F
0010
0013
0012
000E
0010
0011
000F
000E
0002
0002
0002
0002
0002
0002
0002
0002
0007
0005
0006
0008
0007
0005
0006
0007
0047
0046
003B
003A
004A
0045
0042
003F
0045
0047
0042
004A
004C
0047
0041
0043
0009
000B
000B
000C
0009
000B
0009
000A
0044
0045
0041
0046
0045
0042
0046
0037
003C
0043
0043
003F
003F
003A
0043
0046
0058
0059
005B
005E
0059
005B
005B
005C
0037
0041
0036
0039
003F
0038
0039
0039
