(128, 1)
0005
0005
0007
0002
0005
0002
0006
0003
004D
003A
0044
003C
0046
003F
004A
004A
0001
0003
0002
0001
0006
0004
0001
0001
0078
007A
007A
007A
007B
007A
007A
007B
0008
0006
0007
0008
0008
0009
0007
0008
0051
005C
005C
004F
0053
0057
005F
004F
0078
0078
0078
0078
0079
0079
0076
0079
0025
0023
001C
0016
0026
0023
0020
000F
0078
0078
0079
0079
0078
0076
0077
007B
0075
0077
0076
0077
0077
0073
0073
0077
0003
0004
0004
0004
0006
0001
0005
0003
005B
004D
0059
0062
0057
0051
0057
0060
0054
0056
005A
005B
005E
0059
0064
0056
007D
007C
007D
007D
007C
007D
007D
007D
0009
0006
000A
000A
000B
0006
0007
000A
0003
0004
0006
0003
0006
0002
0006
0003
