(128, 1)
0638
0638
0638
0638
0638
0638
0638
0638
06E2
06E2
06E2
06E2
06E2
06E2
06E2
06E2
0515
0505
0505
0515
0515
0515
0515
0505
0601
0614
0601
0614
0614
0614
0614
0601
06CE
06CE
06CE
06CE
06CE
06CE
06CE
06CE
0505
0515
0505
0505
0505
0505
0515
0515
08D4
08D4
08D4
08D4
08D4
08D4
08D4
08D4
0781
0781
0781
0781
0781
0781
0781
0781
0577
0577
0577
0577
0577
0566
0577
0566
0D99
0D99
0D82
0D82
0D99
0D99
0D99
0D99
0525
0535
0525
0525
0525
0525
0525
0525
0599
0599
05AA
0599
0599
0599
0599
0599
06E2
06E2
06F5
06F5
06F5
06F5
06F5
06F5
0601
05F0
0601
0601
0601
0601
0601
0601
0556
0556
0556
0556
0556
0556
0566
0556
0599
0599
05AA
0599
0599
0599
0599
0599
